timestamp,trade_id,timestamp,pnl,fee_paid,balance,equity,qty,price,psize,pprice,type,pcost,wallet_exposure,mins_since_prev_fill
1672619880000.0,1476,1672619880000.0,0.0,-0.010000272,999.989999728,999.883839728,265.4,0.1884,265.4,0.1884,long_ientry_normal,50.00136,0.05000186003220083,
1672643640000.0,1872,1672643640000.0,0.06821999999999985,-0.0014417160000000002,1000.056778012,1000.534528012,-37.9,0.1902,227.5,0.1884,long_nclose,42.861000000000004,0.042858566575792664,396.0
1672643760000.0,1874,1672643760000.0,0.1364399999999997,-0.00145536,1000.191762652,1000.684722652,-37.9,0.192,189.6,0.1884,long_nclose,35.72064,0.03571379142864267,2.0
1672645140000.0,1897,1672645140000.0,0.04859999999999989,-0.00102708,1000.239335572,1000.662095572,-27.0,0.1902,162.6,0.1884,long_nclose,30.63384,0.030626509986713967,23.0
1672646400000.0,1918,1672646400000.0,0.04175999999999991,-0.0008825279999999999,1000.2802130439999,1000.5729530439999,-23.2,0.1902,139.4,0.1884,long_nclose,26.262960000000003,0.026255602837606827,21.0
1672647960000.0,1944,1672647960000.0,0.08351999999999982,-0.0008908799999999999,1000.3628421639999,1000.7811621639999,-23.2,0.192,116.2,0.1884,long_nclose,21.892080000000004,0.02188413951146239,26.0
1672648440000.0,1952,1672648440000.0,0.06947999999999985,-0.0007411200000000001,1000.4315810439998,1000.8288710439998,-19.3,0.192,96.9,0.1884,long_nclose,18.25596,0.018248084472652297,8.0
1672650480000.0,1986,1672650480000.0,0.05795999999999988,-0.00061824,1000.4889228039998,1000.7798028039998,-16.1,0.192,80.8,0.1884,long_nclose,15.22272,0.015215280902197653,34.0
1672652220000.0,2015,1672652220000.0,0.048239999999999894,-0.0005145600000000001,1000.5366482439997,1000.8466882439997,-13.4,0.192,67.4,0.1884,long_nclose,12.698160000000001,0.01269134920973261,29.0
1672653720000.0,2040,1672653720000.0,0.04031999999999991,-0.00043008,1000.5765381639997,1000.8350581639996,-11.2,0.192,56.2,0.1884,long_nclose,10.588080000000001,0.010581979085206734,25.0
1672675980000.0,2411,1672675980000.0,0.033479999999999926,-0.00035712000000000005,1000.6096610439997,1000.8019510439997,-9.3,0.192,46.9,0.1884,long_nclose,8.83596,0.008830576341608457,371.0
1672682520000.0,2520,1672682520000.0,0.02807999999999994,-0.00029952,1000.6374415239998,1000.7977515239998,-7.8,0.192,39.1,0.1884,long_nclose,7.366440000000001,0.007361747316571224,109.0
1672684860000.0,2559,1672684860000.0,0.02339999999999995,-0.0002496,1000.6605919239998,1000.7779519239998,-6.5,0.192,32.6,0.1884,long_nclose,6.141840000000001,0.00613778542851468,39.0
1672685280000.0,2566,1672685280000.0,0.019439999999999957,-0.00020736000000000005,1000.6798245639999,1000.7913445639999,-5.4,0.192,27.2,0.1884,long_nclose,5.12448,0.005120998619346359,7.0
1672687860000.0,2609,1672687860000.0,0.016199999999999964,-0.0001728,1000.6958517639999,1000.788921764,-4.5,0.192,22.7,0.1884,long_nclose,4.27668,0.004273706134047805,43.0
1672688220000.0,2615,1672688220000.0,0.01331999999999997,-0.00014208000000000002,1000.7090296839999,1000.7869296839999,-3.7,0.192,19.0,0.1884,long_nclose,3.5796,0.003577063755615708,6.0
1672699740000.0,2807,1672699740000.0,0.0,-0.009280090000000001,1000.699749594,1000.758649594,242.3,0.1915,261.3,0.19127458859548413,long_ientry_partial,49.980050000000006,0.049945100935897824,192.0
1672722780000.0,3191,1672722780000.0,0.06808784538844173,-0.001440526,1000.7663969133883,1001.1528890679999,-37.3,0.1931,224.0,0.19127458859548413,long_nclose,42.84550784538845,0.04281269632706955,384.0
1672723320000.0,3200,1672723320000.0,0.058413164944507656,-0.00123584,1000.8235742383328,1001.1548532279998,-32.0,0.1931,192.0,0.19127458859548413,long_nclose,36.724721010332956,0.03669450036514373,9.0
1672724880000.0,3226,1672724880000.0,0.05001627248373468,-0.001058188,1000.8725323228165,1001.2388350399998,-27.4,0.1931,164.6,0.19127458859548413,long_nclose,31.48379728281669,0.0314563506001602,26.0
1672725000000.0,3228,1672725000000.0,0.04289716800612281,-0.00090757,1000.9145219208226,1001.2285274699998,-23.5,0.1931,141.1,0.19127458859548413,long_nclose,26.98884445082281,0.026964185112460348,2.0
1672725480000.0,3236,1672725480000.0,0.036690769230768874,-0.000776262,1000.9504364280533,1001.2197112079997,-20.1,0.1931,121.0,0.19127458859548413,long_nclose,23.14422522005358,0.023122248992312768,8.0
1672730460000.0,3319,1672730460000.0,0.031397076157672864,-0.0006642639999999999,1000.981169240211,1001.2121669439997,-17.2,0.1931,103.8,0.19127458859548413,long_nclose,19.85430229621125,0.019834840960376455,83.0
1672735440000.0,3402,1672735440000.0,0.0,-0.00602496,1000.975144280211,1000.9200919839998,156.9,0.192,260.7,0.1917111710633343,long_ientry_partial,49.97910229621125,0.0499304129396246,83.0
1672739580000.0,3471,1672739580000.0,0.07026443644396399,-0.001440384,1001.0439683326549,1001.4437715999996,-37.2,0.1936,223.5,0.1917111710633343,long_nclose,42.847446732655214,0.042802762004572274,69.0
1672741740000.0,3507,1672741740000.0,0.06025364307963578,-0.0012351679999999998,1001.1029868077345,1001.5415264319996,-31.9,0.1936,191.6,0.1917111710633343,long_nclose,36.73186037573485,0.03669139025632468,36.0
1672747080000.0,3596,1672747080000.0,0.0,-0.0026446720000000003,1001.1003421357345,1001.1419217599997,68.8,0.1922,260.4,0.19184032402355933,long_ientry_partial,49.95522037573485,0.04990031295879994,89.0
1672753860000.0,3709,1672753860000.0,0.06917994632359342,-0.0014411280000000003,1001.1680809540582,1001.6501206319997,-37.2,0.1937,223.2,0.19184032402355933,long_nclose,42.81876032205844,0.04276880289796546,113.0
1672755000000.0,3728,1672755000000.0,0.05913769605081373,-0.0012319320000000003,1001.225986718109,1001.6393486999997,-31.8,0.1937,191.4,0.19184032402355933,long_nclose,36.718238018109254,0.03667327706751495,19.0
1672755180000.0,3731,1672755180000.0,0.050769154156830656,-0.0010576020000000002,1001.2756982702658,1001.6301010979997,-27.3,0.1937,164.1,0.19184032402355933,long_nclose,31.480997172266086,0.031440888085719515,3.0
1672757880000.0,3776,1672757880000.0,0.0,-0.0037056160000000006,1001.2719926542658,1001.1486654819997,96.4,0.1922,260.5,0.1919734248455512,long_ientry_partial,50.00907717226608,0.04994554680361859,45.0
1672786920000.0,4260,1672786920000.0,0.0679485957454958,-0.001441872,1001.3384993780113,1001.7910336099998,-37.2,0.1938,223.3,0.1919734248455512,long_nclose,42.867665768011584,0.042810364122261496,484.0
1672789500000.0,4303,1672789500000.0,0.058267747426917094,-0.0012364440000000002,1001.3955306814382,1001.7834171659997,-31.9,0.1938,191.4,0.1919734248455512,long_nclose,36.7437135154385,0.036692507994752904,43.0
1672794180000.0,4381,1672794180000.0,0.049865501716452564,-0.001058148,1001.4443380351547,1001.7768990179998,-27.3,0.1938,164.1,0.1919734248455512,long_nclose,31.502839017154947,0.031457403892226184,78.0
1672795140000.0,4397,1672795140000.0,0.10173550171645292,-0.0010685220000000001,1001.5450050148712,1002.0958404959998,-27.3,0.1957,136.8,0.1919734248455512,long_nclose,26.261964518871405,0.02622145224365775,16.0
1672795920000.0,4410,1672795920000.0,0.0849659135214332,-0.0008923920000000001,1001.6290785363926,1002.0881081039998,-22.8,0.1957,114.0,0.1919734248455512,long_nclose,21.884970432392837,0.021849376082782805,13.0
1672796640000.0,4422,1672796640000.0,0.07080492793452767,-0.00074366,1001.6991398043272,1002.0816644439998,-19.0,0.1957,95.0,0.1919734248455512,long_nclose,18.237475360327362,0.018206539903677953,12.0
1672798620000.0,4455,1672798620000.0,0.058879887440291434,-0.0006184120000000001,1001.7574012797675,1002.0763060319998,-15.8,0.1957,79.2,0.1919734248455512,long_nclose,15.204295247767655,0.015177622075308681,33.0
1672799220000.0,4465,1672799220000.0,0.04919079203872448,-0.000516648,1001.8060754238062,1002.0718293839998,-13.2,0.1957,66.0,0.1919734248455512,long_nclose,12.67024603980638,0.012647403874493705,10.0
1672800060000.0,4479,1672800060000.0,0.04099232669893707,-0.0004305400000000001,1001.8466372105052,1002.0680988439998,-11.0,0.1957,55.0,0.1919734248455512,long_nclose,10.558538366505315,0.01053907651564716,14.0
1672800780000.0,4491,1672800780000.0,0.0339118339054843,-0.000356174,1001.8801928704106,1002.0650126699998,-9.1,0.1957,45.9,0.1919734248455512,long_nclose,8.8115802004108,0.00879504382172225,12.0
1672801560000.0,4504,1672801560000.0,0.050291833905484265,-0.00035945000000000004,1001.9301252543161,1002.1519032199998,-9.1,0.1975,36.8,0.1919734248455512,long_nclose,7.064622034316283,0.007051012696641991,13.0
1672801920000.0,4510,1672801920000.0,0.04034399862747639,-0.00028835000000000004,1001.9701809029435,1002.1479648699998,-7.3,0.1975,29.5,0.1919734248455512,long_nclose,5.66321603294376,0.00565208041205403,6.0
1672802160000.0,4514,1672802160000.0,0.032606793411248045,-0.00023305000000000003,1002.0025546463547,1002.1447818199997,-5.9,0.1975,23.6,0.1919734248455512,long_nclose,4.530572826355009,0.004521518238996928,4.0
1672804380000.0,4551,1672804380000.0,0.02597490322590946,-0.00018565000000000004,1002.0283438995806,1002.1422461699997,-4.7,0.1975,18.9,0.1919734248455512,long_nclose,3.6282977295809173,0.0036209531912647485,37.0
1672806660000.0,4589,1672806660000.0,0.020448328071460638,-0.00014615000000000003,1002.048646077652,1002.1402500199997,-3.7,0.1975,15.2,0.1919734248455512,long_nclose,2.917996057652378,0.0029120303381221803,38.0
1672807680000.0,4606,1672807680000.0,0.016579725463346462,-0.00011850000000000001,1002.0651073031154,1002.1386315199996,-3.0,0.1975,12.2,0.1919734248455512,long_nclose,2.342075783115724,0.0023372491129034674,17.0
1672808460000.0,4619,1672808460000.0,0.013263780370677169,-9.48e-05,1002.078276283486,1002.1373367199997,-2.4,0.1975,9.8,0.1919734248455512,long_nclose,1.8813395634864019,0.001877437729180125,13.0
1672808820000.0,4625,1672808820000.0,0.010500492793452759,-7.505e-05,1002.0887017262795,1002.1363116699996,-1.9,0.1975,7.9,0.1919734248455512,long_nclose,1.5165900562798544,0.0015134289546097596,6.0
1672811100000.0,4663,1672811100000.0,0.008289862731673231,-5.9250000000000004e-05,1002.0969323390111,1002.1355024199996,-1.5,0.1975,6.4,0.1919734248455512,long_nclose,1.2286299190115277,0.0012260589563364516,38.0
1672811700000.0,4673,1672811700000.0,0.006631890185338584,-4.74e-05,1002.1035168291965,1002.1374550199996,-1.2,0.1975,5.2,0.1919734248455512,long_nclose,0.9982618091968662,0.0009961663565012865,10.0
1672816320000.0,4750,1672816320000.0,0.005526575154448821,-3.9500000000000005e-05,1002.109003904351,1002.1343155199996,-1.0,0.1975,4.2,0.1919734248455512,long_nclose,0.806288384351315,0.0008045914977411713,77.0
1672816800000.0,4758,1672816800000.0,0.004421260123559057,-3.160000000000001e-05,1002.1133935644744,1002.1338839199996,-0.8,0.1975,3.4,0.1919734248455512,long_nclose,0.652709644474874,0.0006513331212480993,8.0
1672818060000.0,4779,1672818060000.0,0.003315945092669292,-2.37e-05,1002.1166858095671,1002.1335602199996,-0.6,0.1975,2.8,0.1919734248455512,long_nclose,0.5375255895675433,0.0005363902200004777,21.0
1672834560000.0,5054,1672834560000.0,0.0027632875772244103,-1.9750000000000002e-05,1002.1194293471443,1002.1332904699996,-0.5,0.1975,2.3,0.1919734248455512,long_nclose,0.4415388771447677,0.0004406050458800297,275.0
1672834920000.0,5060,1672834920000.0,0.0022106300617795284,-1.5800000000000005e-05,1002.1216241772061,1002.1330746699995,-0.4,0.1975,1.9,0.1919734248455512,long_nclose,0.36474950720654725,0.00036397728420043383,6.0
1672836480000.0,5086,1672836480000.0,0.001657972546334646,-1.185e-05,1002.1232702997524,1002.1329128199995,-0.3,0.1975,1.6,0.1919734248455512,long_nclose,0.30715747975288193,0.0003065066832157343,26.0
1672839600000.0,5138,1672839600000.0,0.001657972546334646,-1.185e-05,1002.1249164222988,1002.1327509699996,-0.3,0.1975,1.3,0.1919734248455512,long_nclose,0.24956545229921656,0.0002490362710371417,52.0
1672840800000.0,5158,1672840800000.0,0.0011053150308897642,-7.900000000000002e-06,1002.1260138373298,1002.1326430699996,-0.2,0.1975,1.1,0.1919734248455512,long_nclose,0.2111707673301063,0.00021072276780990202,20.0
1672841280000.0,5166,1672841280000.0,0.0011053150308897642,-7.900000000000002e-06,1002.1271112523607,1002.1325351699996,-0.2,0.1975,0.9,0.1919734248455512,long_nclose,0.17277608236099606,0.00017240934849579848,8.0
1672843020000.0,5195,1672843020000.0,0.0005526575154448821,-3.950000000000001e-06,1002.1276599598762,1002.1324812199997,-0.1,0.1975,0.8,0.1919734248455512,long_nclose,0.15357873987644097,0.0001532526703060866,29.0
1672844640000.0,5222,1672844640000.0,0.0,-0.009991670000000001,1002.1176682898762,1001.9168895499997,254.5,0.1963,255.3,0.19628644238102796,long_ientry_partial,50.11192873987644,0.05000603255044185,27.0
1672849080000.0,5296,1672849080000.0,0.06965349733058163,-0.001442896,1002.1858788912068,1002.6704266539998,-36.4,0.1982,218.9,0.19628644238102796,long_nclose,42.96710223720702,0.042873386207301925,74.0
1672853100000.0,5363,1672853100000.0,0.05970299771192711,-0.0012367679999999999,1002.2443451209188,1002.6598298859998,-31.2,0.1982,187.7,0.19628644238102796,long_nclose,36.84296523491895,0.03676046207122667,67.0
1672855380000.0,5401,1672855380000.0,0.05128334418845021,-0.001062352,1002.2945661131073,1002.6507275339999,-26.8,0.1982,160.9,0.19628644238102796,long_nclose,31.5824885791074,0.03151018637323767,38.0
1672858980000.0,5461,1672858980000.0,0.0,-0.003688032000000001,1002.2908780811073,1002.4244295019998,93.7,0.1968,254.6,0.19647544610804166,long_ientry_partial,50.022648579107404,0.04990831471486212,60.0
1672876500000.0,5753,1672876500000.0,0.06986130627808759,-0.0014403839999999998,1002.3592990033853,1002.8012591179998,-36.3,0.1984,218.3,0.19647544610804166,long_nclose,42.890589885385495,0.042789636339015634,292.0
1672876800000.0,5758,1672876800000.0,0.059853626039904254,-0.001234048,1002.4179185814252,1002.7969150699997,-31.1,0.1984,187.2,0.19647544610804166,long_nclose,36.7802035114254,0.03669148648447448,5.0
1672877820000.0,5775,1672877820000.0,0.11932608142910048,-0.0012498720000000002,1002.5359947908543,1003.1638251979998,-31.2,0.2003,156.0,0.19647544610804166,long_nclose,30.6501695928545,0.03057263754330201,17.0
1672880520000.0,5820,1672880520000.0,0.04272509640147506,-0.0008808959999999999,1002.5778389912557,1002.8487243019997,-22.2,0.1984,133.8,0.19647544610804166,long_nclose,26.288414689255976,0.026220821632868006,45.0
1672881900000.0,5843,1672881900000.0,0.03675897933640422,-0.0007578880000000001,1002.6138400825921,1002.7887064139998,-19.1,0.1984,114.7,0.19647544610804166,long_nclose,22.53573366859238,0.02247698243097857,23.0
1672882260000.0,5849,1672882260000.0,0.03137022843892088,-0.000646784,1002.6445635270311,1002.8929796299998,-16.3,0.1984,98.4,0.19647544610804166,long_nclose,19.3331838970313,0.019282190918207757,6.0
1672884660000.0,5889,1672884660000.0,0.026943754487416705,-0.00055552,1002.6709517615185,1002.8418241099998,-14.0,0.1984,84.4,0.19647544610804166,long_nclose,16.582527651518717,0.016538354504422512,40.0
1672885680000.0,5906,1672885680000.0,0.023094646703500032,-0.00047616,1002.693570248222,1002.8763479499999,-12.0,0.1984,72.4,0.19647544610804166,long_nclose,14.224822298222216,0.014186609668496017,17.0
1672892160000.0,6014,1672892160000.0,0.045894646703500186,-0.00048072,1002.7389841749255,1002.9820672299998,-12.0,0.2003,60.4,0.19647544610804166,long_nclose,11.867116944925716,0.01183470188375116,108.0
1672894440000.0,6052,1672894440000.0,0.03824553891958349,-0.00040060000000000003,1002.776829113845,1002.9796666299997,-10.0,0.2003,50.4,0.19647544610804166,long_nclose,9.9023624838453,0.009874941458904699,38.0
1672894980000.0,6061,1672894980000.0,0.03212625269245013,-0.000336504,1002.8086188625375,1002.9776501259997,-8.4,0.2003,42.0,0.19647544610804166,long_nclose,8.25196873653775,0.008228857013512475,9.0
1672897380000.0,6101,1672897380000.0,0.026771877243708442,-0.00028042000000000003,1002.8351103197813,1002.9759697059998,-7.0,0.2003,35.0,0.19647544610804166,long_nclose,6.876640613781458,0.006857199696158079,40.0
1672898100000.0,6113,1672898100000.0,0.022182412573358422,-0.000232348,1002.8570603843546,1002.9745773579997,-5.8,0.2003,29.2,0.19647544610804166,long_nclose,5.737083026354816,0.005720738530928849,12.0
1672903440000.0,6202,1672903440000.0,0.0,-0.008871432,1002.8481889523546,1002.8479459259997,223.8,0.1982,253.0,0.19800096057847752,long_ientry_partial,50.09424302635481,0.04995197037618103,89.0
1672916040000.0,6412,1672916040000.0,0.06855532311696134,-0.001443278,1002.9153009974715,1003.3488926479997,-36.1,0.1999,216.9,0.19800096057847752,long_nclose,42.946408349471774,0.042821570582040655,210.0
1672922220000.0,6515,1672922220000.0,0.05868031812504447,-0.001235382,1002.9727459335966,1003.3445672659998,-30.9,0.1999,186.0,0.19800096057847752,long_nclose,36.828178667596816,0.03671902234324031,103.0
1672925880000.0,6576,1672925880000.0,0.0,-0.0026650800000000002,1002.9700808535965,1002.8432521859997,67.3,0.198,253.3,0.19800070535964,long_ientry_partial,50.15357866759682,0.05000505959750332,61.0
1672958640000.0,7122,1672958640000.0,0.06856453651699539,-0.001443278,1003.0372021121135,1003.3628489079997,-36.1,0.1999,217.2,0.19800070535964,long_nclose,43.00575320411381,0.04287553154913479,546.0
1672965000000.0,7228,1672965000000.0,0.058878133851159475,-0.00123938,1003.0948408659647,1003.4671095279997,-31.0,0.1999,186.2,0.19800070535964,long_nclose,36.86773133796497,0.036753983607509456,106.0
1672971480000.0,7336,1672971480000.0,0.050521237433575554,-0.001063468,1003.1442986353983,1003.3835860599997,-26.6,0.1999,159.6,0.19800070535964,long_nclose,31.600912575398546,0.03150186131585061,108.0
1672971960000.0,7344,1672971960000.0,0.04330391780020761,-0.000911544,1003.1866910091985,1003.4601945159998,-22.8,0.1999,136.8,0.19800070535964,long_nclose,27.086496493198755,0.02700045438795638,8.0
1672975920000.0,7410,1672975920000.0,0.03703624548701967,-0.00077961,1003.2229476446855,1003.4574649059997,-19.5,0.1999,117.3,0.19800070535964,long_nclose,23.225482738685773,0.023150868700933677,66.0
1672979400000.0,7468,1672979400000.0,0.0,-0.005374116,1003.2175735286855,1003.1363107899998,135.3,0.1986,252.6,0.1983217052204504,long_ientry_partial,50.09606273868577,0.04993539194342407,58.0
1673012760000.0,8024,1673012760000.0,0.07121861206378599,-0.00144216,1003.2873499807494,1003.6508686299998,-36.0,0.2003,216.6,0.1983217052204504,long_nclose,42.956481350749556,0.04281573105808001,556.0
1673013900000.0,8043,1673013900000.0,0.06112930868808297,-0.001237854,1003.3472414354375,1003.6589007759999,-30.9,0.2003,185.7,0.1983217052204504,long_nclose,36.828340659437636,0.03670547856069173,19.0
1673015640000.0,8072,1673015640000.0,0.05242481165806469,-0.00106159,1003.3986046570956,1003.7453891859999,-26.5,0.2003,159.2,0.1983217052204504,long_nclose,31.5728154710957,0.03146587540042024,29.0
1673017320000.0,8100,1673017320000.0,0.044907291495776165,-0.000909362,1003.4426025865913,1003.7399398239999,-22.7,0.2003,136.5,0.1983217052204504,long_nclose,27.07091276259148,0.026978038098851215,28.0
1673018640000.0,8122,1673018640000.0,0.08803729149577583,-0.0009179879999999999,1003.5297218900871,1003.9483118359999,-22.7,0.2022,113.8,0.1983217052204504,long_nclose,22.569010054087254,0.022489627922110667,22.0
1673018700000.0,8123,1673018700000.0,0.07329977133348736,-0.0007643159999999999,1003.6022573454206,1003.9987775199999,-18.9,0.2022,94.9,0.1983217052204504,long_nclose,18.820729825420745,0.018753176059211483,1.0
1673018880000.0,8126,1673018880000.0,0.061277057516883615,-0.000638952,1003.6628954509375,1003.9933985679999,-15.8,0.2022,79.1,0.1983217052204504,long_nclose,15.687246882937625,0.015629995842268807,3.0
1673019360000.0,8134,1673019360000.0,0.09129705751688381,-0.0006449560000000001,1003.7535475524544,1004.1129836119999,-15.8,0.2041,63.3,0.1983217052204504,long_nclose,12.553763940454509,0.012506819000605796,8.0
1673019420000.0,8135,1673019420000.0,0.07280651422232506,-0.000514332,1003.8258397346767,1004.1137292799999,-12.6,0.2041,50.7,0.1983217052204504,long_nclose,10.054910454676836,0.010016588592035518,1.0
1673019480000.0,8136,1673019480000.0,0.05836077727345105,-0.00041228200000000003,1003.8837882299503,1004.1346269979999,-10.1,0.2041,40.6,0.1983217052204504,long_nclose,8.051861231950287,0.008020710490949698,1.0
1673019600000.0,8138,1673019600000.0,0.04680418771435183,-0.00033064199999999997,1003.9302617756646,1004.1310563559999,-8.1,0.2041,32.5,0.1983217052204504,long_nclose,6.445455419664638,0.00642022226550326,2.0
1673019960000.0,8144,1673019960000.0,0.06219418771435171,-0.00033371999999999997,1003.992122243379,1004.191672636,-8.1,0.206,24.4,0.1983217052204504,long_nclose,4.839049607378989,0.0048198083432829456,6.0
1673020260000.0,8149,1673020260000.0,0.07758418771435181,-0.00033679799999999997,1004.0693696330933,1004.2189758379999,-8.1,0.2079,16.3,0.1983217052204504,long_nclose,3.2326437950933418,0.003219542287476226,5.0
1673020320000.0,8150,1673020320000.0,0.051722791809567875,-0.000224532,1004.1208678929029,1004.220911306,-5.4,0.2079,10.9,0.1983217052204504,long_nclose,2.1617065869029095,0.0021528350381156223,1.0
1673020380000.0,8151,1673020380000.0,0.03448186120637858,-0.000149688,1004.1552000661093,1004.225851618,-3.6,0.2079,7.3,0.1983217052204504,long_nclose,1.447748448109288,0.001441757656599273,1.0
1673020500000.0,8153,1673020500000.0,0.022987907470919056,-9.9792e-05,1004.1780881815802,1004.225511826,-2.4,0.2079,4.9,0.1983217052204504,long_nclose,0.971776355580207,0.0009677330814297612,2.0
1673021160000.0,8164,1673021160000.0,0.009213953735459511,-4.9439999999999994e-05,1004.1872526953156,1004.215662386,-1.2,0.206,3.7,0.1983217052204504,long_nclose,0.7337903093156665,0.0007307305558262336,11.0
1673022060000.0,8179,1673022060000.0,0.006910465301594635,-3.708e-05,1004.1941260806173,1004.217025306,-0.9,0.206,2.8,0.1983217052204504,long_nclose,0.555300774617261,0.0005529815004839823,15.0
1673023680000.0,8206,1673023680000.0,0.0028891473897748043,-2.0410000000000003e-05,1004.1969948180069,1004.2112048959999,-0.5,0.2041,2.3,0.1983217052204504,long_nclose,0.45613992200703585,0.00045423350633478363,27.0
1673024040000.0,8212,1673024040000.0,0.0023113179118198434,-1.6328e-05,1004.1992898079187,1004.2110285679998,-0.4,0.2041,1.9,0.1983217052204504,long_nclose,0.37681123991885573,0.00037523551723575853,6.0
1673024460000.0,8219,1673024460000.0,0.0017334884338648826,-1.2246000000000001e-05,1004.2010110503526,1004.2108963219998,-0.3,0.2041,1.6,0.1983217052204504,long_nclose,0.3173147283527207,0.0003159872623717264,7.0
1673025900000.0,8243,1673025900000.0,0.0017334884338648826,-1.2246000000000001e-05,1004.2027322927864,1004.2107640759998,-0.3,0.2041,1.3,0.1983217052204504,long_nclose,0.2578182167865855,0.00025673921061530804,24.0
1673028420000.0,8285,1673028420000.0,0.002303488433864878,-1.2359999999999999e-05,1004.2050234212203,1004.2132017159998,-0.3,0.206,1.0,0.1983217052204504,long_nclose,0.1983217052204504,0.00019749124988918034,42.0
1673031480000.0,8336,1673031480000.0,0.0011556589559099217,-8.164e-06,1004.2061709161762,1004.2111135519999,-0.2,0.2041,0.8,0.1983217052204504,long_nclose,0.15865736417636034,0.00015799281937454245,51.0
1673032560000.0,8354,1673032560000.0,0.0005778294779549608,-4.082e-06,1004.2067446636541,1004.2110694699999,-0.1,0.2041,0.7,0.1983217052204504,long_nclose,0.13882519365431525,0.0001382436379680092,18.0
1673032800000.0,8358,1673032800000.0,0.0005778294779549608,-4.082e-06,1004.2073184111321,1004.2110253879998,-0.1,0.2041,0.6,0.1983217052204504,long_nclose,0.11899302313227023,0.0001184944791286149,4.0
1673034000000.0,8378,1673034000000.0,0.0007678294779549594,-4.12e-06,1004.20808212061,1004.2116712679998,-0.1,0.206,0.5,0.1983217052204504,long_nclose,0.0991608526102252,9.874532417706187e-05,20.0
1673037000000.0,8428,1673037000000.0,0.0005778294779549608,-4.082e-06,1004.2086558680879,1004.2111271859998,-0.1,0.2041,0.4,0.1983217052204504,long_nclose,0.07932868208818017,7.899621420769821e-05,50.0
1673038380000.0,8451,1673038380000.0,0.0005778294779549608,-4.082e-06,1004.2092296155658,1004.2110831039997,-0.1,0.2041,0.3,0.1983217052204504,long_nclose,0.05949651156613511,5.924712680534885e-05,23.0
1673045400000.0,8568,1673045400000.0,0.0007678294779549594,-4.12e-06,1004.2099933250438,1004.2116289839997,-0.1,0.206,0.2,0.1983217052204504,long_nclose,0.039664341044090085,3.9498054498300025e-05,117.0
1673046000000.0,8578,1673046000000.0,0.0007678294779549594,-4.12e-06,1004.2107570345217,1004.2115748639997,-0.1,0.206,0.1,0.1983217052204504,long_nclose,0.019832170522045042,1.974901222987325e-05,10.0
1673046840000.0,8592,1673046840000.0,0.0007678294779549594,-4.12e-06,1004.2115207439997,1004.2115207439997,-0.1,0.206,0.0,0.1983217052204504,long_nclose,0.0,0.0,14.0
1673079540000.0,9137,1673079540000.0,0.0,-0.010041191999999999,1004.2014795519997,1004.1771195519997,243.6,0.2061,243.6,0.2061,long_ientry_normal,50.20596,0.04999590323487491,545.0
1673206800000.0,11258,1673206800000.0,0.06960000000000005,-0.0014483760000000001,1004.2696311759997,1004.8751511759997,-34.8,0.2081,208.8,0.2061,long_nclose,43.033680000000004,0.0428507232162418,2121.0
1673206980000.0,11261,1673206980000.0,0.059600000000000056,-0.0012402760000000002,1004.3279908999998,1004.7575908999999,-29.8,0.2081,179.0,0.2061,long_nclose,36.8919,0.03673292025540419,3.0
1673207160000.0,11264,1673207160000.0,0.051000000000000045,-0.0010613100000000002,1004.3779295899999,1004.8230795899999,-25.5,0.2081,153.5,0.2061,long_nclose,31.63635,0.03149845199497202,3.0
1673208180000.0,11281,1673208180000.0,0.04380000000000003,-0.000911478,1004.4208181119999,1004.7366581119999,-21.9,0.2081,131.6,0.2061,long_nclose,27.12276,0.027003382955544858,17.0
1673209020000.0,11295,1673209020000.0,0.037600000000000036,-0.0007824560000000002,1004.4576356559999,1004.7283556559998,-18.8,0.2081,112.8,0.2061,long_nclose,23.24808,0.023144908430923466,14.0
1673209200000.0,11298,1673209200000.0,0.032200000000000034,-0.0006700820000000001,1004.4891655739998,1004.7212455739998,-16.1,0.2081,96.7,0.2061,long_nclose,19.92987,0.019840801357584963,3.0
1673209800000.0,11308,1673209800000.0,0.027600000000000027,-0.000574356,1004.5161912179998,1004.7151512179997,-13.8,0.2081,82.9,0.2061,long_nclose,17.085690000000003,0.017008874669589145,10.0
1673210280000.0,11316,1673210280000.0,0.055200000000000055,-0.0005798760000000001,1004.5708113419998,1004.8403013419999,-13.8,0.2101,69.1,0.2061,long_nclose,14.24151,0.014176710928893959,8.0
1673210460000.0,11319,1673210460000.0,0.04600000000000004,-0.00048323,1004.6163281119999,1004.8697681119999,-11.5,0.2101,57.6,0.2061,long_nclose,11.871360000000001,0.011816809729053617,3.0
1673210640000.0,11322,1673210640000.0,0.03840000000000003,-0.00040339200000000003,1004.65432472,1004.8895247199999,-9.6,0.2101,48.0,0.2061,long_nclose,9.892800000000001,0.009846969008725616,3.0
1673212080000.0,11346,1673212080000.0,0.03200000000000003,-0.00033616,1004.68598856,1004.8619885600001,-8.0,0.2101,40.0,0.2061,long_nclose,8.244,0.008205548891764669,24.0
1673213640000.0,11372,1673213640000.0,0.02640000000000002,-0.00027733200000000003,1004.712111228,1004.8590712280001,-6.6,0.2101,33.4,0.2061,long_nclose,6.8837399999999995,0.006851455181112938,26.0
1673214900000.0,11393,1673214900000.0,0.02200000000000002,-0.00023111000000000003,1004.7338801180001,1004.8566401180001,-5.5,0.2101,27.9,0.2061,long_nclose,5.75019,0.005723097542330984,21.0
1673215200000.0,11398,1673215200000.0,0.018400000000000014,-0.00019329200000000002,1004.7520868260002,1004.8546068260002,-4.6,0.2101,23.3,0.2061,long_nclose,4.80213,0.004779417791676225,5.0
1673216880000.0,11426,1673216880000.0,0.027600000000000024,-0.00019513200000000001,1004.7794916940002,1004.8991716940002,-4.6,0.2121,18.7,0.2061,long_nclose,3.85407,0.0038357371262646503,28.0
1673217600000.0,11438,1673217600000.0,0.036339999999999956,-0.00019688,1004.8156348140002,1004.9340748140002,-4.6,0.214,14.1,0.2061,long_nclose,2.90601,0.0028920827854534,12.0
1673218500000.0,11453,1673218500000.0,0.027649999999999966,-0.0001498,1004.8431350140002,1004.9321750140001,-3.5,0.214,10.6,0.2061,long_nclose,2.18466,0.002174130392968811,15.0
1673219040000.0,11462,1673219040000.0,0.020539999999999975,-0.00011128,1004.8635637340001,1004.930763734,-2.6,0.214,8.0,0.2061,long_nclose,1.6488,0.0016408197684799903,9.0
1673219340000.0,11467,1673219340000.0,0.02573999999999998,-0.00011232000000000001,1004.8891914140002,1004.9399514140001,-2.6,0.216,5.4,0.2061,long_nclose,1.11294,0.0011075250978010416,5.0
1673220540000.0,11487,1673220540000.0,0.010269999999999987,-5.564e-05,1004.8994057740001,1004.9338457740001,-1.3,0.214,4.1,0.2061,long_nclose,0.8450099999999999,0.0008408901380025704,20.0
1673222100000.0,11513,1673222100000.0,0.01286999999999999,-5.6160000000000004e-05,1004.9122196140002,1004.9413396140002,-1.3,0.216,2.8,0.2061,long_nclose,0.5770799999999999,0.0005742591131210086,26.0
1673222220000.0,11515,1673222220000.0,0.01665999999999999,-6.104e-05,1004.9288185740002,1004.9419785740001,-1.4,0.218,1.4,0.2061,long_nclose,0.28853999999999996,0.00028712481388427083,2.0
1673222280000.0,11516,1673222280000.0,0.003959999999999997,-1.728e-05,1004.9327612940002,1004.9426612940002,-0.4,0.216,1.0,0.2061,long_nclose,0.2061,0.00020508834813447185,1.0
1673222340000.0,11517,1673222340000.0,0.0029699999999999974,-1.296e-05,1004.9357183340002,1004.9433483340001,-0.3,0.216,0.7,0.2061,long_nclose,0.14426999999999998,0.0001435614212610268,1.0
1673222760000.0,11524,1673222760000.0,0.0019799999999999987,-8.64e-06,1004.9376896940001,1004.9426396940001,-0.2,0.216,0.5,0.2061,long_nclose,0.10305,0.0001025436711716707,7.0
1673224260000.0,11549,1673224260000.0,0.0009899999999999993,-4.32e-06,1004.9386753740001,1004.9428353740001,-0.1,0.216,0.4,0.2061,long_nclose,0.08244000000000001,8.203485647451966e-05,25.0
1673224800000.0,11558,1673224800000.0,0.0009899999999999993,-4.32e-06,1004.9396610540001,1004.9427810540001,-0.1,0.216,0.3,0.2061,long_nclose,0.061829999999999996,6.152608200889544e-05,9.0
1673225820000.0,11575,1673225820000.0,0.0011899999999999994,-4.360000000000001e-06,1004.940846694,1004.943226694,-0.1,0.218,0.2,0.2061,long_nclose,0.04122000000000001,4.101733961317557e-05,17.0
1673225880000.0,11576,1673225880000.0,0.0011899999999999994,-4.360000000000001e-06,1004.9420323339999,1004.943372334,-0.1,0.218,0.1,0.2061,long_nclose,0.020610000000000003,2.0508645610267515e-05,1.0
1673228340000.0,11617,1673228340000.0,0.0011899999999999994,-4.360000000000001e-06,1004.9432179739998,1004.9432179739998,-0.1,0.218,0.0,0.2061,long_nclose,0.0,0.0,41.0
1673272080000.0,12346,1673272080000.0,0.0,-0.010049256,1004.9331687179998,1004.6359887179998,228.6,0.2198,228.6,0.2198,long_ientry_normal,50.24628,0.04999962342182369,729.0
1673274720000.0,12390,1673274720000.0,0.0684599999999997,-0.001446788,1005.0001819299998,1005.2353819299998,-32.6,0.2219,196.0,0.2198,long_nclose,43.080799999999996,0.042866459901795974,44.0
1673275620000.0,12405,1673275620000.0,0.05879999999999974,-0.00124264,1005.0577392899999,1005.4273392899998,-28.0,0.2219,168.0,0.2198,long_nclose,36.9264,0.036740575746509664,15.0
1673276100000.0,12413,1673276100000.0,0.05039999999999978,-0.00106512,1005.1070741699998,1005.4238741699999,-24.0,0.2219,144.0,0.2198,long_nclose,31.6512,0.0314903763125307,8.0
1673278500000.0,12453,1673278500000.0,0.04304999999999981,-0.00090979,1005.1492143799998,1005.4209143799998,-20.5,0.2219,123.5,0.2198,long_nclose,27.1453,0.027006239085351994,40.0
1673281560000.0,12504,1673281560000.0,0.08610000000000019,-0.0009184000000000001,1005.2343959799997,1005.6669959799997,-20.5,0.224,103.0,0.2198,long_nclose,22.6394,0.022521513480374816,51.0
1673281620000.0,12505,1673281620000.0,0.07182000000000016,-0.0007660800000000001,1005.3054498999998,1005.6662298999997,-17.1,0.224,85.9,0.2198,long_nclose,18.88082,0.018781177404218908,1.0
1673281740000.0,12507,1673281740000.0,0.060060000000000134,-0.00064064,1005.3648692599998,1005.7013892599997,-14.3,0.224,71.6,0.2198,long_nclose,15.73768,0.015653699946352552,2.0
1673282460000.0,12519,1673282460000.0,0.049980000000000115,-0.00053312,1005.4143161399998,1005.6949061399997,-11.9,0.224,59.7,0.2198,long_nclose,13.122060000000001,0.01305139561805564,12.0
1673283240000.0,12532,1673283240000.0,0.0761600000000002,-0.000538356,1005.4899377839997,1005.8101977839997,-11.9,0.2262,47.8,0.2198,long_nclose,10.50644,0.010449075227102872,13.0
1673284020000.0,12545,1673284020000.0,0.03318000000000008,-0.00035392,1005.5227638639998,1005.6903438639998,-7.9,0.224,39.9,0.2198,long_nclose,8.770019999999999,0.008721851274951516,13.0
1673284080000.0,12546,1673284080000.0,0.02772000000000006,-0.00029568,1005.5501881839998,1005.7066981839998,-6.6,0.224,33.3,0.2198,long_nclose,7.3193399999999995,0.007278940510387211,1.0
1673284200000.0,12548,1673284200000.0,0.02310000000000005,-0.0002464,1005.5730417839998,1005.7037017839998,-5.5,0.224,27.8,0.2198,long_nclose,6.11044,0.006076574993656742,2.0
1673285760000.0,12574,1673285760000.0,0.019320000000000042,-0.00020608,1005.5921557039998,1005.7011957039998,-4.6,0.224,23.2,0.2198,long_nclose,5.09936,0.005071002166310671,26.0
1673286900000.0,12593,1673286900000.0,0.015960000000000033,-0.00017024,1005.6079454639997,1005.6991254639997,-3.8,0.224,19.4,0.2198,long_nclose,4.264119999999999,0.004240340402275245,19.0
1673289480000.0,12636,1673289480000.0,0.0,-0.009196956000000001,1005.5987485079997,1005.5389485079997,207.7,0.2214,227.1,0.2212633201232937,long_ientry_partial,50.2489,0.04996913537785718,43.0
1673293800000.0,12708,1673293800000.0,0.0692284280052839,-0.001447632,1005.666529304005,1006.2967108759998,-32.4,0.2234,194.7,0.2212633201232937,long_nclose,43.07996842800528,0.04283723000885768,72.0
1673294160000.0,12714,1673294160000.0,0.05939970057243495,-0.001242104,1005.7246869005775,1006.0979887719998,-27.8,0.2234,166.9,0.2212633201232937,long_nclose,36.92884812857772,0.03671864538036181,6.0
1673294580000.0,12721,1673294580000.0,0.0,-0.002665656,1005.7220212445775,1005.6539931159998,60.2,0.2214,227.1,0.22129955142482485,long_ientry_partial,50.257128128577726,0.04997119190686976,7.0
1673304240000.0,12882,1673304240000.0,0.06805453383567435,-0.001447632,1005.7886281464132,1006.1197054839998,-32.4,0.2234,194.7,0.22129955142482485,long_nclose,43.087022662413396,0.04283904337019527,161.0
1673311140000.0,12997,1673311140000.0,0.05839247038986874,-0.001242104,1005.8457785128031,1006.2130333799998,-27.8,0.2234,166.9,0.22129955142482485,long_nclose,36.93489513280327,0.03672023676175635,115.0
1673311440000.0,13002,1673311440000.0,0.049990676089168205,-0.001063384,1005.8947058048923,1006.2095899959999,-23.8,0.2234,143.1,0.22129955142482485,long_nclose,31.667965808892436,0.031482386403010744,5.0
1673313480000.0,13036,1673313480000.0,0.04284915093357274,-0.0009114719999999999,1005.9366434838258,1006.2066385239998,-20.4,0.2234,122.7,0.22129955142482485,long_nclose,27.15345495982601,0.02699320591979469,34.0
1673314560000.0,13054,1673314560000.0,0.036757850065564854,-0.0007819000000000001,1005.9726194338914,1006.2041066239998,-17.5,0.2234,105.2,0.22129955142482485,long_nclose,23.280712809891575,0.023142491515318518,18.0
1673316720000.0,13090,1673316720000.0,0.03150672862762702,-0.0006702,1006.0034559625191,1006.2019364239999,-15.0,0.2234,90.2,0.22129955142482485,long_nclose,19.961219538519202,0.019842098374722585,36.0
1673317680000.0,13106,1673317680000.0,0.0,-0.00606467,1005.9973912925191,1005.9019217539999,136.9,0.2215,227.1,0.22142038546243595,long_ientry_partial,50.2845695385192,0.04998479118709533,16.0
1673318340000.0,13117,1673318340000.0,0.0,-0.010058448000000001,1005.9873328445191,1004.7129233059999,233.7,0.2152,460.8,0.21826564569991144,long_rentry,100.5768095385192,0.09997820673758315,11.0
1673323980000.0,13211,1673323980000.0,0.1404405129458279,-0.002900464,1006.1248728934648,1007.0074428419998,-65.8,0.2204,395.0,0.21826564569991144,long_nclose,86.21493005146502,0.0856900891472087,94.0
1673326620000.0,13255,1673326620000.0,0.12037758252499535,-0.002486112,1006.2427643639897,1006.9993167299997,-56.4,0.2204,338.6,0.21826564569991144,long_nclose,73.90474763399001,0.07344624006385037,44.0
1673326800000.0,13258,1673326800000.0,0.10308931269427793,-0.002129064,1006.343724612684,1006.9923576659997,-48.3,0.2204,290.3,0.21826564569991144,long_nclose,63.362516946684295,0.06296309640234593,3.0
1673327160000.0,13264,1673327160000.0,0.0883622680236668,-0.0018249120000000001,1006.4302619687077,1006.8619427539998,-41.4,0.2204,248.9,0.21826564569991144,long_nclose,54.32631921470796,0.05397921869761612,6.0
1673327940000.0,13277,1673327940000.0,0.07576957765314424,-0.00156484,1006.5044667063607,1006.9812779139996,-35.5,0.2204,213.4,0.21826564569991144,long_nclose,46.5778887923611,0.04627688235182945,13.0
1673328840000.0,13292,1673328840000.0,0.06488437072269253,-0.0013400320000000001,1006.5680110450834,1006.9768978819995,-30.4,0.2204,183.0,0.21826564569991144,long_nclose,39.94261316308379,0.03968198147049479,15.0
1673333220000.0,13365,1673333220000.0,0.05570664723231168,-0.0011504880000000003,1006.6225672043157,1006.9731373939997,-26.1,0.2204,156.9,0.21826564569991144,long_nclose,34.245879810316104,0.03402057625771981,73.0
1673338440000.0,13452,1673338440000.0,0.04780953632198397,-0.0009873920000000001,1006.6693893486378,1006.9699100019997,-22.4,0.2204,134.5,0.21826564569991144,long_nclose,29.35672934663809,0.029162235046834264,87.0
1673346180000.0,13581,1673346180000.0,0.09484953632198376,-0.0009968,1006.7632420849596,1007.2939632019995,-22.4,0.2225,112.1,0.21826564569991144,long_nclose,24.467578882960073,0.024303210387666578,129.0
1673346540000.0,13587,1673346540000.0,0.07875898998164724,-0.0008277000000000001,1006.8411733749414,1007.2838355019996,-18.6,0.2225,93.5,0.21826564569991144,long_nclose,20.40783787294172,0.020269172946647037,6.0
1673346720000.0,13590,1673346720000.0,0.06563249165137269,-0.00068975,1006.9061161165928,1007.2753957519997,-15.5,0.2225,78.0,0.21826564569991144,long_nclose,17.024720364593094,0.01690795208420578,3.0
1673349060000.0,13629,1673349060000.0,0.05504660590115129,-0.0005785,1006.9605842224939,1007.2683172519997,-13.0,0.2225,65.0,0.21826564569991144,long_nclose,14.187266970494244,0.014089197921732638,39.0
1673351040000.0,13662,1673351040000.0,0.0,-0.007201530000000001,1006.953382692494,1006.9844657219998,163.3,0.2205,228.3,0.2198638500678679,long_ientry_partial,50.19491697049425,0.04984830264562794,33.0
1673363820000.0,13875,1673363820000.0,0.06963848778750638,-0.0014474400000000001,1007.0215737402815,1007.5374682819997,-32.6,0.222,195.7,0.2198638500678679,long_nclose,43.02735545828175,0.04272734227378015,213.0
1673365920000.0,13910,1673365920000.0,0.05959858310648552,-0.00123876,1007.079933563388,1007.5222795219997,-27.9,0.222,167.8,0.2198638500678679,long_nclose,36.893154041388236,0.0366337892473419,35.0
1673366160000.0,13914,1673366160000.0,0.05105398337795713,-0.00106116,1007.129926386766,1007.5812183619998,-23.9,0.222,143.9,0.2198638500678679,long_nclose,31.638408024766193,0.03141442548358568,4.0
1673368320000.0,13950,1673368320000.0,0.043791073608708,-0.0009102000000000001,1007.1728072603747,1007.4364081619998,-20.5,0.222,123.4,0.2198638500678679,long_nclose,27.1311990983749,0.026937978172956106,36.0
1673368440000.0,13952,1673368440000.0,0.0,-0.004639708,1007.1681675523747,1007.2888284539998,105.4,0.2201,228.8,0.21997263591947072,long_ientry_partial,50.3297390983749,0.04997153476433483,2.0
1673370600000.0,13988,1673370600000.0,0.06935206902525422,-0.001448092,1007.2360715294,1007.7319403619998,-32.6,0.2221,196.2,0.21997263591947072,long_nclose,43.15863116740015,0.04284857580792112,36.0
1673370840000.0,13992,1673370840000.0,0.05956619425481957,-0.00124376,1007.2943939636548,1007.7194966019998,-28.0,0.2221,168.2,0.21997263591947072,long_nclose,36.99939736165497,0.036731463595329,4.0
1673373420000.0,14035,1673373420000.0,0.05105673793270249,-0.00106608,1007.3443846215876,1007.7088305219999,-24.0,0.2221,144.2,0.21997263591947072,long_nclose,31.720054099587674,0.03148878832684755,43.0
1673374020000.0,14045,1673374020000.0,0.04382370005890297,-0.0009150520000000001,1007.3872932696464,1007.6996754699999,-20.6,0.2221,123.6,0.21997263591947072,long_nclose,27.18861779964658,0.026989240365938413,10.0
1673374380000.0,14051,1673374380000.0,0.03744160781731516,-0.000781792,1007.4239530854637,1007.6918536779998,-17.6,0.2221,106.0,0.21997263591947072,long_nclose,23.317099407463896,0.02314527000876841,6.0
1673374920000.0,14060,1673374920000.0,0.07440160781731549,-0.0007891840000000002,1007.497565509281,1007.8977844939998,-17.6,0.2242,88.4,0.21997263591947072,long_nclose,19.445581015281213,0.01930087146707064,9.0
1673375160000.0,14064,1673375160000.0,0.062142251983780546,-0.000659148,1007.5590486132648,1007.8927153459998,-14.7,0.2242,73.7,0.21997263591947072,long_nclose,16.211983267264994,0.01609035548792704,4.0
1673375580000.0,14071,1673375580000.0,0.09301225198378041,-0.0006653220000000001,1007.6513955432486,1008.0365100239998,-14.7,0.2263,59.0,0.21997263591947072,long_nclose,12.978385519248773,0.012879836793409908,7.0
1673375700000.0,14073,1673375700000.0,0.0746628961502455,-0.0005340680000000001,1007.7255243713988,1008.0336159559998,-11.8,0.2263,47.2,0.21997263591947072,long_nclose,10.38270841539902,0.010303111476585419,2.0
1673376300000.0,14083,1673376300000.0,0.032973439828128455,-0.00034975200000000005,1007.7581480592269,1007.9365262039997,-7.8,0.2242,39.4,0.21997263591947072,long_nclose,8.666921855227146,0.008600200228515327,10.0
1673376720000.0,14090,1673376720000.0,0.027477866523440378,-0.00029146,1007.7853344657503,1007.9178347439997,-6.5,0.2242,32.9,0.21997263591947072,long_nclose,7.237099721750586,0.007181191742175069,7.0
1673376780000.0,14091,1673376780000.0,0.02282776603485816,-0.00024213600000000005,1007.8079200957852,1007.9186726079997,-5.4,0.2242,27.5,0.21997263591947072,long_nclose,6.049247487785445,0.006002381373635669,1.0
1673376840000.0,14092,1673376840000.0,0.0190231383623818,-0.00020178000000000004,1007.8267414541476,1007.9308708279998,-4.5,0.2242,23.0,0.21997263591947072,long_nclose,5.059370626147826,0.00502007975978876,1.0
1673377320000.0,14100,1673377320000.0,0.016063983506011296,-0.00017039200000000003,1007.8426350456537,1007.9295604359999,-3.8,0.2242,19.2,0.21997263591947072,long_nclose,4.223474609653838,0.004190609191148697,8.0
1673377680000.0,14106,1673377680000.0,0.013527565057693725,-0.00014348800000000002,1007.8560191227112,1007.9364569479997,-3.2,0.2242,16.0,0.21997263591947072,long_nclose,3.5195621747115315,0.0034921279507514735,6.0
1673378940000.0,14127,1673378940000.0,0.010991146609376152,-0.00011658400000000001,1007.8668936853206,1007.9275603639998,-2.6,0.2242,13.4,0.21997263591947072,long_nclose,2.947633321320908,0.002924625602635607,21.0
1673379780000.0,14141,1673379780000.0,0.009300200977164436,-9.864800000000002e-05,1007.8760952382978,1007.9268017159998,-2.2,0.2242,11.2,0.21997263591947072,long_nclose,2.463693522298072,0.002444440873176546,14.0
1673383020000.0,14195,1673383020000.0,0.007609255344952721,-8.071200000000001e-05,1007.8836237816428,1007.9261810039998,-1.8,0.2242,9.4,0.21997263591947072,long_nclose,2.067742777643025,0.002051568979645412,54.0
1673384040000.0,14212,1673384040000.0,0.011389255344952704,-8.146800000000001e-05,1007.8949315689878,1007.9407395359998,-1.8,0.2263,7.6,0.21997263591947072,long_nclose,1.6717920329879774,0.0016586967357654062,17.0
1673384100000.0,14213,1673384100000.0,0.00949104612079392,-6.789000000000002e-05,1007.9043547251086,1007.9472216459999,-1.5,0.2263,6.1,0.21997263591947072,long_nclose,1.3418330791087714,0.001331309933148108,1.0
1673384520000.0,14220,1673384520000.0,0.0075928368966351354,-5.4312e-05,1007.9118932500053,1007.9438773339999,-1.2,0.2263,4.9,0.21997263591947072,long_nclose,1.0778659160054067,0.0010694048986065986,7.0
1673384760000.0,14224,1673384760000.0,0.005694627672476352,-4.073400000000001e-05,1007.9175471436778,1007.9436565999999,-0.9,0.2263,4.0,0.21997263591947072,long_nclose,0.8798905436778829,0.0008729786937149683,4.0
1673385420000.0,14235,1673385420000.0,0.005061891264423424,-3.6208e-05,1007.9225728269422,1007.9434603919999,-0.8,0.2263,3.2,0.21997263591947072,long_nclose,0.7039124349423064,0.0006983794727089284,11.0
1673385780000.0,14241,1673385780000.0,0.0037964184483175677,-2.7156e-05,1007.9263420893906,1007.943313236,-0.6,0.2263,2.6,0.21997263591947072,long_nclose,0.5719288533906239,0.0005674311995904766,6.0
1673389500000.0,14303,1673389500000.0,0.0016909456322117156,-1.7936000000000002e-05,1007.9280150990228,1007.9379753,-0.4,0.2242,2.2,0.21997263591947072,long_nclose,0.4839397990228356,0.0004801332950104492,62.0
1673389800000.0,14308,1673389800000.0,0.0012682092241587865,-1.3452000000000001e-05,1007.929269856247,1007.937871848,-0.3,0.2242,1.9,0.21997263591947072,long_nclose,0.41794800824699435,0.0004146600567583507,5.0
1673390400000.0,14318,1673390400000.0,0.0,-0.00999474,1007.9192751162469,1008.014827108,224.5,0.2226,226.4,0.22257795056646199,long_ientry_partial,50.391648008246996,0.0499957181614918,10.0
1673392020000.0,14345,1673392020000.0,0.06854219670327823,-0.001451562,1007.9863657509502,1008.3594355459999,-32.3,0.2247,194.1,0.22257795056646199,long_nclose,43.20238020495027,0.0428600838988179,27.0
1673392380000.0,14351,1673392380000.0,0.05878076930900331,-0.001244838,1008.0439016822592,1008.4469307079999,-27.7,0.2247,166.4,0.22257795056646199,long_nclose,37.036970974259276,0.036741426551413756,6.0
1673392620000.0,14355,1673392620000.0,0.05029257157485121,-0.0010650780000000001,1008.093129175834,1008.3674056299998,-23.7,0.2247,142.7,0.22257795056646199,long_nclose,31.761873545834124,0.031506884261577134,4.0
1673392740000.0,14357,1673392740000.0,0.043077603500821925,-0.0009122820000000002,1008.1352944973348,1008.3705533479999,-20.3,0.2247,122.4,0.22257795056646199,long_nclose,27.24354114933495,0.027023695428616868,2.0
1673396160000.0,14414,1673396160000.0,0.036923660143561646,-0.000781956,1008.1714362014784,1008.3732513919999,-17.4,0.2247,105.0,0.22257795056646199,long_nclose,23.370684809478508,0.023181260617274605,57.0
1673398080000.0,14446,1673398080000.0,0.03183074150307039,-0.0006741000000000001,1008.2025928429815,1008.420577292,-15.0,0.2247,90.0,0.22257795056646199,long_nclose,20.03201555098158,0.01986903792271975,32.0
1673399220000.0,14465,1673399220000.0,0.02716223274928673,-0.0005752320000000002,1008.2291798437309,1008.41616206,-12.8,0.2247,77.2,0.22257795056646199,long_nclose,17.183017783730865,0.017042769766288775,19.0
1673403420000.0,14535,1673403420000.0,0.0,-0.0066424200000000004,1008.2225374237308,1008.15691964,149.0,0.2229,226.2,0.22279008746123286,long_ientry_partial,50.39511778373087,0.049984121474315996,70.0
1673446020000.0,15245,1673446020000.0,0.0,-0.01008024,1008.2124571837309,1007.0191394,232.8,0.2165,459.0,0.21959982087958793,long_rentry,100.79631778373086,0.09997527511739751,710.0
1673466180000.0,15581,1673466180000.0,0.13756173238699104,-0.00290427,1008.3471146461178,1009.2915851299999,-65.5,0.2217,393.5,0.21959982087958793,long_nclose,86.41252951611786,0.08569720512012827,336.0
1673467140000.0,15597,1673467140000.0,0.11803006656715873,-0.002491908,1008.4626528046849,1009.272233222,-56.2,0.2217,337.3,0.21959982087958793,long_nclose,74.07101958268501,0.07344944245251171,16.0
1673467860000.0,15609,1673467860000.0,0.1010186156918209,-0.002132754,1008.5615386663768,1009.255670468,-48.1,0.2217,289.2,0.21959982087958793,long_nclose,63.508268198376825,0.06296915534014311,12.0
1673470860000.0,15659,1673470860000.0,0.08673739767301876,-0.001831242,1008.6464448220498,1009.241449226,-41.3,0.2217,247.9,0.21959982087958793,long_nclose,54.43879559604985,0.05397212856448842,50.0
1673472720000.0,15690,1673472720000.0,0.07434634086258751,-0.0015696360000000001,1008.7192215269124,1009.22925959,-35.4,0.2217,212.5,0.21959982087958793,long_nclose,46.664961936912434,0.04626159682599785,31.0
1673473500000.0,15703,1673473500000.0,0.06363542734848593,-0.0013435020000000003,1008.7815134522608,1009.2188260879999,-30.3,0.2217,182.2,0.21959982087958793,long_nclose,40.011087364260916,0.039662788057380854,13.0
1673474400000.0,15718,1673474400000.0,0.054604657130713996,-0.0011528400000000002,1008.8349652693915,1009.287973248,-26.0,0.2217,156.2,0.21959982087958793,long_nclose,34.30149202139163,0.034001093540837,15.0
1673475420000.0,15735,1673475420000.0,0.046833994385189315,-0.0009887820000000001,1008.8808104817767,1009.2021944659999,-22.3,0.2217,133.9,0.21959982087958793,long_nclose,29.404416015776825,0.029145579646554245,17.0
1673477100000.0,15763,1673477100000.0,0.0936639943851891,-0.000998148,1008.973476328162,1009.4645363179999,-22.3,0.2238,111.6,0.21959982087958793,long_nclose,24.50734001016201,0.02428937983518524,28.0
1673477280000.0,15766,1673477280000.0,0.07812333163966446,-0.000832536,1009.0507671238016,1009.459983782,-18.6,0.2238,93.0,0.21959982087958793,long_nclose,20.42278334180168,0.020239599440585912,3.0
1673477460000.0,15769,1673477460000.0,0.06510277636638705,-0.0006937800000000001,1009.115176120168,1009.456190002,-15.5,0.2238,77.5,0.21959982087958793,long_nclose,17.018986118168066,0.016865256336350453,3.0
1673477700000.0,15773,1673477700000.0,0.05418231065331567,-0.000577404,1009.1687810268214,1009.453032598,-12.9,0.2238,64.6,0.21959982087958793,long_nclose,14.18614842882138,0.014057260485591997,4.0
1673477880000.0,15776,1673477880000.0,0.04494191658840912,-0.000478932,1009.2132440114099,1009.4234636660001,-10.7,0.2238,53.9,0.21959982087958793,long_nclose,11.83643034540979,0.01172837397412907,3.0
1673478000000.0,15778,1673478000000.0,0.0373815941716674,-0.00039836400000000006,1009.2502272415815,1009.470735302,-8.9,0.2238,45.0,0.21959982087958793,long_nclose,9.881991939581457,0.0097914190879999,2.0
1673478960000.0,15794,1673478960000.0,0.057601612083708675,-0.0004068000000000001,1009.3074220536652,1009.555828502,-9.0,0.226,36.0,0.21959982087958793,long_nclose,7.905593551665166,0.007832691387109233,16.0
1673479320000.0,15800,1673479320000.0,0.046081289666966944,-0.00032544000000000003,1009.3531779033322,1009.5519030620001,-7.2,0.226,28.8,0.21959982087958793,long_nclose,6.324474841332132,0.0062658690533571,6.0
1673479620000.0,15805,1673479620000.0,0.06120128966696688,-0.000328464,1009.4140507289992,1009.5954945980001,-7.2,0.2281,21.6,0.21959982087958793,long_nclose,4.7433561309991,0.004699118392074537,5.0
1673479680000.0,15806,1673479680000.0,0.04590096725022516,-0.000246348,1009.4597053482494,1009.59578825,-5.4,0.2281,16.2,0.21959982087958793,long_nclose,3.5575170982493245,0.00352417939953535,1.0
1673479980000.0,15811,1673479980000.0,0.03400071648164826,-0.00018248,1009.493523584731,1009.6082057699999,-4.0,0.2281,12.2,0.21959982087958793,long_nclose,2.6791178147309727,0.00265392273663864,5.0
1673480820000.0,15825,1673480820000.0,0.025500537361236197,-0.00013686000000000001,1009.5188872620922,1009.60536891,-3.0,0.2281,9.2,0.21959982087958793,long_nclose,2.020318352092209,0.0020012685028325695,14.0
1673481780000.0,15841,1673481780000.0,0.03180053736123617,-0.00013812,1009.5505496794535,1009.62123079,-3.0,0.2302,6.2,0.21959982087958793,long_nclose,1.3615188894534451,0.0013486386490361938,16.0
1673482080000.0,15846,1673482080000.0,0.03937055527327744,-0.000144026,1009.5897762087268,1009.629766764,-3.1,0.2323,3.1,0.21959982087958793,long_nclose,0.6807594447267226,0.0006742931245630795,5.0
1673483160000.0,15864,1673483160000.0,0.005950125384288445,-3.1933999999999996e-05,1009.595694400111,1009.61705483,-0.7,0.2281,2.4,0.21959982087958793,long_nclose,0.527039570111011,0.0005220303266290881,18.0
1673483580000.0,15871,1673483580000.0,0.008480143296329646,-3.6832e-05,1009.6041377114074,1009.621577998,-0.8,0.2302,1.6,0.21959982087958793,long_nclose,0.35135971340734073,0.0003480173072624391,7.0
1673484120000.0,15880,1673484120000.0,0.005300089560206028,-2.302e-05,1009.6094147809677,1009.6214049780001,-0.5,0.2302,1.1,0.21959982087958793,long_nclose,0.24155980296754676,0.00023926064815862734,9.0
1673484840000.0,15892,1673484840000.0,0.0063500895602060375,-2.3230000000000003e-05,1009.6157416405279,1009.6234817480001,-0.5,0.2323,0.6,0.21959982087958793,long_nclose,0.13175989252775275,0.0001305049902586262,12.0
1673488740000.0,15957,1673488740000.0,0.0038100537361236224,-1.3938000000000001e-05,1009.619537756264,1009.6234078100001,-0.3,0.2323,0.3,0.21959982087958793,long_nclose,0.06587994626387637,6.525224978340375e-05,65.0
1673488920000.0,15960,1673488920000.0,0.0012700179120412076,-4.646e-06,1009.620803128176,1009.623483164,-0.1,0.2323,0.2,0.21959982087958793,long_nclose,0.04391996417591759,4.350144533456265e-05,3.0
1673489940000.0,15977,1673489940000.0,0.0012700179120412076,-4.646e-06,1009.6220685000881,1009.6233585180001,-0.1,0.2323,0.1,0.21959982087958793,long_nclose,0.021959982087958796,2.175069540682973e-05,17.0
1673492520000.0,16020,1673492520000.0,0.0012700179120412076,-4.646e-06,1009.6233338720001,1009.6233338720001,-0.1,0.2323,0.0,0.21959982087958793,long_nclose,0.0,0.0,43.0
1673511720000.0,16340,1673511720000.0,0.0,-0.010097612,1009.6132362600001,1009.5692762600002,219.8,0.2297,219.8,0.2297,long_ientry_normal,50.48806,0.05000732774366885,320.0
1673530200000.0,16648,1673530200000.0,0.0,-0.010097568,1009.6031386920001,1008.5312386920001,226.2,0.2232,446.0,0.22640336322869953,long_rentry,100.9759,0.10001543787870962,308.0
1673531280000.0,16666,1673531280000.0,0.13992576233183993,-0.002912364,1009.7401520903319,1010.732846328,-63.7,0.2286,382.3,0.22640336322869953,long_nclose,86.55400576233183,0.08571908880037155,18.0
1673531460000.0,16669,1673531460000.0,0.28006576233184044,-0.0029403920000000004,1010.0172774606636,1011.641065936,-63.7,0.2308,318.6,0.22640336322869953,long_nclose,72.13211152466367,0.07141671052005637,3.0
1673531880000.0,16676,1673531880000.0,0.23346141255605535,-0.0024510960000000003,1010.2482877772197,1011.60144484,-53.1,0.2308,265.5,0.22640336322869953,long_nclose,60.110092937219726,0.05950031657017292,7.0
1673532060000.0,16679,1673532060000.0,0.1943313452914811,-0.0020402720000000005,1010.4405788505112,1011.457814568,-44.2,0.2308,221.3,0.22640336322869953,long_nclose,50.103064282511205,0.049585364375913155,3.0
1673533140000.0,16697,1673533140000.0,0.06941372197309485,-0.001444752,1010.5085478204843,1011.001129816,-31.6,0.2286,189.7,0.22640336322869953,long_nclose,42.9487180044843,0.042502082834547275,18.0
1673533260000.0,16699,1673533260000.0,0.05952885650224273,-0.0012390120000000003,1010.5668376649865,1010.9890508039999,-27.1,0.2286,162.6,0.22640336322869953,long_nclose,36.81318686098654,0.03642825539975863,2.0
1673533440000.0,16702,1673533440000.0,0.050961973094170894,-0.001060704,1010.6167389340807,1010.9787101,-23.2,0.2286,139.4,0.22640336322869953,long_nclose,31.560628834080717,0.031229077867212445,3.0
1673533920000.0,16710,1673533920000.0,0.0,-0.0037715200000000004,1010.6129674140807,1010.67953858,83.0,0.2272,222.4,0.22670066921798881,long_ientry_partial,50.418228834080715,0.049888761038846575,8.0
1673536200000.0,16748,1673536200000.0,0.06971878578975432,-0.0014512260000000001,1010.6812349738705,1011.119717354,-31.7,0.2289,190.7,0.22670066921798881,long_nclose,43.23181761987046,0.04277492855696302,38.0
1673537700000.0,16773,1673537700000.0,0.13945878578975457,-0.001465174,1010.8192285856602,1011.58232218,-31.7,0.2311,159.0,0.22670066921798881,long_nclose,36.04540640566022,0.03565959707364789,25.0
1673537820000.0,16775,1673537820000.0,0.1165822657232964,-0.00122483,1010.9345860213836,1011.57049735,-26.5,0.2311,132.5,0.22670066921798881,long_nclose,30.03783867138352,0.029712939973297294,2.0
1673538300000.0,16783,1673538300000.0,0.09678527720424607,-0.00101684,1011.0303544585878,1011.56068051,-22.0,0.2311,110.5,0.22670066921798881,long_nclose,25.050423948587763,0.024777123493984907,8.0
1673538600000.0,16788,1673538600000.0,0.08094768638900579,-0.000850448,1011.1104516969767,1011.552470062,-18.4,0.2311,92.1,0.22670066921798881,long_nclose,20.87913163497677,0.020649704095071615,5.0
1673540220000.0,16815,1673540220000.0,0.06730976096477113,-0.0007071660000000001,1011.1770542919415,1011.468842896,-15.3,0.2311,76.8,0.22670066921798881,long_nclose,17.41061139594154,0.017218163052694076,27.0
1673540340000.0,16817,1673540340000.0,0.05631143400974317,-0.0005916160000000001,1011.2327741099514,1011.5399312800001,-12.8,0.2311,64.0,0.22670066921798881,long_nclose,14.508842829951284,0.014347678597266012,2.0
1673541000000.0,16828,1673541000000.0,0.08447143400974327,-0.0005972480000000001,1011.3166482959612,1011.6391740320001,-12.8,0.2333,51.2,0.22670066921798881,long_nclose,11.607074263961028,0.011477190930771888,11.0
1673541060000.0,16829,1673541060000.0,0.06731317397651415,-0.000475932,1011.3834855379376,1011.6622581000001,-10.2,0.2333,41.0,0.22670066921798881,long_nclose,9.294727437937542,0.009190111931671333,1.0
1673541480000.0,16836,1673541480000.0,0.05411451241249177,-0.000382612,1011.4372174383502,1011.6766354880002,-8.2,0.2333,32.8,0.22670066921798881,long_nclose,7.435781950350033,0.007351698970681058,7.0
1673542260000.0,16849,1673542260000.0,0.04289565008307275,-0.00030329,1011.4798097984333,1011.6586321980002,-6.5,0.2333,26.3,0.22670066921798881,long_nclose,5.962227600433106,0.005894559182176116,13.0
1673544780000.0,16891,1673544780000.0,0.0343165200664582,-0.000242632,1011.5138836864998,1011.6573495660002,-5.2,0.2333,21.1,0.22670066921798881,long_nclose,4.783384120499564,0.004728935704833179,42.0
1673544960000.0,16894,1673544960000.0,0.02771718928444701,-0.00019597200000000001,1011.5414049037842,1011.6647635940002,-4.2,0.2333,16.9,0.22670066921798881,long_nclose,3.831241309784011,0.003787527916515124,3.0
1673545020000.0,16895,1673545020000.0,0.03653718928444697,-0.000197736,1011.5777443570686,1011.6958458580001,-4.2,0.2354,12.7,0.22670066921798881,long_nclose,2.8790984990684576,0.002846146542002399,1.0
1673545140000.0,16897,1673545140000.0,0.02696792542423467,-0.00014594800000000002,1011.6045663344929,1011.6938399100002,-3.1,0.2354,9.6,0.22670066921798881,long_nclose,2.1763264244926925,0.002151360815203238,2.0
1673546160000.0,16914,1673546160000.0,0.02087839387682684,-0.000112992,1011.6253317363697,1011.6886869180003,-2.4,0.2354,7.2,0.22670066921798881,long_nclose,1.6322448183695195,0.001613487491033769,17.0
1673547420000.0,16935,1673547420000.0,0.015658795407620132,-8.4744e-05,1011.6409057877773,1011.6884221740002,-1.8,0.2354,5.4,0.22670066921798881,long_nclose,1.2241836137771396,0.0012100969887371771,21.0
1673547660000.0,16939,1673547660000.0,0.011309130016614538,-6.1204e-05,1011.652153713794,1011.6882309700002,-1.3,0.2354,4.1,0.22670066921798881,long_nclose,0.9294727437937541,0.0009187671279912194,4.0
1673549640000.0,16972,1673549640000.0,0.008699330782011183,-4.708e-05,1011.6608059645761,1011.6880838900003,-1.0,0.2354,3.1,0.22670066921798881,long_nclose,0.7027720745757653,0.0006946716433337571,33.0
1673551380000.0,17001,1673551380000.0,0.01089933078201119,-4.7520000000000006e-05,1011.6716577753581,1011.6943363700003,-1.0,0.2376,2.1,0.22670066921798881,long_nclose,0.47607140535777653,0.00047057896867907346,29.0
1673551440000.0,17002,1673551440000.0,0.007629531547407833,-3.3264e-05,1011.6792540429055,1011.6964731060003,-0.7,0.2376,1.4,0.22670066921798881,long_nclose,0.3173809369051843,0.0003137169568683516,1.0
1673552280000.0,17016,1673552280000.0,0.004359732312804477,-1.9008000000000005e-05,1011.6835947672183,1011.6948940980003,-0.4,0.2376,1.0,0.22670066921798881,long_nclose,0.22670066921798881,0.0002240825791685899,14.0
1673552520000.0,17020,1673552520000.0,0.003269799234603357,-1.4256e-05,1011.686850310453,1011.6947598420004,-0.3,0.2376,0.7,0.22670066921798881,long_nclose,0.15869046845259216,0.00015685730065968074,4.0
1673552820000.0,17025,1673552820000.0,0.0021798661564022383,-9.504000000000003e-06,1011.6890206726094,1011.6946703380005,-0.2,0.2376,0.5,0.22670066921798881,long_nclose,0.11335033460899441,0.00011204068868280767,5.0
1673555640000.0,17072,1673555640000.0,0.0010899330782011192,-4.752000000000001e-06,1011.6901058536877,1011.6946255860005,-0.1,0.2376,0.4,0.22670066921798881,long_nclose,0.09068026768719553,8.963245480262694e-05,47.0
1673559180000.0,17131,1673559180000.0,0.0010899330782011192,-4.752000000000001e-06,1011.6911910347659,1011.6944308340005,-0.1,0.2376,0.3,0.22670066921798881,long_nclose,0.06801020076539664,6.72242689944105e-05,59.0
1673559600000.0,17138,1673559600000.0,0.0010899330782011192,-4.752000000000001e-06,1011.6922762158441,1011.6945360820005,-0.1,0.2376,0.2,0.22670066921798881,long_nclose,0.045340133843597766,4.481613125800366e-05,7.0
1673560500000.0,17153,1673560500000.0,0.0010899330782011192,-4.752000000000001e-06,1011.6933613969223,1011.6944913300006,-0.1,0.2376,0.1,0.22670066921798881,long_nclose,0.022670066921798883,2.2408041593251724e-05,15.0
1673562840000.0,17192,1673562840000.0,0.0010899330782011192,-4.752000000000001e-06,1011.6944465780006,1011.6944465780006,-0.1,0.2376,0.0,0.22670066921798881,long_nclose,0.0,0.0,39.0
1673573700000.0,17373,1673573700000.0,0.0,-0.010116704,1011.6843298740006,1011.5980098740006,215.8,0.2344,215.8,0.2344,long_ientry_normal,50.58352,0.04999931155037252,181.0
1673580060000.0,17479,1673580060000.0,0.07083999999999989,-0.001458072,1011.7537118020006,1012.2347118020006,-30.8,0.2367,185.0,0.2344,long_nclose,43.364,0.04286023317153523,106.0
1673580540000.0,17487,1673580540000.0,0.060719999999999906,-0.001249776,1011.8131820260005,1012.2255420260005,-26.4,0.2367,158.6,0.2344,long_nclose,37.17584,0.036741802400282124,8.0
1673582460000.0,17519,1673582460000.0,0.1188000000000001,-0.001261392,1011.9307206340005,1012.5388406340005,-26.4,0.2389,132.2,0.2344,long_nclose,30.987679999999997,0.030622333493922807,32.0
1673582820000.0,17525,1673582820000.0,0.09900000000000009,-0.00105116,1012.0286694740006,1012.5355894740006,-22.0,0.2389,110.2,0.2344,long_nclose,25.83088,0.025523861901486977,6.0
1673583300000.0,17533,1673583300000.0,0.08235000000000008,-0.0008743740000000001,1012.1101451000006,1012.5328851000006,-18.3,0.2389,91.9,0.2344,long_nclose,21.54136,0.021283612365995627,8.0
1673587380000.0,17601,1673587380000.0,0.06885000000000006,-0.0007310340000000001,1012.1782640660007,1012.5306240660007,-15.3,0.2389,76.6,0.2344,long_nclose,17.955039999999997,0.01773900965613821,68.0
1673589660000.0,17639,1673589660000.0,0.025069999999999964,-0.000516006,1012.2028180600007,1012.3736380600008,-10.9,0.2367,65.7,0.2344,long_nclose,15.40008,0.015214421186374453,38.0
1673590560000.0,17654,1673590560000.0,0.021389999999999968,-0.0004402620000000001,1012.2237677980007,1012.3704077980008,-9.3,0.2367,56.4,0.2344,long_nclose,13.22016,0.013060511342031848,15.0
1673594640000.0,17722,1673594640000.0,0.018399999999999972,-0.00037872000000000003,1012.2417890780008,1012.3676290780008,-8.0,0.2367,48.4,0.2344,long_nclose,11.34496,0.011207757002735031,68.0
1673595000000.0,17728,1673595000000.0,0.015869999999999978,-0.000326646,1012.2573324320008,1012.3652324320008,-6.9,0.2367,41.5,0.2344,long_nclose,9.7276,0.009609809371920217,6.0
1673598300000.0,17783,1673598300000.0,0.03105000000000003,-0.00032968200000000003,1012.2880527500008,1012.4299127500008,-6.9,0.2389,34.6,0.2344,long_nclose,8.110240000000001,0.008011790693338294,55.0
1673600640000.0,17822,1673600640000.0,0.025650000000000023,-0.000272346,1012.3134304040009,1012.4319204040008,-5.7,0.2389,28.9,0.2344,long_nclose,6.774159999999999,0.0066917614609701675,39.0
1673600700000.0,17823,1673600700000.0,0.02160000000000002,-0.000229344,1012.3348010600009,1012.4336110600009,-4.8,0.2389,24.1,0.2344,long_nclose,5.64904,0.005580209229283606,1.0
1673600940000.0,17827,1673600940000.0,0.018000000000000016,-0.00019112,1012.352609940001,1012.445069940001,-4.0,0.2389,20.1,0.2344,long_nclose,4.7114400000000005,0.004653951551800941,4.0
1673604960000.0,17894,1673604960000.0,0.014850000000000012,-0.000157674,1012.367302266001,1012.444582266001,-3.3,0.2389,16.8,0.2344,long_nclose,3.93792,0.0038898135006787344,67.0
1673605320000.0,17900,1673605320000.0,0.01260000000000001,-0.000133784,1012.379768482001,1012.444168482001,-2.8,0.2389,14.0,0.2344,long_nclose,3.2816,0.0032414713353276017,6.0
1673605980000.0,17911,1673605980000.0,0.0,-0.009463266000000001,1012.370305216001,1012.252775216001,199.9,0.2367,213.9,0.2365494623655914,long_ientry_partial,50.597930000000005,0.04997966627360168,11.0
1673639100000.0,18463,1673639100000.0,0.06864139784946248,-0.0014566800000000001,1012.4374899338504,1012.886918536001,-30.5,0.2388,183.4,0.2365494623655914,long_nclose,43.383171397849466,0.04285022219068951,552.0
1673639880000.0,18476,1673639880000.0,0.13879139784946237,-0.00147071,1012.5748106216998,1013.2552978260009,-30.5,0.2411,152.9,0.2365494623655914,long_nclose,36.16841279569893,0.03571924999150658,13.0
1673640300000.0,18483,1673640300000.0,0.1155836559139785,-0.001224788,1012.6891694896138,1013.3203630380009,-25.4,0.2411,127.5,0.2365494623655914,long_nclose,30.160056451612903,0.029782145756346242,7.0
1673641440000.0,18502,1673641440000.0,0.09647139784946236,-0.0010222640000000002,1012.7846186234633,1013.310860774001,-21.2,0.2411,106.3,0.2365494623655914,long_nclose,25.145207849462366,0.024827793972265037,19.0
1673641860000.0,18509,1673641860000.0,0.08054451612903225,-0.0008534940000000001,1012.8643096455924,1013.302927280001,-17.7,0.2411,88.6,0.2365494623655914,long_nclose,20.958282365591398,0.020692092875624016,7.0
1673643000000.0,18528,1673643000000.0,0.1212545161290322,-0.000861636,1012.9847025257214,1013.442045644001,-17.7,0.2434,70.9,0.2365494623655914,long_nclose,16.771356881720433,0.016556377248248304,19.0
1673643060000.0,18529,1673643060000.0,0.09659258064516124,-0.000686388,1013.0806087183666,1013.4753992560011,-14.1,0.2434,56.8,0.2365494623655914,long_nclose,13.436009462365591,0.01326252752914034,1.0
1673644380000.0,18551,1673644380000.0,0.12993763440860204,-0.000697788,1013.2098485647753,1013.6124414680011,-14.2,0.2457,42.6,0.2365494623655914,long_nclose,10.077007096774194,0.009945626871914444,22.0
1673644980000.0,18561,1673644980000.0,0.16117763440860217,-0.000704036,1013.3703221631838,1013.695517432001,-14.2,0.2479,28.4,0.2365494623655914,long_nclose,6.718004731182796,0.006629367946006406,10.0
1673645280000.0,18566,1673645280000.0,0.06496881720430102,-0.000348894,1013.4349420863881,1013.636238538001,-7.1,0.2457,21.3,0.2365494623655914,long_nclose,5.038503548387097,0.004971708926884031,5.0
1673645760000.0,18574,1673645760000.0,0.08058881720430108,-0.000352018,1013.5151788855925,1013.6777765200011,-7.1,0.2479,14.2,0.2365494623655914,long_nclose,3.359002365591398,0.0033142102215822544,8.0
1673646360000.0,18584,1673646360000.0,0.05334752688172043,-0.000233026,1013.5682933864741,1013.672323494001,-4.7,0.2479,9.5,0.2365494623655914,long_nclose,2.2472198924731184,0.002217137125476608,10.0
1673647320000.0,18600,1673647320000.0,0.03518666666666667,-0.00015369800000000002,1013.6033263551408,1013.673409796001,-3.1,0.2479,6.4,0.2365494623655914,long_nclose,1.5139165591397852,0.0014935986492701657,16.0
1673647380000.0,18601,1673647380000.0,0.023836129032258065,-0.00010411800000000001,1013.6270583661731,1013.680595678001,-2.1,0.2479,4.3,0.2365494623655914,long_nclose,1.017162688172043,0.001003488097300371,1.0
1673648880000.0,18626,1673648880000.0,0.015890752688172045,-6.9412e-05,1013.6428797068612,1013.674636266001,-1.4,0.2479,2.9,0.2365494623655914,long_nclose,0.6859934408602151,0.0006767604790541219,25.0
1673649540000.0,18637,1673649540000.0,0.010215483870967743,-4.4622e-05,1013.6530505687322,1013.675951644001,-0.9,0.2479,2.0,0.2365494623655914,long_nclose,0.4730989247311828,0.0004667266817435614,11.0
1673650800000.0,18658,1673650800000.0,0.004575268817204298,-2.457e-05,1013.6576012675494,1013.6717770740009,-0.5,0.2457,1.5,0.2365494623655914,long_nclose,0.3548241935483871,0.00035004343982099063,21.0
1673652480000.0,18686,1673652480000.0,0.005675268817204301,-2.479e-05,1013.6632517463665,1013.674702284001,-0.5,0.2479,1.0,0.2365494623655914,long_nclose,0.2365494623655914,0.00023336099237893608,28.0
1673654100000.0,18713,1673654100000.0,0.003405161290322581,-1.4874000000000002e-05,1013.6666420336568,1013.6746574100009,-0.3,0.2479,0.7,0.2365494623655914,long_nclose,0.16558462365591398,0.00016335214831940387,27.0
1673654520000.0,18720,1673654520000.0,0.0022701075268817205,-9.916000000000001e-06,1013.6689022251837,1013.674877494001,-0.2,0.2479,0.5,0.2365494623655914,long_nclose,0.1182747311827957,0.00011667984577919043,7.0
1673654640000.0,18722,1673654640000.0,0.0027301075268817143,-1.0008000000000001e-05,1013.6716223247106,1013.6756574860009,-0.2,0.2502,0.3,0.2365494623655914,long_nclose,0.07096483870967742,7.000771960739094e-05,2.0
1673654760000.0,18724,1673654760000.0,0.0013650537634408572,-5.004000000000001e-06,1013.6729823744741,1013.675672482001,-0.1,0.2502,0.2,0.2365494623655914,long_nclose,0.04730989247311829,4.66717504518049e-05,2.0
1673655060000.0,18729,1673655060000.0,0.0013650537634408572,-5.004000000000001e-06,1013.6743424242377,1013.6757374780011,-0.1,0.2502,0.1,0.2365494623655914,long_nclose,0.023654946236559143,2.333584391609194e-05,5.0
1673655900000.0,18743,1673655900000.0,0.0013650537634408572,-5.004000000000001e-06,1013.6757024740012,1013.6757024740012,-0.1,0.2502,0.0,0.2365494623655914,long_nclose,0.0,0.0,14.0
1673687820000.0,19275,1673687820000.0,0.0,-0.010138524000000001,1013.6655639500012,1012.9019439500013,195.8,0.2589,195.8,0.2589,long_ientry_normal,50.692620000000005,0.050009215862541034,532.0
1673687940000.0,19277,1673687940000.0,0.0,-0.010134448,1013.6554295020012,1011.5905695020012,201.4,0.2516,397.2,0.25519853977844914,long_rentry,101.36486,0.09999932625014354,2.0
1673688000000.0,19278,1673688000000.0,0.0,-0.010137600000000002,1013.6452919020012,1011.7914319020011,204.8,0.2475,602.0,0.2525795016611296,long_rentry,152.05286,0.15000598455371744,1.0
1673688060000.0,19279,1673688060000.0,0.0,-0.014577090000000003,1013.6307148120012,1005.6165048120012,298.1,0.2445,900.1,0.2499036884790579,long_rentry,224.93831,0.22191347076703322,1.0
1673688060000.0,19279,1673688060000.0,0.0,-0.021505392,1013.6092094200012,1005.5058394200013,445.8,0.2412,1345.9,0.24702078163310792,long_rentry,332.46527,0.3280014298510966,0.0
1673688180000.0,19281,1673688180000.0,0.4572857701166594,-0.009586936,1014.0569082541178,1016.3403324840012,-192.2,0.2494,1153.7,0.24702078163310792,long_nclose,284.9878757701166,0.28103735939314756,2.0
1673688240000.0,19282,1673688240000.0,0.3920951868638162,-0.008220224,1014.4407832169817,1016.3980322600013,-164.8,0.2494,988.9,0.24702078163310792,long_nclose,244.27885095698042,0.24080148885805483,1.0
1673688300000.0,19283,1673688300000.0,0.33594563340516287,-0.007043056000000001,1014.7696857943868,1018.5667192040012,-141.2,0.2494,847.7,0.24702078163310792,long_nclose,209.3995165903856,0.20635176584572731,1.0
1673688360000.0,19284,1673688360000.0,0.6748256334051648,-0.007110832000000001,1015.4374005957919,1019.3084683720011,-141.2,0.2518,706.5,0.24702078163310792,long_nclose,174.52018222379075,0.171867002457654,1.0
1673688540000.0,19287,1673688540000.0,1.0144235552418481,-0.007183692000000001,1016.4446404590337,1020.3892946800012,-141.3,0.2542,565.2,0.24702078163310792,long_nclose,139.61614577903262,0.13735735348654204,3.0
1673688600000.0,19288,1673688600000.0,0.8112516754588027,-0.00574492,1017.2501472144926,1019.9539497600011,-113.0,0.2542,452.2,0.24702078163310792,long_nclose,111.7027974544914,0.10980858322838687,1.0
1673688720000.0,19290,1673688720000.0,0.35987514302697526,-0.0037921080000000006,1017.6062302495196,1019.1059976520013,-75.3,0.2518,376.9,0.24702078163310792,long_nclose,93.10213259751838,0.09149131543218784,2.0
1673688780000.0,19291,1673688780000.0,0.300134913440824,-0.0031626080000000003,1017.9032025549604,1019.7812750440013,-62.8,0.2518,314.1,0.24702078163310792,long_nclose,77.5892275109592,0.07622456370724491,1.0
1673689080000.0,19296,1673689080000.0,0.4508549134408213,-0.003192752,1018.3508647164012,1020.3560422920012,-62.8,0.2542,251.3,0.24702078163310792,long_nclose,62.076322424400026,0.06095769599183043,5.0
1673689500000.0,19303,1673689500000.0,0.19977132773608985,-0.002105048,1018.5485309961374,1019.8011772440013,-41.8,0.2518,209.5,0.24702078163310792,long_nclose,51.75085375213611,0.05080843197675022,7.0
1673689620000.0,19305,1673689620000.0,0.30080924957277727,-0.002130196,1018.8472100497102,1020.1007270480013,-41.9,0.2542,167.6,0.24702078163310792,long_nclose,41.400683001708884,0.04063482982859513,2.0
1673689800000.0,19308,1673689800000.0,0.240503815290884,-0.00170314,1019.0860107250011,1020.0219239080013,-33.5,0.2542,134.1,0.24702078163310792,long_nclose,33.12548681699977,0.03250509423972324,3.0
1673689860000.0,19309,1673689860000.0,0.1924030522327072,-0.001362512,1019.2770512652338,1020.0795713960014,-26.8,0.2542,107.3,0.24702078163310792,long_nclose,26.50532986923248,0.026004048493323065,1.0
1673690520000.0,19320,1673690520000.0,0.0,-0.0047226,1019.2723286652338,1019.9285987960013,92.6,0.255,199.9,0.25071700785008744,long_ientry_partial,50.11832986923248,0.04917069605417805,11.0
1673690760000.0,19324,1673690760000.0,0.16260363859208815,-0.0017022959999999998,1019.4332300078258,1020.2300765000012,-33.3,0.2556,166.6,0.25071700785008744,long_nclose,41.769453507824565,0.04097321166144831,4.0
1673692620000.0,19355,1673692620000.0,0.05671521316791881,-0.0012047560000000002,1019.4887404649937,1019.8861517440013,-23.8,0.2531,142.8,0.25071700785008744,long_nclose,35.80238872099249,0.03511798345576906,31.0
1673693400000.0,19368,1673693400000.0,0.11621521316791887,-0.0012166560000000002,1019.6037390221617,1020.2324150880013,-23.8,0.2556,119.0,0.25071700785008744,long_nclose,29.835323934160407,0.029261685488495368,13.0
1673693700000.0,19373,1673693700000.0,0.0,-0.00410112,1019.5996379021617,1020.1287639680013,80.1,0.256,199.1,0.2528424105181336,long_ientry_partial,50.3409239341604,0.049373226571301505,5.0
1673694180000.0,19381,1673694180000.0,0.06979554128500627,-0.0014501040000000002,1019.6679833394467,1020.1216338640013,-28.4,0.2553,170.7,0.2528424105181336,long_nclose,43.1601994754454,0.04232769899677963,8.0
1673694600000.0,19388,1673694600000.0,0.13795554128500506,-0.001463736,1019.8044751447317,1020.5384001280013,-28.4,0.2577,142.3,0.2528424105181336,long_nclose,35.97947501673042,0.03528075811946616,7.0
1673694780000.0,19391,1673694780000.0,0.1151248707202331,-0.001221498,1019.918378517452,1020.5300686300013,-23.7,0.2577,118.6,0.2528424105181336,long_nclose,29.987109887450643,0.029401480078278176,3.0
1673694900000.0,19393,1673694900000.0,0.0,-0.0041017200000000005,1019.914276797452,1020.3081669100013,79.8,0.257,198.4,0.2545146667714246,long_ientry_partial,50.49570988745064,0.04950975884562379,2.0
1673695500000.0,19403,1673695500000.0,0.07033493036868424,-0.0014546200000000002,1019.9831571078206,1020.4909622900013,-28.3,0.257,170.1,0.2545146667714246,long_nclose,43.29294481781932,0.04244476442197064,10.0
1673695680000.0,19406,1673695680000.0,0.06039359745438258,-0.0012490200000000002,1020.042301685275,1020.4775632700013,-24.3,0.257,145.8,0.2545146667714246,long_nclose,37.10823841527371,0.036379117173831806,3.0
1673695920000.0,19410,1673695920000.0,0.05169493115436863,-0.00106912,1020.0929274964293,1020.4660941500013,-20.8,0.257,125.0,0.2545146667714246,long_nclose,31.814333346428075,0.031187681522808555,4.0
1673695980000.0,19411,1673695980000.0,0.0,-0.0037764300000000008,1020.0891510664293,1020.3079177200012,73.5,0.2569,198.5,0.25539790098956205,long_ientry_partial,50.69648334642807,0.04969809089080946,1.0
1673697240000.0,19432,1673697240000.0,0.07080940199539437,-0.0014597140000000002,1020.1585007544246,1020.5162780060011,-28.3,0.2579,170.2,0.25539790098956205,long_nclose,43.46872274842346,0.0426097735952576,21.0
1673697300000.0,19433,1673697300000.0,0.06080100595364252,-0.0012533940000000001,1020.2180483663783,1020.5976946120012,-24.3,0.2579,145.9,0.25539790098956205,long_nclose,37.2625537543771,0.036524107580770286,1.0
1673697780000.0,19441,1673697780000.0,0.0,-0.0027077260000000006,1020.2153406403783,1020.3550568860012,52.7,0.2569,198.6,0.2557964942315061,long_ientry_partial,50.80118375437711,0.04979456956850869,8.0
1673698860000.0,19459,1673698860000.0,0.07084921324837727,-0.0014619779999999998,1020.2847278756267,1020.7451349080012,-28.3,0.2583,170.3,0.2557964942315061,long_nclose,43.56214296762549,0.04269606490957467,18.0
1673699520000.0,19470,1673699520000.0,0.13876921324837765,-0.0014755620000000001,1020.422021526875,1021.2319193460012,-28.3,0.2607,142.0,0.2557964942315061,long_nclose,36.32310218087386,0.035596156702422964,11.0
1673700240000.0,19482,1673700240000.0,0.11572273613645628,-0.001230504,1020.5365137590115,1021.1526088420012,-23.6,0.2607,118.4,0.2557964942315061,long_nclose,30.28630491701032,0.02967684596159594,12.0
1673702280000.0,19516,1673702280000.0,0.0,-0.0041152,1020.5323985590115,1020.6588936420012,80.0,0.2572,198.4,0.25636242397686654,long_ientry_partial,50.86230491701032,0.049838990892232066,34.0
1673703900000.0,19543,1673703900000.0,0.06898340145467625,-0.001464808,1020.5999171524662,1020.9635188340012,-28.3,0.2588,170.1,0.25636242397686654,long_nclose,43.607248318465,0.04272707413119509,27.0
1673704620000.0,19555,1673704620000.0,0.05923309736214251,-0.001257768,1020.6578924818284,1021.1153510660013,-24.3,0.2588,145.8,0.25636242397686654,long_nclose,37.37764141582714,0.0366211261296768,12.0
1673705160000.0,19564,1673705160000.0,0.05070158128117548,-0.001076608,1020.7075174551096,1021.0372144580012,-20.8,0.2588,125.0,0.25636242397686654,long_nclose,32.045302997108315,0.03139518662212425,9.0
1673706780000.0,19591,1673706780000.0,0.10270158128117553,-0.001087008,1020.8091320283908,1021.2923674500013,-20.8,0.2613,104.2,0.25636242397686654,long_nclose,26.712964578389492,0.02616842242125098,27.0
1673706840000.0,19592,1673706840000.0,0.08542006520020849,-0.000904098,1020.893647995591,1021.3401033520013,-17.3,0.2613,86.9,0.25636242397686654,long_nclose,22.277894643589704,0.021821954409580104,1.0
1673707080000.0,19596,1673707080000.0,0.0,-0.0057377899999999996,1020.887910205591,1020.8106655620013,111.5,0.2573,198.4,0.25688933792131907,long_ientry_partial,50.9668446435897,0.04992403586533391,4.0
1673712060000.0,19679,1673712060000.0,0.07105173682667082,-0.001468204,1020.9574937384176,1021.4015673580012,-28.3,0.2594,170.1,0.25688933792131907,long_nclose,43.69687638041637,0.04279989779046773,83.0
1673712360000.0,19684,1673712360000.0,0.06100908851194702,-0.0012606840000000002,1021.0172421429295,1021.3978766740012,-24.3,0.2594,145.8,0.25688933792131907,long_nclose,37.454465468928326,0.03668347988944654,5.0
1673712540000.0,19687,1673712540000.0,0.052221771236563706,-0.0010791040000000002,1021.068384810166,1021.3947175700011,-20.8,0.2594,125.0,0.25688933792131907,long_nclose,32.11116724016488,0.03144859611546478,3.0
1673712660000.0,19689,1673712660000.0,0.044689785000520864,-0.0009234640000000001,1021.1121511311665,1021.392014106001,-17.8,0.2594,107.2,0.25688933792131907,long_nclose,27.538537025165404,0.026969160042468198,2.0
1673713200000.0,19698,1673713200000.0,0.038413129803818495,-0.0007937640000000001,1021.1497704969703,1021.4356403420011,-15.3,0.2594,91.9,0.25688933792131907,long_nclose,23.608130154969224,0.023119165118628666,9.0
1673713860000.0,19709,1673713860000.0,0.0,-0.0054865140000000005,1021.1442839829703,1021.143783828001,106.7,0.2571,198.6,0.25700251840367183,long_ientry_partial,51.04070015496922,0.04998382790322747,11.0
1673739840000.0,20142,1673739840000.0,0.07067872917608742,-0.00146877,1021.2134939421463,1021.723965058001,-28.3,0.2595,170.3,0.25700251840367183,long_nclose,43.767528884145314,0.042858353462596165,433.0
1673740020000.0,20145,1673740020000.0,0.0606888027907747,-0.00126117,1021.2729215749371,1021.637553888001,-24.3,0.2595,146.0,0.25700251840367183,long_nclose,37.522367686936086,0.03674078387300396,3.0
1673740080000.0,20146,1673740080000.0,0.05194761720362608,-0.0010795200000000003,1021.3237896721407,1021.699074368001,-20.8,0.2595,125.2,0.25700251840367183,long_nclose,32.17671530413971,0.031504911203986435,1.0
1673740860000.0,20159,1673740860000.0,0.04445517241464155,-0.0009238200000000001,1021.3673210245553,1021.742950548001,-17.8,0.2595,107.4,0.25700251840367183,long_nclose,27.602070476554356,0.02702462660433088,13.0
1673741160000.0,20164,1673741160000.0,0.03821146842382111,-0.0007940700000000001,1021.4047384229791,1021.6808064780009,-15.3,0.2595,92.1,0.25700251840367183,long_nclose,23.669931944978174,0.02317390066304558,5.0
1673742120000.0,20180,1673742120000.0,0.03271700891189912,-0.00067989,1021.4367755418909,1021.6735765880009,-13.1,0.2595,79.0,0.25700251840367183,long_nclose,20.303198953890075,0.019877098064262327,16.0
1673742300000.0,20183,1673742300000.0,0.02797179387887558,-0.0005812800000000001,1021.4641660557699,1021.6673953080009,-11.2,0.2595,67.8,0.25700251840367183,long_nclose,17.42477074776895,0.01705862165978086,3.0
1673742480000.0,20186,1673742480000.0,0.0239758233247505,-0.0004982400000000001,1021.4876436390947,1021.632997068001,-9.6,0.2595,58.2,0.25700251840367183,long_nclose,14.957546571093701,0.014642905045632058,3.0
1673742720000.0,20190,1673742720000.0,0.0,-0.007235087999999999,1021.4804085510947,1021.194421980001,141.2,0.2562,199.4,0.25643423556215494,long_ientry_partial,51.132986571093696,0.05005772616199522,4.0
1673766660000.0,20589,1673766660000.0,0.0,-0.010217200000000001,1021.4701913510946,1020.149004780001,205.0,0.2492,404.4,0.25276702910755117,long_rentry,102.21898657109368,0.10007045475883053,399.0
1673773860000.0,20709,1673773860000.0,0.0,-0.010215032,1021.4599763190946,1018.5836797480009,208.3,0.2452,612.7,0.25019446151639246,long_rentry,153.29414657109368,0.1500735712851915,120.0
1673781900000.0,20843,1673781900000.0,0.21048461731565868,-0.0044205,1021.6660404364102,1023.1395092480009,-87.5,0.2526,525.2,0.25019446151639246,long_nclose,131.40213118840933,0.12861554166200942,134.0
1673782260000.0,20849,1673782260000.0,0.18041538627056458,-0.0037890000000000003,1021.8426668226807,1023.5559202480008,-75.0,0.2526,450.2,0.25019446151639246,long_nclose,112.63754657467989,0.1102298330572898,6.0
1673783040000.0,20862,1673783040000.0,0.3604153862705656,-0.0038250000000000003,1022.1992572089513,1024.1898952480008,-75.0,0.255,375.2,0.25019446151639246,long_nclose,93.87296196095045,0.09183430852538915,13.0
1673783580000.0,20871,1673783580000.0,0.3003461552254713,-0.0031875000000000002,1022.4964158641768,1023.9991077480009,-62.5,0.255,312.7,0.25019446151639246,long_nclose,78.23580811617592,0.07651450597022763,9.0
1673784180000.0,20881,1673784180000.0,0.2503685549959529,-0.0026571000000000003,1022.7441273191728,1023.9964506480009,-52.1,0.255,260.6,0.25019446151639246,long_nclose,65.20067667117188,0.06375072213034999,10.0
1673786640000.0,20922,1673786640000.0,0.08948603159020004,-0.001879344,1022.831734006763,1023.4584913040009,-37.2,0.2526,223.4,0.25019446151639246,long_nclose,55.89344270276208,0.054645784682304854,41.0
1673787660000.0,20939,1673787660000.0,0.07673667762708013,-0.0016115879999999997,1022.9068590963901,1023.444119716001,-31.9,0.2526,191.5,0.25019446151639246,long_nclose,47.91223938038916,0.04683929817687762,17.0
1673789460000.0,20969,1673789460000.0,0.15329667762708055,-0.0016269,1023.0585288740172,1023.905292816001,-31.9,0.255,159.6,0.25019446151639246,long_nclose,39.93103605801623,0.03903103774714093,30.0
1673789940000.0,20977,1673789940000.0,0.1278273236639606,-0.0013566000000000001,1023.1849995976811,1023.8906362160009,-26.6,0.255,133.0,0.25019446151639246,long_nclose,33.275863381680196,0.0325218444316173,8.0
1673793840000.0,21042,1673793840000.0,0.10620240048772667,-0.0011271000000000002,1023.2900748981689,1023.878459116001,-22.1,0.255,110.9,0.25019446151639246,long_nclose,27.746565782167927,0.027115054140370787,65.0
1673793960000.0,21044,1673793960000.0,0.08842190809837874,-0.0009383999999999999,1023.3775584062672,1023.8220707160009,-18.4,0.255,92.5,0.25019446151639246,long_nclose,23.142987690266303,0.022614320101280592,2.0
1673794080000.0,21046,1673794080000.0,0.07400529264755613,-0.0007854,1023.4507782989148,1023.859835316001,-15.4,0.255,77.1,0.25019446151639246,long_nclose,19.28999298291386,0.018847992880493873,2.0
1673795400000.0,21068,1673795400000.0,0.11096529264755634,-0.0007927920000000001,1023.5609507995623,1024.0117025240008,-15.4,0.2574,61.7,0.25019446151639246,long_nclose,15.436998275561416,0.01508166002571971,22.0
1673797920000.0,21110,1673797920000.0,0.08862812334837292,-0.0006332040000000002,1023.6489457189107,1023.9851393200009,-12.3,0.2574,49.4,0.25019446151639246,long_nclose,12.359606398909788,0.012074067433566897,42.0
1673798640000.0,21122,1673798640000.0,0.07061427713935403,-0.0005045040000000001,1023.7190554920501,1023.9885548160009,-9.8,0.2574,39.6,0.25019446151639246,long_nclose,9.907700676049142,0.009678144235858744,12.0
1673798880000.0,21126,1673798880000.0,0.05692375402049968,-0.00040669200000000006,1023.7755725540707,1024.007158124001,-7.9,0.2574,31.7,0.25019446151639246,long_nclose,7.931164430069641,0.007746975648464945,4.0
1673799600000.0,21138,1673799600000.0,0.024988800114759215,-0.00026520000000000005,1023.8002961541855,1023.9276429240011,-5.2,0.255,26.5,0.25019446151639246,long_nclose,6.6301532301844,0.006476021988946457,12.0
1673799660000.0,21139,1673799660000.0,0.021144369327873183,-0.00022440000000000003,1023.8212161235134,1023.9384685240011,-4.4,0.255,22.1,0.25019446151639246,long_nclose,5.529297599512274,0.005400647605690193,1.0
1673801700000.0,21173,1673801700000.0,0.03170436932787324,-0.00022651200000000006,1023.8526939808412,1023.973152012001,-4.4,0.2574,17.7,0.25019446151639246,long_nclose,4.428441968840146,0.004325272565941027,34.0
1673801760000.0,21174,1673801760000.0,0.02521938469262644,-0.00018018000000000003,1023.8777331855338,1023.981471832001,-3.5,0.2574,14.2,0.25019446151639246,long_nclose,3.5527613535327727,0.0034699078204184245,1.0
1673803560000.0,21204,1673803560000.0,0.03361938469262629,-0.00018186,1023.9111707102264,1024.010739972001,-3.5,0.2598,10.7,0.25019446151639246,long_nclose,2.677080738225399,0.0026145634648838405,30.0
1673803620000.0,21205,1673803620000.0,0.024974400057379532,-0.000135096,1023.9360100142839,1024.015434876001,-2.6,0.2598,8.1,0.25019446151639246,long_nclose,2.026575138282779,0.0019792009641837953,1.0
1673803800000.0,21208,1673803800000.0,0.019211076967215024,-0.00010392,1023.955117171251,1024.014930956001,-2.0,0.2598,6.1,0.25019446151639246,long_nclose,1.5261862152499939,0.0014904815549593542,3.0
1673805840000.0,21242,1673805840000.0,0.0,-0.009930228,1023.945186943251,1023.948860728001,195.4,0.2541,201.5,0.25398176781761783,long_ientry_partial,51.17732621524999,0.04998053300883022,34.0
1673806140000.0,21247,1673806140000.0,0.0694032636343687,-0.0014717360000000002,1024.0131184708853,1024.3618689920008,-28.7,0.2564,172.8,0.25398176781761783,long_nclose,43.88804947888436,0.04285887425389676,5.0
1673806260000.0,21249,1673806260000.0,0.059488511686601755,-0.0012614880000000003,1024.071345494572,1024.4445475040009,-24.6,0.2564,148.2,0.25398176781761783,long_nclose,37.64009799057096,0.03675534732630645,2.0
1673809440000.0,21302,1673809440000.0,0.05102469904826411,-0.0010820080000000002,1024.1212881856202,1024.441355496001,-21.1,0.2564,127.1,0.25398176781761783,long_nclose,32.281082689619225,0.0315207613219425,53.0
1673813280000.0,21366,1673813280000.0,0.04377000250111755,-0.0009281680000000002,1024.1641300201213,1024.4386173280009,-18.1,0.2564,109.0,0.25398176781761783,long_nclose,27.684012692120344,0.02703083605513156,64.0
1673815740000.0,21407,1673815740000.0,0.08902000250111759,-0.0009372180000000002,1024.2522128046226,1024.662920110001,-18.1,0.2589,90.9,0.25398176781761783,long_nclose,23.086942694621463,0.022540290766279582,41.0
1673815800000.0,21408,1673815800000.0,0.07426530595397103,-0.0007818780000000001,1024.3256962325765,1024.7060782320011,-15.1,0.2589,75.8,0.25398176781761783,long_nclose,19.25181800057543,0.018794625646298576,1.0
1673816340000.0,21417,1673816340000.0,0.11050530595397039,-0.0007891259999999999,1024.4354124125305,1024.861419106001,-15.1,0.2613,60.7,0.25398176781761783,long_nclose,15.416693306529403,0.015048965625098136,9.0
1673816520000.0,21420,1673816520000.0,0.08855060940682395,-0.0006323459999999999,1024.5233306759374,1024.8887167600012,-12.1,0.2613,48.6,0.25398176781761783,long_nclose,12.343513915936226,0.012048055467699789,3.0
1673816700000.0,21423,1673816700000.0,0.11880060940682398,-0.000638396,1024.6414928893441,1025.0254083640011,-12.1,0.2638,36.5,0.25398176781761783,long_nclose,9.270334525343051,0.009047393248932384,3.0
1673816760000.0,21424,1673816760000.0,0.14784060940682414,-0.000644204,1024.7886892947508,1025.1063341600009,-12.1,0.2662,24.4,0.25398176781761783,long_nclose,6.197155134749875,0.006047251691482557,1.0
1673816820000.0,21425,1673816820000.0,0.1783424326250625,-0.0006553840000000001,1024.9663763433757,1025.1495987760009,-12.2,0.2686,12.2,0.25398176781761783,long_nclose,3.0985775673749374,0.0030231016732756486,1.0
1673817180000.0,21431,1673817180000.0,0.04887292872952864,-0.00021296,1025.0150363121052,1025.1176858160006,-4.0,0.2662,8.2,0.25398176781761783,long_nclose,2.082650496104466,0.00203182433654595,6.0
1673817360000.0,21434,1673817360000.0,0.03298922689243183,-0.00014374800000000002,1025.0478817909975,1025.1222320680006,-2.7,0.2662,5.5,0.25398176781761783,long_nclose,1.396899722996898,0.0013627653379042048,3.0
1673817420000.0,21435,1673817420000.0,0.039469226892431875,-0.00014504400000000002,1025.08720597389,1025.1306570240006,-2.7,0.2686,2.8,0.25398176781761783,long_nclose,0.7111489498893299,0.0006937448304348884,1.0
1673817480000.0,21436,1673817480000.0,0.04793105011067009,-0.000151816,1025.1349852080007,1025.1349852080007,-2.8,0.2711,0.0,0.25398176781761783,long_nclose,0.0,0.0,1.0
1673856540000.0,22087,1673856540000.0,0.0,-0.0102536,1025.1247316080007,1023.4768316080007,183.1,0.28,183.1,0.28,long_ientry_normal,51.268,0.05001147511052778,651.0
1673856540000.0,22087,1673856540000.0,0.0,-0.010252728000000001,1025.1144788800007,1023.2593388800007,188.4,0.2721,371.5,0.2759936473755047,long_rentry,102.53164,0.1000196974215231,0.0
1673856780000.0,22091,1673856780000.0,0.14343668909825152,-0.0029542200000000005,1025.254961349099,1025.8939846600008,-53.0,0.2787,318.5,0.2759936473755047,long_nclose,87.90397668909824,0.08573865038743955,4.0
1673857020000.0,22095,1673857020000.0,0.12313904441453669,-0.00253617,1025.3755642235135,1026.4692984900007,-45.5,0.2787,273.0,0.2759936473755047,long_nclose,75.34626573351278,0.07348162796386734,4.0
1673857560000.0,22104,1673857560000.0,0.10554775235531716,-0.00217386,1025.4789381158687,1026.1824246300007,-39.0,0.2787,234.0,0.2759936473755047,long_nclose,64.58251348586809,0.06297790338290783,9.0
1673857680000.0,22106,1673857680000.0,0.0903921776581434,-0.001861716,1025.5674685775268,1026.1705429140006,-33.4,0.2787,200.6,0.2759936473755047,long_nclose,55.36432566352624,0.05398408916023551,2.0
1673857920000.0,22110,1673857920000.0,0.07740168506056593,-0.0015941640000000001,1025.6432760985874,1026.1603687500005,-28.6,0.2787,172.0,0.2759936473755047,long_nclose,47.470907348586806,0.046284033108626145,4.0
1673858220000.0,22115,1673858220000.0,0.06630563930013514,-0.00136563,1025.7082161078874,1026.1516531200004,-24.5,0.2787,147.5,0.2759936473755047,long_nclose,40.709062987886945,0.03968873637608166,5.0
1673858460000.0,22119,1673858460000.0,0.05683340511440155,-0.00117054,1025.763878973002,1026.1441825800007,-21.0,0.2787,126.5,0.2759936473755047,long_nclose,34.91319639300134,0.03403628954838666,4.0
1673858520000.0,22120,1673858520000.0,0.0,-0.0031973400000000003,1025.760681633002,1025.9571852400006,57.3,0.279,183.8,0.27693088353101925,long_ientry_partial,50.89989639300134,0.049621609898294367,1.0
1673881560000.0,22504,1673881560000.0,0.0,-0.010258092000000002,1025.750423541002,1024.6480671480006,190.6,0.2691,374.4,0.27294432797276,long_rentry,102.19035639300135,0.09962497118960881,384.0
1673882040000.0,22512,1673882040000.0,0.0,-0.010259772000000002,1025.740163769002,1021.6875473760007,193.8,0.2647,568.2,0.27013237661563066,long_rentry,153.48921639300136,0.1496375220689587,8.0
1673883300000.0,22533,1673883300000.0,0.20823425647235289,-0.004423194,1025.9439748314744,1027.0972441820006,-81.1,0.2727,487.1,0.27013237661563066,long_nclose,131.5814806494737,0.12825406053102245,21.0
1673883360000.0,22534,1673883360000.0,0.17844982521366864,-0.00379053,1026.118634126688,1027.3161536520006,-69.5,0.2727,417.6,0.27013237661563066,long_nclose,112.80728047468737,0.1099359047998341,1.0
1673883660000.0,22539,1673883660000.0,0.15303035370841225,-0.003250584,1026.2684138963964,1027.2950230680005,-59.6,0.2727,358.0,0.27013237661563066,long_nclose,96.70739082839577,0.09423206396972728,5.0
1673883840000.0,22542,1673883840000.0,0.13120555494127292,-0.002786994,1026.3968324573377,1027.2769060740006,-51.1,0.2727,306.9,0.27013237661563066,long_nclose,82.90362638333704,0.08077151425424234,3.0
1673884500000.0,22553,1673884500000.0,0.11246190423537678,-0.002388852,1026.5069055095732,1027.1298272220008,-43.8,0.2727,263.1,0.27013237661563066,long_nclose,71.07182828757243,0.06923658078295276,11.0
1673884620000.0,22555,1673884620000.0,0.09628587691384999,-0.00204525,1026.6011461364872,1027.2480819720008,-37.5,0.2727,225.6,0.27013237661563066,long_nclose,60.941864164486276,0.059362747055012564,2.0
1673884800000.0,22558,1673884800000.0,0.08267747297669253,-0.0017561880000000003,1026.682067421464,1027.236665784001,-32.2,0.2727,193.4,0.27013237661563066,long_nclose,52.24360163746297,0.05088586164621927,3.0
1673884980000.0,22561,1673884980000.0,0.0708664054085936,-0.0015053040000000003,1026.7514285228726,1027.226880480001,-27.6,0.2727,165.8,0.27013237661563066,long_nclose,44.78794804287157,0.04362102335450887,3.0
1673885520000.0,22570,1673885520000.0,0.060595911871116265,-0.0012871440000000003,1026.8107372907439,1027.2185133360013,-23.6,0.2727,142.2,0.27013237661563066,long_nclose,38.41282395474268,0.03740983859995028,9.0
1673886000000.0,22578,1673886000000.0,0.0,-0.0024769600000000007,1026.808260330744,1027.2645363760012,45.2,0.274,187.4,0.2710652292142085,long_ientry_partial,50.797623954742676,0.04947138226018976,8.0
1673886060000.0,22579,1673886060000.0,0.07034837998063294,-0.001461558,1026.8771471527245,1027.3487648180012,-26.7,0.2737,160.7,0.2710652292142085,long_nclose,43.5601823347233,0.04242005234560422,1.0
1673889660000.0,22639,1673889660000.0,0.06033625099462525,-0.001253546,1026.9362298577191,1027.3406412720012,-22.9,0.2737,137.8,0.2710652292142085,long_nclose,37.35278858571793,0.036373036124057206,60.0
1673889780000.0,22641,1673889780000.0,0.0,-0.0027215720000000002,1026.9335082857192,1027.4416097000012,49.7,0.2738,187.5,0.27179012579049566,long_ientry_partial,50.960648585717934,0.049624097543362444,2.0
1673890620000.0,22655,1673890620000.0,0.0696836413937652,-0.0014652959999999998,1027.001726631113,1027.4374744040013,-26.7,0.2744,160.8,0.27179012579049566,long_nclose,43.7038522271117,0.04255479917300044,14.0
1673891160000.0,22664,1673891160000.0,0.1396246288147169,-0.0014847200000000001,1027.1398665399277,1027.9049896840013,-26.8,0.277,134.0,0.27179012579049566,long_nclose,36.41987685592642,0.035457563319601405,9.0
1673891340000.0,22667,1673891340000.0,0.20930462881471665,-0.0014986560000000001,1027.3476725127423,1028.281371028001,-26.8,0.2796,107.2,0.27179012579049566,long_nclose,29.135901484741137,0.02836031293425621,3.0
1673891400000.0,22668,1673891400000.0,0.2789846288147164,-0.001512592,1027.625144549557,1028.486218436001,-26.8,0.2822,80.4,0.27179012579049566,long_nclose,21.85192611355585,0.02126449146311449,1.0
1673891760000.0,22674,1673891760000.0,0.20923847161103734,-0.001134444,1027.8332485771682,1028.4489039920013,-20.1,0.2822,60.3,0.27179012579049566,long_nclose,16.388944585166886,0.015945139552407103,6.0
1673891820000.0,22675,1673891820000.0,0.15614811314256516,-0.0008466000000000002,1027.9885500903108,1028.4284073920014,-15.0,0.2822,45.3,0.27179012579049566,long_nclose,12.312092698309453,0.01197687726894216,1.0
1673892060000.0,22679,1673892060000.0,0.03907405657128271,-0.00041550000000000007,1028.0272086468822,1028.2241418920014,-7.5,0.277,37.8,0.27179012579049566,long_nclose,10.273666754880736,0.009993574750227887,4.0
1673892120000.0,22680,1673892120000.0,0.032822207519877473,-0.00034902,1028.0596818344022,1028.2395428720017,-6.3,0.277,31.5,0.27179012579049566,long_nclose,8.561388962400613,0.008327715903734531,1.0
1673892240000.0,22682,1673892240000.0,0.02709134588942268,-0.00028808,1028.0864851002916,1028.2235047920017,-5.2,0.277,26.3,0.27179012579049566,long_nclose,7.148080308290036,0.006952800578438427,2.0
1673892300000.0,22683,1673892300000.0,0.022402459100868754,-0.00023822000000000003,1028.1086493393925,1028.2342665720016,-4.3,0.277,22.0,0.27179012579049566,long_nclose,5.979382767390905,0.005815905518578154,1.0
1673892540000.0,22687,1673892540000.0,0.018755547154215704,-0.00019944000000000003,1028.1272054465467,1028.2322671320017,-3.6,0.277,18.4,0.27179012579049566,long_nclose,5.000938314545119,0.004864124096758106,4.0
1673892780000.0,22691,1673892780000.0,0.02811554715421567,-0.00020131200000000004,1028.1551196817009,1028.2914258200015,-3.6,0.2796,14.8,0.27179012579049566,long_nclose,4.022493861699336,0.003912341420762103,4.0
1673892900000.0,22693,1673892900000.0,0.03851653457516607,-0.00020882800000000001,1028.193427388276,1028.3178569920015,-3.7,0.2822,11.1,0.27179012579049566,long_nclose,3.0168703962745016,0.0029341467431256425,2.0
1673893020000.0,22695,1673893020000.0,0.048506534575166,-0.000210826,1028.241723096851,1028.3357761660013,-3.7,0.2849,7.4,0.27179012579049566,long_nclose,2.011246930849668,0.0019560059523671233,2.0
1673893140000.0,22697,1673893140000.0,0.03146369810281038,-0.000136752,1028.2730500429539,1028.3490994140013,-2.4,0.2849,5.0,0.27179012579049566,long_nclose,1.3589506289524782,0.0013215853793850875,2.0
1673893200000.0,22698,1673893200000.0,0.03927468552376079,-0.00014375,1028.3121809784775,1028.3552056640012,-2.5,0.2875,2.5,0.27179012579049566,long_nclose,0.6794753144762391,0.0006607675441806912,1.0
1673893260000.0,22699,1673893260000.0,0.045774685523760905,-0.00014505000000000003,1028.3578106140014,1028.3578106140014,-2.5,0.2901,0.0,0.27179012579049566,long_nclose,0.0,0.0,1.0
1673915460000.0,23069,1673915460000.0,0.0,-0.010283952,1028.3475266620014,1028.4008666620014,177.8,0.2892,177.8,0.2892,long_ientry_normal,51.419760000000004,0.05000231795850929,370.0
1673963760000.0,23874,1673963760000.0,0.0,-0.010284600000000001,1028.3372420620015,1026.8792820620015,183.0,0.281,360.8,0.2850409090909091,long_rentry,102.84276000000001,0.10000878680011797,805.0
1673967720000.0,23940,1673967720000.0,0.1420931818181802,-0.00296434,1028.4763709038195,1029.3916177220015,-51.5,0.2878,309.3,0.2850409090909091,long_nclose,88.16315318181819,0.08572209889891869,66.0
1673967840000.0,23942,1673967840000.0,0.12167590909090771,-0.0025383960000000005,1028.5955084169104,1029.3802593260014,-44.1,0.2878,265.2,0.2850409090909091,long_nclose,75.5928490909091,0.07349132722468568,2.0
1673968500000.0,23953,1673968500000.0,0.10429363636363517,-0.002175768,1028.697626285274,1029.3705235580014,-37.8,0.2878,227.4,0.2850409090909091,long_nclose,64.81830272727274,0.06301006347349887,11.0
1673969280000.0,23966,1673969280000.0,0.2068995454545435,-0.0022019899999999996,1028.9023238407285,1029.9368215680013,-37.9,0.2905,189.5,0.2850409090909091,long_nclose,54.01525227272728,0.05249793981521681,13.0
1673969340000.0,23967,1673969340000.0,0.17196136363636202,-0.0018301499999999998,1029.072455054365,1030.1719914180014,-31.5,0.2905,158.0,0.2850409090909091,long_nclose,45.03646363636364,0.043764132851058,1.0
1673970000000.0,23978,1673970000000.0,0.06207954545454475,-0.0012951000000000002,1029.1332394998194,1029.3309463180012,-22.5,0.2878,135.5,0.2850409090909091,long_nclose,38.62304318181818,0.03752968196867278,11.0
1673970240000.0,23982,1673970240000.0,0.05325045454545394,-0.001110908,1029.1853790463647,1029.413025410001,-19.3,0.2878,116.2,0.2850409090909091,long_nclose,33.12175363636364,0.032182495312024356,4.0
1673970420000.0,23985,1673970420000.0,0.04580090909090857,-0.0009554960000000001,1029.2302244594557,1029.4751499140011,-16.6,0.2878,99.6,0.2850409090909091,long_nclose,28.390074545454546,0.027583794053818046,3.0
1673970480000.0,23986,1673970480000.0,0.03917909090909046,-0.000817352,1029.2685861983648,1029.5212925620012,-14.2,0.2878,85.4,0.2850409090909091,long_nclose,24.342493636363642,0.02365028328152265,1.0
1673970660000.0,23989,1673970660000.0,0.03366090909090871,-0.000702232,1029.3015448754556,1029.481550330001,-12.2,0.2878,73.2,0.2850409090909091,long_nclose,20.86499454545455,0.020271022276546948,3.0
1673970780000.0,23991,1673970780000.0,0.02869454545454513,-0.0005986240000000001,1029.32964079691,1029.515471706001,-10.4,0.2878,62.8,0.2850409090909091,long_nclose,17.90056909090909,0.0173905116314832,2.0
1673971260000.0,23999,1673971260000.0,0.024555909090908812,-0.000512284,1029.353684422001,1029.4862294220009,-8.9,0.2878,53.9,0.2850409090909091,long_nclose,15.363705000000001,0.01492558411410066,8.0
1673971440000.0,24002,1673971440000.0,0.02124499999999976,-0.00044321200000000007,1029.374486210001,1029.488096210001,-7.7,0.2878,46.2,0.2850409090909091,long_nclose,13.168890000000003,0.012793099281570342,3.0
1673971500000.0,24003,1673971500000.0,0.018209999999999792,-0.000379896,1029.392316314001,1029.4698963140008,-6.6,0.2878,39.6,0.2850409090909091,long_nclose,11.287620000000002,0.01096532373625847,1.0
1673971920000.0,24010,1673971920000.0,0.0,-0.008034118000000002,1029.3842821960009,1029.458822196001,140.9,0.2851,180.5,0.2850870360110804,long_ientry_partial,51.45821000000001,0.04998931000794323,7.0
1673998920000.0,24460,1673998920000.0,0.0,-0.010293320000000002,1029.3739888760008,1028.6468788760008,185.8,0.277,366.3,0.2809850122850123,long_rentry,102.92481000000002,0.09998777034611706,450.0
1674003600000.0,24538,1674003600000.0,0.14199385749385576,-0.0029675020000000003,1029.5130152314946,1030.4597213740008,-52.3,0.2837,314.0,0.2809850122850123,long_nclose,88.22929385749387,0.08570002763651781,78.0
1674004260000.0,24549,1674004260000.0,0.28320385749385474,-0.002995744,1029.7932233449885,1030.9747956300007,-52.3,0.2864,261.7,0.2809850122850123,long_nclose,73.53377771498772,0.07140635231229653,11.0
1674004860000.0,24559,1674004860000.0,0.10126904176904054,-0.0021164020000000003,1029.8923759847576,1030.5689392280008,-37.3,0.2837,224.4,0.2809850122850123,long_nclose,63.05303675675677,0.0612229376845974,10.0
1674006000000.0,24578,1674006000000.0,0.20252054054053856,-0.0021422719999999998,1030.0927542532982,1031.0305569560007,-37.4,0.2864,187.0,0.2809850122850123,long_nclose,52.5441972972973,0.051009190269847064,19.0
1674006060000.0,24579,1674006060000.0,0.16840611793611632,-0.0017814080000000002,1030.2593789632344,1031.119165548001,-31.1,0.2864,155.9,0.2809850122850123,long_nclose,43.80556341523342,0.04251896591256041,1.0
1674006180000.0,24581,1674006180000.0,0.14024818181818044,-0.001483552,1030.3981435930525,1031.115091996001,-25.9,0.2864,130.0,0.2809850122850123,long_nclose,36.5280515970516,0.035450424502587286,2.0
1674006420000.0,24585,1674006420000.0,0.11696373464373351,-0.001237248,1030.5138700796963,1031.111694748001,-21.6,0.2864,108.4,0.2809850122850123,long_nclose,30.45877533169534,0.029556880519560368,4.0
1674006600000.0,24588,1674006600000.0,0.09746977886977792,-0.00103104,1030.610308818566,1031.1088637080009,-18.0,0.2864,90.4,0.2809850122850123,long_nclose,25.401045110565114,0.02464660492255647,3.0
1674007320000.0,24600,1674007320000.0,0.08122481572481494,-0.0008592,1030.690674434291,1031.106504508001,-15.0,0.2864,75.4,0.2809850122850123,long_nclose,21.18626992628993,0.020555410514331386,12.0
1674007800000.0,24608,1674007800000.0,0.06768734643734578,-0.0007160000000000001,1030.7576457807284,1031.104538508001,-12.5,0.2864,62.9,0.2809850122850123,long_nclose,17.673957272727275,0.017146569171786703,8.0
1674008220000.0,24615,1674008220000.0,0.05631587223587169,-0.000595712,1030.8133659409643,1031.129152796001,-10.4,0.2864,52.5,0.2809850122850123,long_nclose,14.751713144963148,0.014310750745356548,7.0
1674009360000.0,24634,1674009360000.0,0.04711039312039266,-0.0004983359999999999,1030.8599779980848,1031.1015344600012,-8.7,0.2864,43.8,0.2809850122850123,long_nclose,12.307143538083539,0.011938715054185957,19.0
1674009600000.0,24638,1674009600000.0,0.03952941031940994,-0.00041814399999999996,1030.8990892644042,1031.1551363160013,-7.3,0.2864,36.5,0.2809850122850123,long_nclose,10.25595294840295,0.009948551759533577,4.0
1674009780000.0,24641,1674009780000.0,0.05923941031941019,-0.000422086,1030.9579065887235,1031.1773442300012,-7.3,0.2891,29.2,0.2809850122850123,long_nclose,8.204762358722359,0.007958387346647952,3.0
1674009840000.0,24642,1674009840000.0,0.047066928746928645,-0.00033535600000000003,1031.0046381614704,1031.1921888740012,-5.8,0.2891,23.4,0.2809850122850123,long_nclose,6.575049287469288,0.00637732270457501,1.0
1674010320000.0,24650,1674010320000.0,0.021118452088451884,-0.000223392,1031.025533221559,1031.1330754820012,-3.9,0.2864,19.5,0.2809850122850123,long_nclose,5.47920773955774,0.005314327883265237,8.0
1674010680000.0,24656,1674010680000.0,0.017327960687960522,-0.000183296,1031.042677886247,1031.1325721860014,-3.2,0.2864,16.3,0.2809850122850123,long_nclose,4.580055700245701,0.00444215918359008,6.0
1674010860000.0,24659,1674010860000.0,0.014620466830466689,-0.000154656,1031.0571436970774,1031.1389475300014,-2.7,0.2864,13.6,0.2809850122850123,long_nclose,3.8213961670761676,0.003706289404458931,3.0
1674011460000.0,24669,1674011460000.0,0.011912972972972858,-0.000126016,1031.0689306540505,1031.1318015140014,-2.2,0.2864,11.4,0.2809850122850123,long_nclose,3.2032291400491406,0.003106707073422528,10.0
1674011760000.0,24674,1674011760000.0,0.010288476658476558,-0.000108832,1031.0791102987089,1031.1362526820012,-1.9,0.2864,9.5,0.2809850122850123,long_nclose,2.669357616707617,0.002588897001253658,5.0
1674012000000.0,24678,1674012000000.0,0.008122481572481494,-8.592e-05,1031.0871468602813,1031.1312667620011,-1.5,0.2864,8.0,0.2809850122850123,long_nclose,2.2478800982800986,0.0021801067980771758,4.0
1674014460000.0,24719,1674014460000.0,0.007039484029483962,-7.4464e-05,1031.094111880311,1031.1310622980013,-1.3,0.2864,6.7,0.2809850122850123,long_nclose,1.8825995823095827,0.001825827109880843,41.0
1674014640000.0,24722,1674014640000.0,0.005956486486486429,-6.3008e-05,1031.1000053587973,1031.1308892900013,-1.1,0.2864,5.6,0.2809850122850123,long_nclose,1.573516068796069,0.001526055727493207,3.0
1674015600000.0,24738,1674015600000.0,0.004873488943488896,-5.1552e-05,1031.1048272957407,1031.1283977380012,-0.9,0.2864,4.7,0.2809850122850123,long_nclose,1.320629557739558,0.0012807907816736231,16.0
1674016200000.0,24748,1674016200000.0,0.0037904914004913636,-4.0096e-05,1031.1085776911411,1031.1286376420012,-0.7,0.2864,4.0,0.2809850122850123,long_nclose,1.1239400491400493,0.001090030743083116,10.0
1674018300000.0,24783,1674018300000.0,0.0,-0.010086251999999999,1031.098491439141,1031.146091390001,177.7,0.2838,181.7,0.2837380299897636,long_ientry_partial,51.55520004914005,0.05000026716864129,35.0
1674029940000.0,24977,1674029940000.0,0.0,-0.010311180000000001,1031.0881802591412,1029.185230210001,187.0,0.2757,368.7,0.27966124233561174,long_rentry,103.11110004914005,0.10000221321829658,194.0
1674051600000.0,25338,1674051600000.0,0.1440586531468218,-0.002970848,1031.2292680642881,1032.1265993620013,-52.6,0.2824,316.1,0.27966124233561174,long_nclose,88.40091870228687,0.08572382634971513,361.0
1674053340000.0,25367,1674053340000.0,0.12351797066390995,-0.0025472480000000002,1031.350238786952,1032.1195421140012,-45.1,0.2824,271.0,0.27966124233561174,long_nclose,75.78819667295078,0.07348444187310309,29.0
1674053580000.0,25371,1674053580000.0,0.10598992161182517,-0.002185776,1031.4540429325639,1032.2296363380012,-38.7,0.2824,232.3,0.27966124233561174,long_nclose,64.9653065945626,0.06298419889834105,4.0
1674053880000.0,25376,1674053880000.0,0.09065287869125098,-0.0018694880000000003,1031.5428263232552,1032.1083068500013,-33.1,0.2824,199.2,0.27966124233561174,long_nclose,55.70851947325386,0.05400504763512014,5.0
1674057120000.0,25430,1674057120000.0,0.0,-0.010313732,1031.5325125912552,1029.8688331180015,189.8,0.2717,389.0,0.27577681098522844,long_rentry,107.27717947325387,0.10399786547083122,54.0
1674057180000.0,25431,1674057180000.0,0.0,-0.010316292000000001,1031.5221962992553,1027.7399068260013,192.9,0.2674,581.9,0.2729998959842823,long_rentry,158.85863947325387,0.1540040922465689,1.0
1674057240000.0,25432,1674057240000.0,0.0,-0.015228488,1031.5069678112552,1020.1215883380013,288.2,0.2642,870.1,0.2700851390337362,long_rentry,235.0010794732539,0.22782306548243725,1.0
1674057240000.0,25432,1674057240000.0,0.0,-0.022467126,1031.4845006852552,1018.5047912120014,430.9,0.2607,1301.0,0.26697671750442264,long_rentry,347.33670947325385,0.3367347829681441,0.0
1674057300000.0,25433,1674057300000.0,0.0,-0.033065475999999996,1031.4514352092551,1028.4559457360012,644.3,0.2566,1945.3,0.2635398599050295,long_rentry,512.6640894732539,0.4970317282744848,1.0
1674057300000.0,25433,1674057300000.0,0.0,-0.048497556,1031.402937653255,1038.3304681800014,963.4,0.2517,2908.7,0.2596183413460494,long_rentry,755.1518694732538,0.7321598978488915,0.0
1674057360000.0,25434,1674057360000.0,1.03112917071648,-0.021780510000000003,1032.4122863139714,1040.843437670001,-415.5,0.2621,2493.2,0.2596183413460494,long_nclose,647.2804486439703,0.6269592654257923,1.0
1674057420000.0,25435,1674057420000.0,2.0698791707164808,-0.02198826,1034.4601772246879,1042.525099410001,-415.5,0.2646,2077.7,0.2596183413460494,long_nclose,539.4090278146867,0.5214401092382752,1.0
1674057480000.0,25436,1674057480000.0,1.7246502259977032,-0.018320904,1036.1665065466857,1044.6190985060011,-346.2,0.2646,1731.5,0.2596183413460494,long_nclose,449.52915804068454,0.4338387268846066,1.0
1674058440000.0,25452,1674058440000.0,0.6137141851219867,-0.012963466,1036.7672572658078,1040.3021150400014,-247.3,0.2621,1484.2,0.2596183413460494,long_nclose,385.3255422258065,0.37166060128287426,16.0
1674058500000.0,25453,1674058500000.0,0.5261116346375301,-0.01111304,1037.2822558604453,1040.9483020000011,-212.0,0.2621,1272.2,0.2596183413460494,long_nclose,330.28645386044406,0.3184152162966146,1.0
1674058920000.0,25460,1674058920000.0,0.0,-0.031467194000000004,1037.2507886664453,1032.812564806001,630.1,0.2497,1902.3,0.2563330830365579,long_rentry,487.62242386044403,0.4701104392384816,7.0
1674061200000.0,25498,1674061200000.0,0.6702613389672157,-0.014063191999999999,1037.9069868134125,1041.4403616140012,-271.7,0.2588,1630.6,0.2563330830365579,long_nclose,417.97672519941125,0.40271115861998924,38.0
1674061260000.0,25499,1674061260000.0,0.5745449607856626,-0.012054904,1038.4694768701982,1042.8958767100012,-232.9,0.2588,1397.7,0.2563330830365579,long_nclose,358.27675016019697,0.3450046035440474,1.0
1674061440000.0,25502,1674061440000.0,0.49239662590304106,-0.010331296,1038.9515422001011,1042.1467754140012,-199.6,0.2588,1198.1,0.2563330830365579,long_nclose,307.11266678609996,0.29559864374016237,3.0
1674061560000.0,25504,1674061560000.0,0.9913966259030415,-0.010431095999999999,1039.932507730004,1045.091674318001,-199.6,0.2613,998.5,0.2563330830365579,long_nclose,255.94858341200305,0.24612037945683157,2.0
1674061740000.0,25507,1674061740000.0,0.8264949827167641,-0.008696064,1040.7503066487207,1045.4657482540008,-166.4,0.2613,832.1,0.2563330830365579,long_nclose,213.29475839471982,0.20494325779402547,3.0
1674061860000.0,25509,1674061860000.0,1.2258549827167664,-0.008775936,1041.9673856954375,1047.071252318001,-166.4,0.2637,665.7,0.2563330830365579,long_nclose,170.6409333774366,0.1637680178094501,2.0
1674062460000.0,25519,1674062460000.0,0.550831091245728,-0.005795634,1042.5124211526834,1045.379026684001,-110.9,0.2613,554.8,0.2563330830365579,long_nclose,142.21359446868232,0.1364142926100006,10.0
1674062580000.0,25521,1674062580000.0,0.4589431274220493,-0.004828824000000001,1042.9665354561055,1045.355717860001,-92.4,0.2613,462.4,0.2563330830365579,long_nclose,118.52841759610436,0.11364546566613476,2.0
1674062700000.0,25523,1674062700000.0,0.38245260618504107,-0.00402402,1043.3449640422905,1044.950893840001,-77.0,0.2613,385.4,0.2563330830365579,long_nclose,98.79077020228941,0.09468658363916257,2.0
1674063000000.0,25528,1674063000000.0,0.3188760690529823,-0.003355092,1043.6604850193435,1045.1594987480012,-64.2,0.2613,321.2,0.2563330830365579,long_nclose,82.33418627134239,0.07888981853118295,5.0
1674063420000.0,25535,1674063420000.0,0.2657300575441519,-0.0027959099999999995,1043.9234191668877,1045.5743028380011,-53.5,0.2613,267.7,0.2563330830365579,long_nclose,68.62036632888655,0.06573314198051965,7.0
1674064440000.0,25552,1674064440000.0,0.2215244965695173,-0.002330796,1044.1426128674573,1045.0722520420013,-44.6,0.2613,223.1,0.2563330830365579,long_nclose,57.187910825456065,0.05477021062132961,17.0
1674064860000.0,25559,1674064860000.0,0.18427261934370162,-0.001938846,1044.324946640801,1045.1929931960012,-37.1,0.2613,186.0,0.2563330830365579,long_nclose,47.67795344479977,0.04565432780109461,7.0
1674064920000.0,25560,1674064920000.0,0.15397442586670484,-0.0016200599999999998,1044.4773010066676,1045.2781731360012,-31.0,0.2613,155.0,0.2563330830365579,long_nclose,39.73162787066647,0.03803972363245531,1.0
1674065040000.0,25562,1674065040000.0,0.0,-0.0023378100000000005,1044.4749631966677,1045.1759853260012,44.7,0.2615,199.7,0.2574896237890159,long_ientry_partial,51.42067787066647,0.04923112538120677,2.0
1674066060000.0,25579,1674066060000.0,0.1663444902046722,-0.0017430000000000004,1044.6395646868723,1045.5570423260012,-33.2,0.2625,166.5,0.2574896237890159,long_nclose,42.87202236087115,0.04104001400111809,17.0
1674066720000.0,25590,1674066720000.0,0.24676552782577102,-0.0017642340000000002,1044.8845659806982,1045.8183480920013,-33.3,0.2649,133.2,0.2574896237890159,long_nclose,34.29761788869692,0.03282431285268931,11.0
1674066780000.0,25591,1674066780000.0,0.0,-0.0034014699999999998,1044.8811645106982,1045.9136966220012,64.3,0.2645,197.5,0.2597719893098578,long_ientry_partial,51.304967888696915,0.04910124675538796,1.0
1674066780000.0,25591,1674066780000.0,0.1364050843577835,-0.0014092680000000002,1045.016160327056,1045.9096273540013,-26.6,0.2649,170.9,0.2597719893098578,long_nclose,44.3950329730547,0.04248262817214281,0.0
1674066900000.0,25593,1674066900000.0,0.14279550360003826,-0.0015040639999999998,1045.1574517666559,1045.9024432900012,-28.4,0.2648,142.5,0.2597719893098578,long_nclose,37.01750847665473,0.03541811658528876,2.0
1674066960000.0,25594,1674066960000.0,0.0,-0.0028991000000000004,1045.154552666656,1045.5051441900011,54.7,0.265,197.2,0.26122215251853315,long_ientry_partial,51.51300847665473,0.04928745547270693,1.0
1674079800000.0,25808,1674079800000.0,0.0,-0.010450524000000003,1045.144102142656,1043.3374736660014,205.8,0.2539,403.0,0.25748294907358493,long_rentry,103.76562847665473,0.09928356124664935,214.0
1674156480000.0,27086,1674156480000.0,0.1447304282688669,-0.0029900000000000005,1045.2858425709248,1046.1554836660011,-57.5,0.26,345.5,0.25748294907358493,long_nclose,88.9603589049236,0.0851062506367845,1278.0
1674156540000.0,27087,1674156540000.0,0.12409061067226326,-0.0025636,1045.407369581597,1046.3010200660012,-49.3,0.26,296.2,0.25748294907358493,long_nclose,76.26644951559585,0.0729538089502085,1.0
1674156720000.0,27090,1674156720000.0,0.10647125418735773,-0.0021996,1045.5116412357845,1046.2776704660014,-42.3,0.26,253.9,0.25748294907358493,long_nclose,65.37492076978322,0.06252911798524854,3.0
1674157320000.0,27100,1674157320000.0,0.09111724353622577,-0.0018824000000000002,1045.6008760793206,1046.2576880660013,-36.2,0.26,217.7,0.25748294907358493,long_nclose,56.054038013319435,0.05360940230224817,10.0
1674158760000.0,27124,1674158760000.0,0.17799724353622626,-0.0018997760000000004,1045.7769735468569,1046.6875682900013,-36.2,0.2624,181.5,0.25748294907358493,long_nclose,46.73315525685567,0.0446874968936785,24.0
1674158940000.0,27127,1674158940000.0,0.1484949379777357,-0.0015848960000000004,1045.9238835888348,1046.6829633940013,-30.2,0.2624,151.3,0.25748294907358493,long_nclose,38.9571701948334,0.037246658964475786,3.0
1674161040000.0,27162,1674161040000.0,0.054368300010565654,-0.0011232000000000002,1045.9771286888454,1046.3035901940013,-21.6,0.26,129.7,0.25748294907358493,long_nclose,33.39553849484396,0.03192759915955905,35.0
1674161100000.0,27163,1674161100000.0,0.046565442138678914,-0.0009620000000000002,1046.022732130984,1046.4138281940013,-18.5,0.26,111.2,0.25748294907358493,long_nclose,28.632103936982645,0.02737235344651889,1.0
1674162300000.0,27183,1674162300000.0,0.03976940463735821,-0.0008216000000000001,1046.0616799356212,1046.3495065940012,-15.8,0.26,95.4,0.25748294907358493,long_nclose,24.563873341620003,0.023482241834087415,20.0
1674163680000.0,27206,1674163680000.0,0.034231892599245035,-0.0007072000000000001,1046.0952046282205,1046.3419993940013,-13.6,0.26,81.8,0.25748294907358493,long_nclose,21.062105234219246,0.02013402330976621,23.0
1674163800000.0,27208,1674163800000.0,0.029197790746414886,-0.0006032,1046.123799218967,1046.3004961940012,-11.6,0.26,70.2,0.25748294907358493,long_nclose,18.075303024965663,0.017278359443175496,2.0
1674172560000.0,27354,1674172560000.0,0.025170509264150764,-0.0005200000000000001,1046.148449728231,1046.3300761940013,-10.0,0.26,60.2,0.25748294907358493,long_nclose,15.500473534229814,0.014816705543325648,146.0
1674172920000.0,27360,1674172920000.0,0.021646637967169657,-0.0004472,1046.1696491661983,1046.3253289940012,-8.6,0.26,51.6,0.25748294907358493,long_nclose,13.286120172196982,0.01269977597112101,6.0
1674178200000.0,27448,1674178200000.0,0.018374471762830056,-0.0003796,1046.187644037961,1046.3212993940012,-7.3,0.26,44.3,0.25748294907358493,long_nclose,11.406494643959812,0.010902914700783759,88.0
1674179700000.0,27473,1674179700000.0,0.01585742083641498,-0.0003276,1046.2031738587975,1046.3178217940012,-6.3,0.26,38.0,0.25748294907358493,long_nclose,9.784352064796227,0.009352248501319101,25.0
1674181140000.0,27497,1674181140000.0,0.013592075002641413,-0.00028080000000000005,1046.2164851338002,1046.3148409940013,-5.4,0.26,32.6,0.25748294907358493,long_nclose,8.393944139798869,0.008023142685163645,24.0
1674189780000.0,27641,1674189780000.0,0.0,-0.00878232,1046.2077028138003,1046.1231586740014,170.2,0.258,202.8,0.2579168843185348,long_ientry_partial,52.30554413979886,0.049995372810888186,144.0
1674228840000.0,28292,1674228840000.0,0.07176204319434422,-0.001505112,1046.2779597449949,1046.7271635620016,-28.9,0.2604,173.9,0.2579168843185348,long_nclose,44.85174618299321,0.042867906912542386,651.0
1674229020000.0,28295,1674229020000.0,0.061581268900336904,-0.0012915840000000001,1046.338249429895,1046.7979419780015,-24.8,0.2604,149.1,0.2579168843185348,long_nclose,38.45540745189354,0.03675236709815994,3.0
1674230460000.0,28319,1674230460000.0,0.05289036401520871,-0.0011093040000000002,1046.3900304899103,1046.7201526740016,-21.3,0.2604,127.8,0.2579168843185348,long_nclose,32.96177781590875,0.03150047004984971,24.0
1674232260000.0,28349,1674232260000.0,0.10614036401520877,-0.001119954,1046.4950508999254,1046.9831527200015,-21.3,0.2629,106.5,0.2579168843185348,long_nclose,27.468148179923958,0.0262477573652192,30.0
1674232500000.0,28353,1674232500000.0,0.08820114756193403,-0.0009306660000000001,1046.5823213814874,1046.9893020540014,-17.7,0.2629,88.8,0.2579168843185348,long_nclose,22.903019327485893,0.021883629084479408,4.0
1674232560000.0,28354,1674232560000.0,0.07375011208568497,-0.0007781840000000001,1046.6552933095732,1046.9944438700015,-14.8,0.2629,74.0,0.2579168843185348,long_nclose,19.085849439571575,0.01823508614686429,1.0
1674232620000.0,28355,1674232620000.0,0.061292322882021966,-0.0006467340000000002,1046.7159388984553,1047.0295671360018,-12.3,0.2629,61.7,0.2579168843185348,long_nclose,15.913471762453598,0.015203238214945541,1.0
1674235020000.0,28395,1674235020000.0,0.09204232288202199,-0.0006528840000000001,1046.8073283373374,1047.1819342520018,-12.3,0.2654,49.4,0.2579168843185348,long_nclose,12.74109408533562,0.012171384112845796,40.0
1674240240000.0,28482,1674240240000.0,0.07333453367835899,-0.0005201840000000001,1046.880142687016,1047.180434068002,-9.8,0.2654,39.6,0.2579168843185348,long_nclose,10.213508619013979,0.009756139411336122,87.0
1674241800000.0,28508,1674241800000.0,0.0591166138835751,-0.0004193320000000001,1046.9388399688994,1047.1792247360017,-7.9,0.2654,31.7,0.2579168843185348,long_nclose,8.175965232897553,0.007809401008697347,26.0
1674242100000.0,28513,1674242100000.0,0.04714362879323077,-0.000334404,1046.9856491936928,1047.178260332002,-6.3,0.2654,25.4,0.2579168843185348,long_nclose,6.5510888616907845,0.006257095182475448,5.0
1674242460000.0,28519,1674242460000.0,0.03741557840732601,-0.00026540000000000005,1047.0227993721,1047.177494932002,-5.0,0.2654,20.4,0.2579168843185348,long_nclose,5.26150444009811,0.00502520522308916,6.0
1674243840000.0,28542,1674243840000.0,0.050403889975472314,-0.000273156,1047.0729301060755,1047.204251776002,-5.1,0.2678,15.3,0.2579168843185348,long_nclose,3.946128330073583,0.00376872347342015,23.0
1674244380000.0,28551,1674244380000.0,0.037555839589567604,-0.000203528,1047.110282417665,1047.2147382480018,-3.8,0.2678,11.5,0.2579168843185348,long_nclose,2.9660441696631503,0.0028325996024171143,9.0
1674244620000.0,28555,1674244620000.0,0.027672723908102447,-0.000149968,1047.1378051735733,1047.225528280002,-2.8,0.2678,8.7,0.2579168843185348,long_nclose,2.2438768935712528,0.002142866853326252,4.0
1674245100000.0,28563,1674245100000.0,0.03591103547624897,-0.000156774,1047.1735594350494,1047.2494415060019,-2.9,0.2703,5.8,0.2579168843185348,long_nclose,1.495917929047502,0.0014285291254436852,8.0
1674245100000.0,28563,1674245100000.0,0.04316103547624898,-0.000158224,1047.2165622465257,1047.254503282002,-2.9,0.2728,2.9,0.2579168843185348,long_nclose,0.747958964523751,0.0007142352322228396,0.0
1674245220000.0,28565,1674245220000.0,0.011144804113318646,-4.8654e-05,1047.227658396639,1047.253824628002,-0.9,0.2703,2.0,0.2579168843185348,long_nclose,0.5158337686370696,0.0004925708030160686,2.0
1674245820000.0,28575,1674245820000.0,0.014883115681465164,-5.456e-05,1047.2424869523204,1047.257070068002,-1.0,0.2728,1.0,0.2579168843185348,long_nclose,0.2579168843185348,0.0002462819142003331,10.0
1674245880000.0,28576,1674245880000.0,0.007441557840732582,-2.728e-05,1047.2499012301612,1047.257442788002,-0.5,0.2728,0.5,0.2579168843185348,long_nclose,0.1289584421592674,0.0001231400852917582,1.0
1674246480000.0,28586,1674246480000.0,0.002976623136293033,-1.0912e-05,1047.2528669412973,1047.2573918760017,-0.2,0.2728,0.3,0.2579168843185348,long_nclose,0.07737506529556044,7.38838419431108e-05,10.0
1674246900000.0,28593,1674246900000.0,0.00521493470443955,-1.6518e-05,1047.2580653580017,1047.2580653580017,-0.3,0.2753,0.0,0.2579168843185348,long_nclose,0.0,0.0,7.0
1674296760000.0,29424,1674296760000.0,0.0,-0.010472736000000002,1047.2475926220015,1046.9332626220016,184.9,0.2832,184.9,0.2832,long_ientry_normal,52.36368,0.050001241701493594,831.0
1674296820000.0,29425,1674296820000.0,0.07127999999999947,-0.001509552,1047.3173630700014,1047.1271630700014,-26.4,0.2859,158.5,0.2832,long_nclose,44.8872,0.042859214964623665,1.0
1674296880000.0,29426,1674296880000.0,0.061019999999999554,-0.001292268,1047.3770908020015,1047.4178608020015,-22.6,0.2859,135.9,0.2832,long_nclose,38.48688,0.03674596316645582,1.0
1674296940000.0,29427,1674296940000.0,0.0,-0.00277536,1047.3743154420015,1047.0599854420016,49.0,0.2832,184.9,0.2832,long_ientry_partial,52.36368,0.04999519200344535,1.0
1674297000000.0,29428,1674297000000.0,0.0,-0.010474112,1047.3638413300014,1047.1228013300013,190.3,0.2752,375.2,0.27914243070362477,long_rentry,104.73424000000001,0.09999795282888761,1.0
1674297180000.0,29431,1674297180000.0,0.14244571428571226,-0.0030208960000000003,1047.5032661482871,1048.5830604340015,-53.6,0.2818,321.6,0.27914243070362477,long_nclose,89.77220571428573,0.08570112248373396,3.0
1674297300000.0,29433,1674297300000.0,0.12198243070362298,-0.002586924,1047.6226616549907,1048.5483435100014,-45.9,0.2818,275.7,0.27914243070362477,long_nclose,76.95956814498935,0.07346115253311897,2.0
1674297900000.0,29443,1674297900000.0,0.24591243070362206,-0.0026117099999999997,1047.8659623756942,1049.2120318000011,-45.9,0.2845,229.8,0.27914243070362477,long_nclose,64.14693057569298,0.061216732749158814,10.0
1674298500000.0,29453,1674298500000.0,0.08716827292110749,-0.0018486079999999998,1047.9512820406153,1048.5142231920013,-32.8,0.2818,197.0,0.27914243070362477,long_nclose,54.99105884861408,0.05247482377380478,10.0
1674298860000.0,29459,1674298860000.0,0.07467769722814392,-0.0015837160000000002,1048.0243760218436,1048.5914694760015,-28.1,0.2818,168.9,0.27914243070362477,long_nclose,47.14715654584222,0.04498669842471255,6.0
1674299460000.0,29469,1674299460000.0,0.06404742004264301,-0.001358276,1048.0870651658863,1048.5008412000013,-24.1,0.2818,144.8,0.27914243070362477,long_nclose,40.419823965884866,0.038565330409346676,10.0
1674299520000.0,29470,1674299520000.0,0.0,-0.0023124,1048.0847527658864,1048.2198288000016,41.0,0.282,185.8,0.27977300304566666,long_ientry_partial,51.98182396588487,0.0495969661124306,1.0
1674300540000.0,29487,1674300540000.0,0.07226541928983288,-0.0014972499999999999,1048.1555209351761,1048.6695815500013,-26.5,0.2825,159.3,0.27977300304566666,long_nclose,44.5678393851747,0.04252025438497025,17.0
1674300900000.0,29493,1674300900000.0,0.06190283086336627,-0.00128255,1048.2161412160394,1048.5886490000014,-22.7,0.2825,136.6,0.27977300304566666,long_nclose,38.216992216038065,0.03645907624710147,6.0
1674300960000.0,29494,1674300960000.0,0.0,-0.00276285,1048.2133783660395,1048.5858861500014,48.9,0.2825,185.5,0.2804918717845718,long_ientry_partial,52.031242216038066,0.04963802531994453,1.0
1674301560000.0,29504,1674301560000.0,0.07176539770884749,-0.0015009600000000002,1048.2836428037483,1048.6824351900013,-26.5,0.2832,159.0,0.2804918717845718,long_nclose,44.598207613746915,0.04254402701015554,10.0
1674301800000.0,29508,1674301800000.0,0.0614745104902203,-0.001285728,1048.3438315862384,1048.7538394620012,-22.7,0.2832,136.3,0.2804918717845718,long_nclose,38.23104212423714,0.036468037462852376,4.0
1674303240000.0,29532,1674303240000.0,0.12276451049021984,-0.0012979859999999999,1048.4652981107286,1049.0342214760012,-22.7,0.2859,113.6,0.2804918717845718,long_nclose,31.863876634727355,0.03039096925014509,24.0
1674303300000.0,29533,1674303300000.0,0.10221362327159274,-0.0010807019999999998,1048.566431032,1049.0407007740012,-18.9,0.2859,94.7,0.2804918717845718,long_nclose,26.56258025799895,0.025332281743805238,1.0
1674307140000.0,29597,1674307140000.0,0.0,-0.005126148,1048.561304884,1048.8078846260012,90.6,0.2829,185.3,0.28166929443064725,long_ientry_partial,52.19332025799894,0.049776126598313646,64.0
1674343380000.0,30201,1674343380000.0,0.0,-0.010488184,1048.5508167,1047.1871764420011,191.6,0.2737,376.9,0.27761804260546286,long_rentry,104.63424025799894,0.0997893841590853,604.0
1674368580000.0,30621,1674368580000.0,0.144289307826098,-0.003016028,1048.692089979826,1049.461700414001,-53.8,0.2803,323.1,0.27761804260546286,long_nclose,89.69838956582505,0.08553358075538703,420.0
1674368640000.0,30622,1674368640000.0,0.12363823588816206,-0.0025843660000000003,1048.8131438497142,1049.611446048001,-46.1,0.2803,277.0,0.27761804260546286,long_nclose,76.9001978017132,0.07332116140292416,1.0
1674368820000.0,30625,1674368820000.0,0.10593731708421694,-0.0022143700000000002,1048.9168667967983,1049.6013316780009,-39.5,0.2803,237.5,0.27761804260546286,long_nclose,65.93428511879743,0.06285940021171436,3.0
1674369000000.0,30628,1674369000000.0,0.09091835567480896,-0.001900434,1049.0058847184732,1049.592651244001,-33.9,0.2803,203.6,0.27761804260546286,long_nclose,56.523033474472236,0.0538824751108442,3.0
1674370980000.0,30661,1674370980000.0,0.077776764441577,-0.00162574,1049.0820357429147,1049.5852255040008,-29.0,0.2803,174.6,0.27761804260546286,long_nclose,48.472110238913814,0.04620430870745771,33.0
1674372420000.0,30685,1674372420000.0,0.06678073912397473,-0.001395894,1049.1474205880386,1049.5788496100008,-24.9,0.2803,149.7,0.27761804260546286,long_nclose,41.559420978037785,0.039612565557988096,24.0
1674373260000.0,30699,1674373260000.0,0.05712569250364104,-0.0011940780000000001,1049.2033522025422,1049.5733955320009,-21.3,0.2803,128.4,0.27761804260546286,long_nclose,35.64615667054143,0.03397449750395018,14.0
1674373500000.0,30703,1674373500000.0,0.049079820320029624,-0.001025898,1049.2514061248621,1049.5687096340007,-18.3,0.2803,110.1,0.27761804260546286,long_nclose,30.565746490861457,0.02913100360165169,4.0
1674373980000.0,30711,1674373980000.0,0.04210673109423306,-0.0008801420000000001,1049.2926327139564,1049.5174894920008,-15.7,0.2803,94.4,0.27761804260546286,long_nclose,26.207143221955697,0.024976009937448904,8.0
1674374040000.0,30712,1674374040000.0,0.03593822908679765,-0.000751204,1049.3278197390432,1049.5612582880008,-13.4,0.2803,81.0,0.27761804260546286,long_nclose,22.487061451042493,0.021429967859457676,1.0
1674374400000.0,30718,1674374400000.0,0.030842510037177084,-0.00064469,1049.3580175590805,1049.558313598001,-11.5,0.2803,69.5,0.27761804260546286,long_nclose,19.294453961079668,0.0183869124152314,6.0
1674374640000.0,30722,1674374640000.0,0.026551378205917665,-0.0005549940000000001,1049.3840139432866,1049.525978604001,-9.9,0.2803,59.6,0.27761804260546286,long_nclose,16.546035339285588,0.015767378880787684,4.0
1674374940000.0,30727,1674374940000.0,0.02279663785356567,-0.00047651000000000003,1049.4063340711402,1049.5280520940012,-8.5,0.2803,51.1,0.27761804260546286,long_nclose,14.186281977139153,0.013518387984284314,5.0
1674376560000.0,30754,1674376560000.0,0.019578288980121105,-0.000409238,1049.4255031221203,1049.5298328560011,-7.3,0.2803,43.8,0.27761804260546286,long_nclose,12.159670266119273,0.011586978046505762,27.0
1674376680000.0,30756,1674376680000.0,0.016628135846130255,-0.000347572,1049.4417836859664,1049.531345284001,-6.2,0.2803,37.6,0.27761804260546286,long_nclose,10.438438401965405,0.009946657893973268,2.0
1674376740000.0,30757,1674376740000.0,0.01421437419104683,-0.000297118,1049.4557009421574,1049.5487881660008,-5.3,0.2803,32.3,0.27761804260546286,long_nclose,8.96706277615645,0.008544489079535417,1.0
1674376980000.0,30761,1674376980000.0,0.012337004014870832,-0.000257876,1049.4677800701722,1049.561460290001,-4.6,0.2803,27.7,0.27761804260546286,long_nclose,7.690019780171321,0.007327542518415507,4.0
1674382140000.0,30847,1674382140000.0,0.010459633838694837,-0.000218634,1049.478021070011,1049.534711656001,-3.9,0.2803,23.8,0.27761804260546286,long_nclose,6.607309414010016,0.006295805420749484,86.0
1674382200000.0,30848,1674382200000.0,0.009118655141426268,-0.000190604,1049.4869491211525,1049.535541052001,-3.4,0.2803,20.4,0.27761804260546286,long_nclose,5.6634080691514415,0.005396358738804725,1.0
1674382680000.0,30856,1674382680000.0,0.007777676444157699,-0.000162574,1049.4945642235969,1049.5362484780012,-2.9,0.2803,17.5,0.27761804260546286,long_nclose,4.8583157455956,0.004629195720694105,8.0
1674382740000.0,30857,1674382740000.0,0.006704893486342844,-0.00014015,1049.501128967083,1049.5518583280011,-2.5,0.2803,15.0,0.27761804260546286,long_nclose,4.164270639081943,0.003967857226776316,1.0
1674385920000.0,30910,1674385920000.0,0.013454893486342795,-0.0001415,1049.5144423605695,1049.5879668280013,-2.5,0.283,12.5,0.27761804260546286,long_nclose,3.4702255325682856,0.003306505744468889,53.0
1674386160000.0,30914,1674386160000.0,0.010763914789074236,-0.0001132,1049.5250930753587,1049.5816036280014,-2.0,0.283,10.5,0.27761804260546286,long_nclose,2.91498944735736,0.002777436639285818,4.0
1674387060000.0,30929,1674387060000.0,0.004022936091805707,-8.409e-05,1049.5290319214505,1049.5549695380014,-1.5,0.2803,9.0,0.27761804260546286,long_nclose,2.4985623834491655,0.0023806510419962963,15.0
1674388740000.0,30957,1674388740000.0,0.003218348873444565,-6.7272e-05,1049.5321829983238,1049.5546622660013,-1.2,0.2803,7.8,0.27761804260546286,long_nclose,2.1654207323226102,0.0020632247084947835,28.0
1674389820000.0,30975,1674389820000.0,0.002950153133990852,-6.1666e-05,1049.5350714854578,1049.5543806000012,-1.1,0.2803,6.7,0.27761804260546286,long_nclose,1.8600408854566013,0.0017722522438664153,18.0
1674390120000.0,30980,1674390120000.0,0.002413761655083424,-5.0454e-05,1049.5374347931129,1049.5541501460011,-0.9,0.2803,5.8,0.27761804260546286,long_nclose,1.6101846471116845,0.0015341850549895704,5.0
1674390300000.0,30983,1674390300000.0,0.0021455659156297104,-4.4848e-05,1049.5395355110286,1049.5539452980013,-0.8,0.2803,5.0,0.27761804260546286,long_nclose,1.3880902130273143,0.0013225706760550404,3.0
1674390720000.0,30990,1674390720000.0,0.0018773701761759963,-3.9242e-05,1049.5413736392047,1049.5516160560012,-0.7,0.2803,4.3,0.27761804260546286,long_nclose,1.1937575832034901,0.0011374087893879082,7.0
1674390900000.0,30993,1674390900000.0,0.0016091744367222826,-3.3636e-05,1049.5429491776415,1049.5536124200014,-0.6,0.2803,3.7,0.27761804260546286,long_nclose,1.0271867576402127,0.0009786991170252291,3.0
1674391080000.0,30996,1674391080000.0,0.0013409786972685689,-2.803e-05,1049.5442621263387,1049.5518843900013,-0.5,0.2803,3.2,0.27761804260546286,long_nclose,0.8883777363374812,0.0008464414207149873,3.0
1674391140000.0,30997,1674391140000.0,0.0010727829578148552,-2.2424e-05,1049.5453124852966,1049.5533819660013,-0.4,0.2803,2.8,0.27761804260546286,long_nclose,0.777330519295296,0.0007406355019152028,1.0
1674392580000.0,31021,1674392580000.0,0.002152782957814847,-2.264e-05,1049.5474426282544,1049.5615593260013,-0.4,0.283,2.4,0.27761804260546286,long_nclose,0.6662833022531108,0.0006348291417723989,24.0
1674392700000.0,31023,1674392700000.0,0.002152782957814847,-2.264e-05,1049.5495727712123,1049.5613366860014,-0.4,0.283,2.0,0.27761804260546286,long_nclose,0.5552360852109257,0.000529023211114164,2.0
1674394680000.0,31056,1674394680000.0,0.0016145872183611354,-1.698e-05,1049.5511703784307,1049.5620197060014,-0.3,0.283,1.7,0.27761804260546286,long_nclose,0.47195067242928684,0.0004496690449681632,33.0
1674396360000.0,31084,1674396360000.0,0.0010763914789074236,-1.132e-05,1049.5522354499094,1049.5610583860012,-0.2,0.283,1.5,0.27761804260546286,long_nclose,0.4164270639081943,0.0003967664017500619,28.0
1674397200000.0,31098,1674397200000.0,0.0010763914789074236,-1.132e-05,1049.553300521388,1049.562247066001,-0.2,0.283,1.3,0.27761804260546286,long_nclose,0.3609034553871017,0.00034386386590163183,14.0
1674398460000.0,31119,1674398460000.0,0.001596391478907433,-1.1424000000000001e-05,1049.554885488867,1049.564105642001,-0.2,0.2856,1.1,0.27761804260546286,long_nclose,0.30537984686600916,0.0002909612932950789,21.0
1674398760000.0,31124,1674398760000.0,0.001596391478907433,-1.1424000000000001e-05,1049.556470456346,1049.5635642180011,-0.2,0.2856,0.9,0.27761804260546286,long_nclose,0.24985623834491658,0.00023805888046812704,5.0
1674398820000.0,31125,1674398820000.0,0.0007981957394537165,-5.7120000000000005e-06,1049.5572629400854,1049.563968506001,-0.1,0.2856,0.8,0.27761804260546286,long_nclose,0.2220944340843703,0.0002116077339717754,1.0
1674399060000.0,31129,1674399060000.0,0.0007981957394537165,-5.7120000000000005e-06,1049.5580554238247,1049.5646227940008,-0.1,0.2856,0.7,0.27761804260546286,long_nclose,0.194332629823824,0.00018515662742005256,4.0
1674399900000.0,31143,1674399900000.0,0.0010681957394537145,-5.766e-06,1049.5591178535642,1049.5653470280008,-0.1,0.2883,0.6,0.27761804260546286,long_nclose,0.1665708255632777,0.00015870551999388934,14.0
1674400980000.0,31161,1674400980000.0,0.0,-0.010464496000000002,1049.5486533575643,1049.326102532001,186.4,0.2807,187.0,0.28069011136664856,long_ientry_partial,52.48905082556328,0.05001106967042252,18.0
1674400980000.0,31161,1674400980000.0,0.0002309888633351409,-5.66e-06,1049.5488786864275,1049.326446872001,-0.1,0.283,186.9,0.28069011136664856,long_nclose,52.46098181442662,0.04998431505170549,0.0
1674401520000.0,31170,1674401520000.0,0.07235402651048292,-0.001513356,1049.619719356938,1050.149963516001,-26.7,0.2834,160.2,0.28069011136664856,long_nclose,44.9665558409371,0.042840807019599816,9.0
1674401880000.0,31176,1674401880000.0,0.061785460840412386,-0.0012923040000000002,1049.6802125137785,1050.066291212001,-22.8,0.2834,137.4,0.28069011136664856,long_nclose,38.566821301777516,0.03674149597372854,6.0
1674403560000.0,31204,1674403560000.0,0.053113817213687846,-0.001110928,1049.7322154029923,1050.004320284001,-19.6,0.2834,117.8,0.28069011136664856,long_nclose,33.0652951189912,0.03149879048562631,28.0
1674403620000.0,31205,1674403620000.0,0.04552612904030386,-0.000952224,1049.7767893080327,1050.0605880600012,-16.8,0.2834,101.0,0.28069011136664856,long_nclose,28.349701248031504,0.02700545633774052,1.0
1674404100000.0,31213,1674404100000.0,0.03902239632026046,-0.0008161920000000001,1049.8149955123529,1050.0150318680012,-14.4,0.2834,86.6,0.28069011136664856,long_nclose,24.307763644351763,0.023154330761381986,8.0
1674404160000.0,31214,1674404160000.0,0.03333163019022247,-0.000697164,1049.8476299785432,1050.0935547040012,-12.3,0.2834,74.3,0.28069011136664856,long_nclose,20.855275274541988,0.019865049631029055,1.0
1674406140000.0,31247,1674406140000.0,0.06654163019022291,-0.0007038060000000001,1049.9134678027333,1050.242680898001,-12.3,0.2861,62.0,0.28069011136664856,long_nclose,17.40278690473221,0.016575448775938546,33.0
1674406320000.0,31250,1674406320000.0,0.055721852923520006,-0.0005893660000000001,1049.968600289657,1050.2948215320012,-10.3,0.2861,51.7,0.28069011136664856,long_nclose,14.511678757655732,0.013821059747550895,3.0
1674406620000.0,31255,1674406620000.0,0.04652504224682252,-0.000492092,1050.0146332399038,1050.2434894400012,-8.6,0.2861,43.1,0.28069011136664856,long_nclose,12.097743799902554,0.01152150019335826,5.0
1674406680000.0,31256,1674406680000.0,0.03841020929679534,-0.000406262,1050.0526371872006,1050.2437931780012,-7.1,0.2861,36.0,0.28069011136664856,long_nclose,10.104844009199349,0.009623178544903634,1.0
1674406800000.0,31258,1674406800000.0,0.03245933180010874,-0.00034332000000000004,1050.0847531990007,1050.2590498580012,-6.0,0.2861,30.0,0.28069011136664856,long_nclose,8.420703340999458,0.00801907018966464,2.0
1674407040000.0,31262,1674407040000.0,0.02704944316675728,-0.0002861,1050.1115165421675,1050.2567637580012,-5.0,0.2861,25.0,0.28069011136664856,long_nclose,7.017252784166214,0.006682388178422034,4.0
1674408360000.0,31284,1674408360000.0,0.04054944316675718,-0.0002888,1050.1517771853344,1050.3179749580013,-5.0,0.2888,20.0,0.28069011136664856,long_nclose,5.613802227332972,0.0053457055916044304,22.0
1674408660000.0,31289,1674408660000.0,0.032439554533405746,-0.00023104,1050.1839856998677,1050.3169439180012,-4.0,0.2888,16.0,0.28069011136664856,long_nclose,4.491041781866377,0.004276433313609748,5.0
1674408780000.0,31291,1674408780000.0,0.0259516436267246,-0.00018483200000000004,1050.2097525114943,1050.3161190860012,-3.2,0.2888,12.8,0.28069011136664856,long_nclose,3.592833425493102,0.003421062713330477,2.0
1674408900000.0,31293,1674408900000.0,0.02027472158337859,-0.0001444,1050.2298828330777,1050.3154746860012,-2.5,0.2888,10.3,0.28069011136664856,long_nclose,2.8911081470764803,0.0027528336360773593,2.0
1674410520000.0,31320,1674410520000.0,0.016219777266702873,-0.00011552,1050.2459870903444,1050.3149591660012,-2.0,0.2888,8.3,0.28069011136664856,long_nclose,2.3297279243431834,0.002218268817953384,27.0
1674411600000.0,31338,1674411600000.0,0.0129758218133623,-9.241600000000002e-05,1050.258870496158,1050.3145467500015,-1.6,0.2888,6.7,0.28069011136664856,long_nclose,1.8806237461565454,0.001790628766856414,18.0
1674412860000.0,31359,1674412860000.0,0.005950877496686603,-6.294200000000001e-05,1050.2647584316544,1050.297293808001,-1.1,0.2861,5.6,0.28069011136664856,long_nclose,1.5718646236532319,0.0014966365490549976,21.0
1674413040000.0,31362,1674413040000.0,0.004868899770016311,-5.1498000000000014e-05,1050.2695758334244,1050.2968823100011,-0.9,0.2861,4.7,0.28069011136664856,long_nclose,1.3192435234232482,0.0012560999135639856,3.0
1674413760000.0,31374,1674413760000.0,0.003786922043346019,-4.0054e-05,1050.2733227014678,1050.2965622560012,-0.7,0.2861,4.0,0.28069011136664856,long_nclose,1.1227604454665943,0.001069017389281752,12.0
1674414000000.0,31378,1674414000000.0,0.0032459331800108737,-3.4332e-05,1050.2765343026479,1050.2945879240012,-0.6,0.2861,3.4,0.28069011136664856,long_nclose,0.9543463786466051,0.000908662002317573,4.0
1674417420000.0,31435,1674417420000.0,0.0,-0.010312120000000001,1050.2662221826479,1050.1267758040012,182.0,0.2833,185.4,0.28325213796465265,long_ientry_partial,52.514946378646606,0.05000155700476667,57.0
1674420000000.0,31478,1674420000000.0,0.0,-0.010499942,1050.2557222406479,1049.2327158620012,190.7,0.2753,376.1,0.27922003823091357,long_rentry,105.0146563786466,0.09998960648803237,43.0
1674420780000.0,31491,1674420780000.0,0.0,-0.010501624,1050.2452206166479,1047.7624442380013,193.9,0.2708,570.0,0.27635574803271334,long_rentry,157.5227763786466,0.14998666338720174,13.0
1674432000000.0,31678,1674432000000.0,0.2152421101371359,-0.004542120000000001,1050.455920606785,1051.9922021180012,-81.4,0.279,488.6,0.27635574803271334,long_nclose,135.02741848878375,0.12854172730140506,187.0
1674432120000.0,31680,1674432120000.0,0.18456878731661036,-0.00389484,1050.6365945541017,1051.7440072780014,-69.8,0.279,418.8,0.27635574803271334,long_nclose,115.73778727610035,0.11015967640573224,2.0
1674432180000.0,31681,1674432180000.0,0.15812626764374355,-0.00333684,1050.7913839817454,1051.9201704380014,-59.8,0.279,359.0,0.27635574803271334,long_nclose,99.2117135437441,0.09441618484518105,1.0
1674432300000.0,31683,1674432300000.0,0.31958626764374237,-0.003369132,1051.107601117389,1052.7963613060012,-59.8,0.2817,299.2,0.27635574803271334,long_nclose,82.68563981138783,0.0786652477096428,2.0
1674432420000.0,31685,1674432420000.0,0.4750662676437418,-0.003400228,1051.579267157033,1053.4093010780014,-59.8,0.2843,239.4,0.27635574803271334,long_nclose,66.15956607903158,0.06291448314485638,2.0
1674432480000.0,31686,1674432480000.0,0.379735244036302,-0.002717908,1051.9562844930692,1053.6125231700014,-47.8,0.2843,191.6,0.27635574803271334,long_nclose,52.949761323067875,0.05033456437648834,1.0
1674432540000.0,31687,1674432540000.0,0.5098596692330297,-0.00274946,1052.4633947023024,1054.0648237100015,-47.9,0.287,143.7,0.27635574803271334,long_nclose,39.7123209923009,0.03773273369144953,1.0
1674432720000.0,31690,1674432720000.0,0.3821286456255901,-0.0020606599999999997,1052.843462687928,1053.7214130500015,-35.9,0.287,107.8,0.27635574803271334,long_nclose,29.791149637926498,0.028295896487659396,3.0
1674432840000.0,31692,1674432840000.0,0.17080141729666304,-0.0012224900000000001,1053.0130416152247,1053.5001405600015,-21.5,0.2843,86.3,0.27635574803271334,long_nclose,23.84950105522316,0.022648818307739314,2.0
1674433080000.0,31696,1674433080000.0,0.07642280313219926,-0.0008056620000000001,1053.0886587563568,1053.4950448980014,-14.3,0.2817,72.0,0.27635574803271334,long_nclose,19.89761385835536,0.018894528673258536,4.0
1674433320000.0,31700,1674433320000.0,0.1143972283289278,-0.000818784,1053.2022372006857,1053.6713461140014,-14.4,0.2843,57.6,0.27635574803271334,long_nclose,15.918091086684289,0.015113992853825592,4.0
1674433620000.0,31705,1674433620000.0,0.09135889762379651,-0.0006538900000000001,1053.2929422083096,1053.6683922240015,-11.5,0.2843,46.1,0.27635574803271334,long_nclose,12.739999984308085,0.012095400504248795,5.0
1674433860000.0,31709,1674433860000.0,0.0730871180990372,-0.0005231120000000001,1053.3655062144085,1053.6660291120013,-9.2,0.2843,36.9,0.27635574803271334,long_nclose,10.197527102407122,0.00968090092398702,4.0
1674434280000.0,31716,1674434280000.0,0.057993039361192565,-0.00041507800000000004,1053.4230841757696,1053.6641540340013,-7.3,0.2843,29.6,0.27635574803271334,long_nclose,8.180130141768315,0.007765284684423541,7.0
1674434520000.0,31720,1674434520000.0,0.046871086606991255,-0.00033547400000000005,1053.4696197883768,1053.6626385600016,-5.9,0.2843,23.7,0.27635574803271334,long_nclose,6.549631228375306,0.006217199912885015,4.0
1674435720000.0,31740,1674435720000.0,0.03733798424624727,-0.00026724200000000005,1053.506690530623,1053.6614313180014,-4.7,0.2843,19.0,0.27635574803271334,long_nclose,5.250759212621554,0.0049840777090621865,20.0
1674435960000.0,31744,1674435960000.0,0.03018815747568928,-0.00021606799999999998,1053.5366626200987,1053.6756552500015,-3.8,0.2843,15.2,0.27635574803271334,long_nclose,4.200607370097242,0.003987148733533885,4.0
1674436860000.0,31759,1674436860000.0,0.0404481574756892,-0.00021811999999999998,1053.5768926575745,1053.6982371300016,-3.8,0.287,11.4,0.27635574803271334,long_nclose,3.150455527572932,0.0029902473654543874,15.0
1674436920000.0,31760,1674436920000.0,0.029803905508402572,-0.00016072,1053.606535843083,1053.7109764100016,-2.8,0.287,8.6,0.27635574803271334,long_nclose,2.376659433081335,0.0022557371772371944,1.0
1674436980000.0,31761,1674436980000.0,0.0370839055084027,-0.00016217600000000001,1053.6434575725914,1053.7196942340017,-2.8,0.2896,5.8,0.27635574803271334,long_nclose,1.6028633385897373,0.0015212578098121082,1.0
1674437040000.0,31762,1674437040000.0,0.02516407873784469,-0.00011004800000000001,1053.6685116033293,1053.7158741860017,-1.9,0.2896,3.9,0.27635574803271334,long_nclose,1.077787417327582,0.001022890411413692,1.0
1674437160000.0,31764,1674437160000.0,0.017217527557472686,-7.5296e-05,1053.6856538348868,1053.7237288900017,-1.3,0.2896,2.6,0.27635574803271334,long_nclose,0.7185249448850547,0.0006819158467897751,2.0
1674437460000.0,31769,1674437460000.0,0.020727527557472657,-7.5998e-05,1053.7063053644442,1053.7285928920016,-1.3,0.2923,1.3,0.27635574803271334,long_nclose,0.35926247244252735,0.00034095124098006575,5.0
1674437820000.0,31775,1674437820000.0,0.005297700786914672,-2.3168000000000002e-05,1053.711579897231,1053.7234097240016,-0.4,0.2896,0.9,0.27635574803271334,long_nclose,0.248720173229442,0.0002360419852780775,6.0
1674437880000.0,31776,1674437880000.0,0.0039732755901860034,-1.7376e-05,1053.7155357968213,1053.7237223480017,-0.3,0.2896,0.6,0.27635574803271334,long_nclose,0.165813448819628,0.00015736073274675563,1.0
1674438120000.0,31780,1674438120000.0,0.002648850393457336,-1.1584000000000001e-05,1053.7181730632146,1053.7236307640017,-0.2,0.2896,0.4,0.27635574803271334,long_nclose,0.11054229921308534,0.0001049068926008299,4.0
1674438300000.0,31783,1674438300000.0,0.001324425196728668,-5.792000000000001e-06,1053.7194916964115,1053.7234349720018,-0.1,0.2896,0.3,0.27635574803271334,long_nclose,0.082906724409814,7.868007098961435e-05,3.0
1674438360000.0,31784,1674438360000.0,0.001324425196728668,-5.792000000000001e-06,1053.7208103296084,1053.7236391800018,-0.1,0.2896,0.2,0.27635574803271334,long_nclose,0.05527114960654267,5.245331501923514e-05,1.0
1674438900000.0,31793,1674438900000.0,0.001324425196728668,-5.792000000000001e-06,1053.7221289628053,1053.723493388002,-0.1,0.2896,0.1,0.27635574803271334,long_nclose,0.027635574803271334,2.622662468944583e-05,9.0
1674439260000.0,31799,1674439260000.0,0.001324425196728668,-5.792000000000001e-06,1053.7234475960022,1053.7234475960022,-0.1,0.2896,0.0,0.27635574803271334,long_nclose,0.0,0.0,6.0
1674458640000.0,32122,1674458640000.0,0.0,-0.010535892,1053.7129117040022,1053.7869517040021,185.1,0.2846,185.1,0.2846,long_ientry_normal,52.67946,0.04999412972439513,323.0
1674461100000.0,32163,1674461100000.0,0.07127999999999947,-0.001516944,1053.782674760002,1054.242904760002,-26.4,0.2873,158.7,0.2846,long_nclose,45.16602,0.042860848903486216,41.0
1674461340000.0,32167,1674461340000.0,0.061019999999999554,-0.0012985960000000002,1053.8423961640021,1054.305136164002,-22.6,0.2873,136.1,0.2846,long_nclose,38.73406,0.03675507850224322,4.0
1674462240000.0,32182,1674462240000.0,0.052379999999999614,-0.001114724,1053.8936614400022,1054.2320914400023,-19.4,0.2873,116.7,0.2846,long_nclose,33.21282,0.03151439392340514,15.0
1674462600000.0,32188,1674462600000.0,0.0,-0.0038903680000000004,1053.8897710720023,1053.9501110720023,68.3,0.2848,185.0,0.28467383783783784,long_ientry_partial,52.66466,0.04997169670451419,6.0
1674466500000.0,32253,1674466500000.0,0.07197068108108073,-0.001517472,1053.9602242810834,1054.4084536000023,-26.4,0.2874,158.6,0.28467383783783784,long_nclose,45.14927068108108,0.04283773679588131,65.0
1674469080000.0,32296,1674469080000.0,0.061611264864864575,-0.0012990480000000001,1054.0205364979483,1054.4048945520024,-22.6,0.2874,136.0,0.28467383783783784,long_nclose,38.71564194594595,0.03673139242104445,43.0
1674469380000.0,32301,1674469380000.0,0.052887545945945684,-0.001115112,1054.0723089318942,1054.4601394400024,-19.4,0.2874,116.6,0.28467383783783784,long_nclose,33.192969491891894,0.03149022055756951,5.0
1674470880000.0,32326,1674470880000.0,0.10720754594594616,-0.001125976,1054.1783905018403,1054.7446934640025,-19.4,0.2902,97.2,0.28467383783783784,long_nclose,27.670297037837837,0.026248211201393937,25.0
1674471060000.0,32329,1674471060000.0,0.08952382702702721,-0.0009402480000000001,1054.2669740808674,1054.7793932160025,-16.2,0.2902,81.0,0.28467383783783784,long_nclose,23.058580864864865,0.021871671437842233,3.0
1674471240000.0,32332,1674471240000.0,0.07460318918918935,-0.00078354,1054.3407937300567,1054.6665596760026,-13.5,0.2902,67.5,0.28467383783783784,long_nclose,19.215484054054055,0.018225116744343482,3.0
1674472380000.0,32351,1674472380000.0,0.06189301621621634,-0.000650048,1054.402036698273,1054.7300496280027,-11.2,0.2902,56.3,0.28467383783783784,long_nclose,16.02713707027027,0.015200214446149243,19.0
1674476040000.0,32412,1674476040000.0,0.021809297297297192,-0.00045984,1054.4233861555701,1054.5598897880025,-8.0,0.2874,48.3,0.28467383783783784,long_nclose,13.749746367567568,0.01304006203589544,61.0
1674476940000.0,32427,1674476940000.0,0.018810518918918828,-0.000396612,1054.441800062489,1054.5588031760024,-6.9,0.2874,41.4,0.28467383783783784,long_nclose,11.785496886486486,0.011177000841381712,15.0
1674477360000.0,32434,1674477360000.0,0.01608435675675668,-0.000339132,1054.4575452872457,1054.5401240440024,-5.9,0.2874,35.5,0.28467383783783784,long_nclose,10.105921243243243,0.009584000122537205,7.0
1674477420000.0,32435,1674477420000.0,0.013630810810810745,-0.0002874,1054.4708886980566,1054.5723366440025,-5.0,0.2874,30.5,0.28467383783783784,long_nclose,8.682552054054055,0.008234036754465839,1.0
1674479460000.0,32469,1674479460000.0,0.0,-0.008800436000000002,1054.4620882620566,1054.4871562080025,153.8,0.2861,184.3,0.28586398293029874,long_ientry_partial,52.68473205405406,0.04996360954132356,34.0
1674485400000.0,32568,1674485400000.0,0.07195724893314366,-0.0015180360000000004,1054.5325274749896,1055.0280181720025,-26.3,0.2886,158.0,0.28586398293029874,long_nclose,45.1665093029872,0.04283083558468842,99.0
1674485520000.0,32570,1674485520000.0,0.061560384068278795,-0.0012987000000000003,1054.592789159058,1055.0177194720025,-22.5,0.2886,135.5,0.28586398293029874,long_nclose,38.73456968705548,0.03672940881564608,2.0
1674485760000.0,32574,1674485760000.0,0.0528051294452347,-0.0011139960000000003,1054.6444802925032,1055.0088854760024,-19.3,0.2886,116.2,0.28586398293029874,long_nclose,33.217394816500715,0.031496296085755784,4.0
1674485880000.0,32576,1674485880000.0,0.0,-0.003915688,1054.6405646045032,1054.6051297880024,68.6,0.2854,184.8,0.2856917468425363,long_ientry_partial,52.79583481650071,0.05006050078900528,2.0
1674487620000.0,32605,1674487620000.0,0.07413788335704145,-0.00152328,1054.7131792078603,1055.2372065080026,-26.4,0.2885,158.4,0.2856917468425363,long_nclose,45.25357269985775,0.04290604648919371,29.0
1674487800000.0,32608,1674487800000.0,0.06346652135867943,-0.0013040200000000001,1054.775341709219,1055.0888024880026,-22.6,0.2885,135.8,0.2856917468425363,long_nclose,38.796939221216434,0.03678218260046507,3.0
1674487860000.0,32609,1674487860000.0,0.05448011125479561,-0.00111938,1054.8287024404738,1055.2719831080026,-19.4,0.2885,116.4,0.2856917468425363,long_nclose,33.254519332471226,0.03152599019682805,1.0
1674488340000.0,32617,1674488340000.0,0.04661700241389728,-0.0009578200000000001,1054.8743616228878,1055.1047252880028,-16.6,0.2885,99.8,0.2856917468425363,long_nclose,28.51203633488512,0.027028845682646355,8.0
1674488460000.0,32619,1674488460000.0,0.03987719483598442,-0.0008193399999999999,1054.913419477724,1055.2822059480027,-14.2,0.2885,85.6,0.2856917468425363,long_nclose,24.455213529721103,0.02318219967457482,2.0
1674488580000.0,32621,1674488580000.0,0.07821719483598492,-0.0008270080000000001,1054.99080966456,1055.369818940003,-14.2,0.2912,71.4,0.2856917468425363,long_nclose,20.398390724557093,0.019335135944021038,2.0
1674488640000.0,32622,1674488640000.0,0.06554821257381836,-0.000693056,1055.0556648211336,1055.4310058840026,-11.9,0.2912,59.5,0.2856917468425363,long_nclose,16.99865893713091,0.016111622830832093,1.0
1674488760000.0,32624,1674488760000.0,0.0545317062588909,-0.0005765760000000001,1055.1096199513925,1055.4225093080026,-9.9,0.2912,49.6,0.2856917468425363,long_nclose,14.1703106433898,0.0134301786046104,2.0
1674489360000.0,32634,1674489360000.0,0.04516767589120256,-0.000477568,1055.1543100592837,1055.3740717400028,-8.2,0.2912,41.4,0.2856917468425363,long_nclose,11.827638319281002,0.011209392035385296,10.0
1674489960000.0,32644,1674489960000.0,0.03800694678649972,-0.0004018560000000001,1055.1919151500701,1055.3922998840026,-6.9,0.2912,34.5,0.2856917468425363,long_nclose,9.856365266067503,0.00934082712779857,10.0
1674491460000.0,32669,1674491460000.0,0.01376044047157209,-0.00028273,1055.2053928605417,1055.3181171540025,-4.9,0.2885,29.6,0.2856917468425363,long_nclose,8.456475706539074,0.008014056565437494,25.0
1674494100000.0,32713,1674494100000.0,0.011794663261347505,-0.00024234000000000001,1055.2169451838029,1055.3009748140025,-4.2,0.2885,25.4,0.2856917468425363,long_nclose,7.256570369800421,0.006876851630293367,44.0
1674495300000.0,32733,1674495300000.0,0.01010971136686929,-0.00020772,1055.2268471751697,1055.2880670940024,-3.6,0.2885,21.8,0.2856917468425363,long_nclose,6.228080081167291,0.005902124361069651,20.0
1674495480000.0,32736,1674495480000.0,0.008705584788137445,-0.00017887,1055.235373889958,1055.2972382240025,-3.1,0.2885,18.7,0.2856917468425363,long_nclose,5.342435665955429,0.005062790537680125,3.0
1674495660000.0,32739,1674495660000.0,0.007301458209405598,-0.00015002,1055.2425253281674,1055.2957882040025,-2.6,0.2885,16.1,0.2856917468425363,long_nclose,4.599637124164834,0.004358843596389753,3.0
1674496020000.0,32745,1674496020000.0,0.00645898226216649,-0.00013270999999999997,1055.2488516004296,1055.3014054940027,-2.3,0.2885,13.8,0.2856917468425363,long_nclose,3.942546106427001,0.003736129255623059,6.0
1674496320000.0,32750,1674496320000.0,0.005335680999181014,-0.00010962999999999999,1055.2540776514288,1055.2934458640027,-1.9,0.2885,11.9,0.2856917468425363,long_nclose,3.399731787426182,0.0032217186926134585,5.0
1674496440000.0,32752,1674496440000.0,0.010465680999181081,-0.000110656,1055.264432676428,1055.3225152080026,-1.9,0.2912,10.0,0.2856917468425363,long_nclose,2.8569174684253626,0.0027073000661829083,2.0
1674497280000.0,32766,1674497280000.0,0.016416506314927415,-0.00011756,1055.280731622743,1055.3471976480025,-2.0,0.2939,8.0,0.2856917468425363,long_nclose,2.2855339747402903,0.002165806601268786,14.0
1674497460000.0,32769,1674497460000.0,0.013133205051941932,-9.4048e-05,1055.2937707797948,1055.3469436000025,-1.6,0.2939,6.4,0.2856917468425363,long_nclose,1.8284271797922322,0.0017326238725365933,3.0
1674498000000.0,32778,1674498000000.0,0.009849903788956449,-7.0536e-05,1055.3035501475838,1055.3441530640025,-1.2,0.2939,5.2,0.2856917468425363,long_nclose,1.4855970835811887,0.001407743850926521,9.0
1674498120000.0,32780,1674498120000.0,0.008208253157463707,-5.878e-05,1055.3116996207411,1055.3465942840025,-1.0,0.2939,4.2,0.2856917468425363,long_nclose,1.1999053367386525,0.0011370150991123055,2.0
1674498240000.0,32782,1674498240000.0,0.006566602525970966,-4.7024e-05,1055.318219199267,1055.3464672600026,-0.8,0.2939,3.4,0.2856917468425363,long_nclose,0.9713519392646234,0.0009204351081910119,2.0
1674498540000.0,32787,1674498540000.0,0.0049249518944782245,-3.5268e-05,1055.3231088831617,1055.3449719920027,-0.6,0.2939,2.8,0.2856917468425363,long_nclose,0.7999368911591016,0.0007580018711100406,5.0
1674498720000.0,32790,1674498720000.0,0.004104126578731854,-2.939e-05,1055.3271836197405,1055.3474426020027,-0.5,0.2939,2.3,0.2856917468425363,long_nclose,0.6570910177378334,0.0006226419900262883,3.0
1674499980000.0,32811,1674499980000.0,0.003283301262985483,-2.3512e-05,1055.3304434090035,1055.3452790900026,-0.4,0.2939,1.9,0.2856917468425363,long_nclose,0.5428143190008189,0.0005143548377580973,21.0
1674500040000.0,32812,1674500040000.0,0.0024624759472391122,-1.7634e-05,1055.3328882509506,1055.3461814560026,-0.3,0.2939,1.6,0.2856917468425363,long_nclose,0.45710679494805806,0.00043313991256885883,1.0
1674500580000.0,32821,1674500580000.0,0.0024624759472391122,-1.7634e-05,1055.3353330928978,1055.3461338220025,-0.3,0.2939,1.3,0.2856917468425363,long_nclose,0.3713992708952972,0.0003519253636726328,9.0
1674501120000.0,32830,1674501120000.0,0.0016416506314927415,-1.1756e-05,1055.3369629875292,1055.3461020660025,-0.2,0.2939,1.1,0.2856917468425363,long_nclose,0.3142609215267899,0.00029778254012553096,9.0
1674501360000.0,32834,1674501360000.0,0.0016416506314927415,-1.1756e-05,1055.3385928821606,1055.3465203100022,-0.2,0.2939,0.9,0.2856917468425363,long_nclose,0.25712257215828266,0.00024363988381783083,4.0
1674501540000.0,32837,1674501540000.0,0.0008208253157463707,-5.878e-06,1055.3394078294764,1055.3456544320024,-0.1,0.2939,0.8,0.2856917468425363,long_nclose,0.22855339747402903,0.0002165686183785142,3.0
1674502140000.0,32847,1674502140000.0,0.0005508253157463727,-5.824000000000001e-06,1055.339952830792,1055.3440186080022,-0.1,0.2912,0.7,0.2856917468425363,long_nclose,0.1999842227897754,0.00018949744322040263,10.0
1674502380000.0,32851,1674502380000.0,0.0005508253157463727,-5.824000000000001e-06,1055.3404978321078,1055.3439827840023,-0.1,0.2912,0.6,0.2856917468425363,long_nclose,0.17141504810552177,0.00016242629602260548,4.0
1674503700000.0,32873,1674503700000.0,0.0005508253157463727,-5.824000000000001e-06,1055.3410428334234,1055.3436969600023,-0.1,0.2912,0.5,0.2856917468425363,long_nclose,0.14284587342126814,0.00013535517678507945,22.0
1674503760000.0,32874,1674503760000.0,0.0005508253157463727,-5.824000000000001e-06,1055.3415878347391,1055.3439111360021,-0.1,0.2912,0.4,0.2856917468425363,long_nclose,0.11427669873701451,0.00010828408550778124,1.0
1674505200000.0,32898,1674505200000.0,0.0005508253157463727,-5.824000000000001e-06,1055.3421328360548,1055.343725312002,-0.1,0.2912,0.3,0.2856917468425363,long_nclose,0.08570752405276089,8.12130221906675e-05,24.0
1674505260000.0,32899,1674505260000.0,0.0005508253157463727,-5.824000000000001e-06,1055.3426778373705,1055.343839488002,-0.1,0.2912,0.2,0.2856917468425363,long_nclose,0.05713834936850726,5.414198683369492e-05,1.0
1674506340000.0,32917,1674506340000.0,0.0005508253157463727,-5.824000000000001e-06,1055.3432228386862,1055.3438036640018,-0.1,0.2912,0.1,0.2856917468425363,long_nclose,0.02856917468425363,2.7070979436820198e-05,18.0
1674506460000.0,32919,1674506460000.0,0.0005508253157463727,-5.824000000000001e-06,1055.3437678400019,1055.3437678400019,-0.1,0.2912,0.0,0.2856917468425363,long_nclose,0.0,0.0,2.0
1674514380000.0,33051,1674514380000.0,0.0,-0.010552150000000001,1055.333215690002,1055.2237156900019,182.5,0.2891,182.5,0.2891,long_ientry_normal,52.76075,0.04999439912966614,132.0
1674525180000.0,33231,1674525180000.0,0.0727999999999992,-0.0015178799999999999,1055.4044978100019,1056.0148478100018,-26.0,0.2919,156.5,0.2891,long_nclose,45.244150000000005,0.04286901381781399,180.0
1674527040000.0,33262,1674527040000.0,0.14559999999999984,-0.0015324400000000001,1055.548565370002,1056.253265370002,-26.0,0.2947,130.5,0.2891,long_nclose,37.72755,0.03574212616808905,31.0
1674527100000.0,33263,1674527100000.0,0.12151999999999986,-0.0012789980000000002,1055.6688063720019,1056.201926372002,-21.7,0.2947,108.8,0.2891,long_nclose,31.45408,0.029795405348859057,1.0
1674527220000.0,33265,1674527220000.0,0.1013599999999999,-0.0010668140000000001,1055.769099558002,1056.304229558002,-18.1,0.2947,90.7,0.2891,long_nclose,26.221370000000004,0.02483627339631136,2.0
1674527640000.0,33272,1674527640000.0,0.0845599999999999,-0.0008899940000000002,1055.8527695640018,1056.2988095640019,-15.1,0.2947,75.6,0.2891,long_nclose,21.85596,0.02069981784394531,7.0
1674528840000.0,33292,1674528840000.0,0.07055999999999991,-0.0007426440000000001,1055.9225869200018,1056.2942869200017,-12.6,0.2947,63.0,0.2891,long_nclose,18.2133,0.01724870764733425,20.0
1674528960000.0,33294,1674528960000.0,0.058799999999999936,-0.0006188700000000001,1055.9807680500019,1056.2905180500018,-10.5,0.2947,52.5,0.2891,long_nclose,15.177750000000001,0.014373131082706724,2.0
1674529200000.0,33298,1674529200000.0,0.048719999999999944,-0.000512778,1056.0289752720018,1056.2435952720018,-8.7,0.2947,43.8,0.2891,long_nclose,12.66258,0.011990750534793322,4.0
1674530100000.0,33313,1674530100000.0,0.04087999999999995,-0.00043026200000000005,1056.0694250100019,1056.2847750100018,-7.3,0.2947,36.5,0.2891,long_nclose,10.552150000000001,0.00999190938597627,15.0
1674531300000.0,33333,1674531300000.0,0.03359999999999996,-0.00035364000000000006,1056.1026713700019,1056.2826213700018,-6.0,0.2947,30.5,0.2891,long_nclose,8.81755,0.008349140892297584,20.0
1674532620000.0,33355,1674532620000.0,0.05062999999999984,-0.000362828,1056.1529385420017,1056.3578985420017,-6.1,0.2974,24.4,0.2891,long_nclose,7.0540400000000005,0.0066789948146505785,22.0
1674538860000.0,33459,1674538860000.0,0.039839999999999876,-0.000285504,1056.1924930380017,1056.3571330380016,-4.8,0.2974,19.6,0.2891,long_nclose,5.666360000000001,0.005364893272154819,104.0
1674540120000.0,33480,1674540120000.0,0.0323699999999999,-0.000231972,1056.2246310660016,1056.3565110660015,-3.9,0.2974,15.7,0.2891,long_nclose,4.53887,0.00429725824081485,21.0
1674540240000.0,33482,1674540240000.0,0.02572999999999992,-0.000184388,1056.2501766780017,1056.3623166780017,-3.1,0.2974,12.6,0.2891,long_nclose,3.6426600000000002,0.0034486716124928676,2.0
1674540360000.0,33484,1674540360000.0,0.020749999999999935,-0.0001487,1056.2707779780017,1056.3556179780016,-2.5,0.2974,10.1,0.2891,long_nclose,2.9199100000000002,0.0027643574553766663,2.0
1674541140000.0,33497,1674541140000.0,0.016599999999999948,-0.00011896,1056.2872590180016,1056.3552990180017,-2.0,0.2974,8.1,0.2891,long_nclose,2.34171,0.002216925348675527,13.0
1674541380000.0,33501,1674541380000.0,0.013279999999999959,-9.516800000000001e-05,1056.3004438500016,1056.3550438500015,-1.6,0.2974,6.5,0.2891,long_nclose,1.87915,0.001778991962884043,4.0
1674542160000.0,33514,1674542160000.0,0.010789999999999966,-7.732400000000001e-05,1056.3111565260017,1056.3548365260017,-1.3,0.2974,5.2,0.2891,long_nclose,1.5033200000000002,0.0014231791368597509,13.0
1674542880000.0,33526,1674542880000.0,0.014429999999999998,-7.805200000000002e-05,1056.3255084740017,1056.3719184740016,-1.3,0.3002,3.9,0.2891,long_nclose,1.12749,0.0010673698504439267,12.0
1674543120000.0,33530,1674543120000.0,0.009989999999999999,-5.403600000000001e-05,1056.3354444380018,1056.3726444380018,-0.9,0.3002,3.0,0.2891,long_nclose,0.8673000000000001,0.0008210460082227255,4.0
1674543480000.0,33536,1674543480000.0,0.007769999999999998,-4.2028e-05,1056.3431724100017,1056.3693924100016,-0.7,0.3002,2.3,0.2891,long_nclose,0.66493,0.0006294640012515921,6.0
1674543660000.0,33539,1674543660000.0,0.005549999999999999,-3.0020000000000004e-05,1056.3486923900018,1056.3692123900018,-0.5,0.3002,1.8,0.2891,long_nclose,0.5203800000000001,0.0004926214267588423,3.0
1674544800000.0,33558,1674544800000.0,0.0044399999999999995,-2.4016000000000005e-05,1056.3531083740017,1056.3690683740017,-0.4,0.3002,1.4,0.2891,long_nclose,0.40474,0.000383148396867974,19.0
1674545160000.0,33564,1674545160000.0,0.005559999999999988,-2.4240000000000002e-05,1056.358644134002,1056.3725441340018,-0.4,0.303,1.0,0.2891,long_nclose,0.2891,0.000273675992150377,6.0
1674545220000.0,33565,1674545220000.0,0.0041699999999999906,-1.818e-05,1056.3627959540017,1056.3728759540018,-0.3,0.303,0.7,0.2891,long_nclose,0.20237,0.00019157244156562666,1.0
1674545340000.0,33567,1674545340000.0,0.002779999999999994,-1.2120000000000001e-05,1056.3655638340017,1056.3735138340016,-0.2,0.303,0.5,0.2891,long_nclose,0.14455,0.00013683709972082614,2.0
1674545400000.0,33568,1674545400000.0,0.003339999999999999,-1.2232000000000002e-05,1056.3688916020017,1056.3738116020018,-0.2,0.3058,0.3,0.2891,long_nclose,0.08673,8.21020011943673e-05,1.0
1674545460000.0,33569,1674545460000.0,0.0016699999999999994,-6.116000000000001e-06,1056.3705554860019,1056.374035486002,-0.1,0.3058,0.2,0.2891,long_nclose,0.05782000000000001,5.4734581250609454e-05,1.0
1674545820000.0,33575,1674545820000.0,0.0038999999999999924,-1.2344e-05,1056.3744431420018,1056.3744431420018,-0.2,0.3086,0.0,0.2891,long_nclose,0.0,0.0,6.0
1674562260000.0,33849,1674562260000.0,0.0,-0.010565786,1056.363877356002,1056.467497356002,172.7,0.3059,172.7,0.3059,long_ientry_normal,52.82893,0.05001016328978115,274.0
1674564180000.0,33881,1674564180000.0,0.07380000000000007,-0.0015197880000000002,1056.4361575680018,1056.8952675680018,-24.6,0.3089,148.1,0.3059,long_nclose,45.30379,0.04288360415862029,32.0
1674564720000.0,33890,1674564720000.0,0.1451400000000004,-0.0015340560000000002,1056.5797635120018,1057.3948635120018,-24.6,0.3118,123.5,0.3059,long_nclose,37.77865,0.03575560625392469,9.0
1674564780000.0,33891,1674564780000.0,0.21735999999999936,-0.0015546179999999998,1056.795568894002,1057.6946488940018,-24.7,0.3147,98.8,0.3059,long_nclose,30.22292,0.02859864375815849,1.0
1674564900000.0,33893,1674564900000.0,0.29145999999999944,-0.001569438,1057.085459456002,1057.945019456002,-24.7,0.3177,74.1,0.3059,long_nclose,22.667189999999998,0.021443100741982586,2.0
1674564960000.0,33894,1674564960000.0,0.21829999999999958,-0.00117549,1057.302583966002,1058.0587439660019,-18.5,0.3177,55.6,0.3059,long_nclose,17.00804,0.016086255966765804,1.0
1674565080000.0,33896,1674565080000.0,0.2719499999999998,-0.00118622,1057.5733477460021,1058.1150077460022,-18.5,0.3206,37.1,0.3059,long_nclose,11.34889,0.010731066572534002,2.0
1674565140000.0,33897,1674565140000.0,0.1808099999999999,-0.0007886760000000001,1057.7533690700022,1058.1526490700023,-12.3,0.3206,24.8,0.3059,long_nclose,7.586320000000001,0.007172106676124363,1.0
1674565440000.0,33902,1674565440000.0,0.12053999999999991,-0.0005257840000000001,1057.873383286002,1058.124043286002,-8.2,0.3206,16.6,0.3059,long_nclose,5.077940000000001,0.004800139676665966,5.0
1674565500000.0,33903,1674565500000.0,0.14608000000000004,-0.0005370100000000001,1058.018926276002,1058.169156276002,-8.3,0.3235,8.3,0.3059,long_nclose,2.5389700000000004,0.002399739680401206,1.0
1674566160000.0,33914,1674566160000.0,0.039689999999999975,-0.00017312400000000003,1058.0584431520022,1058.1430031520022,-2.7,0.3206,5.6,0.3059,long_nclose,1.71304,0.0016190410001330165,11.0
1674566520000.0,33920,1674566520000.0,0.016519999999999965,-8.8956e-05,1058.0748741960022,1058.125694196002,-1.4,0.3177,4.2,0.3059,long_nclose,1.28478,0.0012142618933052955,6.0
1674566700000.0,33923,1674566700000.0,0.011799999999999977,-6.354e-05,1058.0866106560022,1058.1253306560022,-1.0,0.3177,3.2,0.3059,long_nclose,0.9788800000000001,0.000925141656780918,3.0
1674567000000.0,33928,1674567000000.0,0.009439999999999983,-5.0832000000000004e-05,1058.0959998240023,1058.1262398240024,-0.8,0.3177,2.4,0.3059,long_nclose,0.73416,0.0006938500855518932,5.0
1674567120000.0,33930,1674567120000.0,0.007079999999999986,-3.8123999999999996e-05,1058.1030417000024,1058.1248217000025,-0.6,0.3177,1.8,0.3059,long_nclose,0.55062,0.0005203841008861914,2.0
1674567240000.0,33932,1674567240000.0,0.008819999999999995,-3.8472e-05,1058.1118232280025,1058.1299432280025,-0.6,0.3206,1.2,0.3059,long_nclose,0.36708,0.0003469198547277752,2.0
1674567480000.0,33936,1674567480000.0,0.003539999999999993,-1.9061999999999998e-05,1058.1153441660024,1058.1275841660024,-0.3,0.3177,0.9,0.3059,long_nclose,0.27531,0.00026018902524941364,4.0
1674567540000.0,33937,1674567540000.0,0.004409999999999997,-1.9236e-05,1058.1197349300023,1058.1299949300023,-0.3,0.3206,0.6,0.3059,long_nclose,0.18354,0.00017345863038093862,1.0
1674567600000.0,33938,1674567600000.0,0.005280000000000001,-1.941e-05,1058.1249955200024,1058.1299755200023,-0.3,0.3235,0.3,0.3059,long_nclose,0.09177,8.672888400571313e-05,1.0
1674568020000.0,33945,1674568020000.0,0.0011799999999999979,-6.3540000000000005e-06,1058.1261691660022,1058.1284891660023,-0.1,0.3177,0.2,0.3059,long_nclose,0.061180000000000005,5.7819191872195246e-05,7.0
1674568080000.0,33946,1674568080000.0,0.0011799999999999979,-6.3540000000000005e-06,1058.127342812002,1058.128602812002,-0.1,0.3177,0.1,0.3059,long_nclose,0.030590000000000003,2.8909563870362e-05,1.0
1674568200000.0,33948,1674568200000.0,0.0011799999999999979,-6.3540000000000005e-06,1058.128516458002,1058.128516458002,-0.1,0.3177,0.0,0.3059,long_nclose,0.0,0.0,2.0
1674579780000.0,34141,1674579780000.0,0.0,-0.010582278,1058.117934180002,1058.1348441800021,169.1,0.3129,169.1,0.3129,long_ientry_normal,52.91139,0.050005191567803975,193.0
1674580200000.0,34148,1674580200000.0,0.07230000000000007,-0.0015226380000000002,1058.188711542002,1058.710711542002,-24.1,0.3159,145.0,0.3129,long_nclose,45.3705,0.0428756227553077,7.0
1674581400000.0,34168,1674581400000.0,0.06210000000000005,-0.001307826,1058.2495037160022,1058.5726837160023,-20.7,0.3159,124.3,0.3129,long_nclose,38.89347,0.036752646576659935,20.0
1674582180000.0,34181,1674582180000.0,0.0,-0.002799114,1058.2467046020022,1058.1701646020022,44.7,0.3131,169.0,0.312952899408284,long_ientry_partial,52.88904,0.04997798695710669,13.0
1674583980000.0,34211,1674583980000.0,0.07343512426035509,-0.0015231200000000002,1058.3186166062626,1058.7601414820022,-24.1,0.316,144.9,0.312952899408284,long_nclose,45.34687512426036,0.04284803688862182,30.0
1674588180000.0,34281,1674588180000.0,0.06307498224852076,-0.00130824,1058.380383348511,1058.8209332420022,-20.7,0.316,124.2,0.312952899408284,long_nclose,38.86875010650888,0.03672474539213932,70.0
1674589920000.0,34310,1674589920000.0,0.0,-0.002806272,1058.377577076511,1058.289966970002,44.8,0.3132,169.0,0.31301840299709394,long_ientry_partial,52.900110106508876,0.049982266491918205,29.0
1674596880000.0,34426,1674596880000.0,0.0,-0.01058616,1058.366990916511,1057.1510808100022,174.0,0.3042,343.0,0.3085449274242241,long_rentry,105.83091010650888,0.09999453026672987,116.0
1674599220000.0,34465,1674599220000.0,0.0,-0.010583248000000002,1058.3564076685109,1052.690357562002,176.8,0.2993,519.8,0.30540044268277977,long_rentry,158.7471501065089,0.14999403693904814,39.0
1674599220000.0,34465,1674599220000.0,0.0,-0.015217487999999998,1058.341190180511,1052.392000074002,257.4,0.2956,777.2,0.3021546450160948,long_rentry,234.8345901065089,0.22188930402156554,0.0
1674599280000.0,34466,1674599280000.0,0.0,-0.022455066,1058.318735114511,1048.798865008002,384.9,0.2917,1162.1,0.29869195431245926,long_rentry,347.10992010650887,0.32798240132161255,1.0
1674609420000.0,34635,1674609420000.0,0.0,-0.033045210000000005,1058.285689904511,1045.509719798002,575.5,0.2871,1737.6,0.2948526531460111,long_rentry,512.3359701065089,0.48411877340299,169.0
1674610020000.0,34645,1674610020000.0,0.0,-0.048486204000000005,1058.237203700511,1034.863513594002,860.6,0.2817,2598.2,0.2904961088855781,long_rentry,754.766990106509,0.7132304434839296,10.0
1674626460000.0,34919,1674626460000.0,1.0405239925619743,-0.021768726000000002,1059.255958967073,1065.945924868002,-371.1,0.2933,2227.1,0.2904961088855781,long_nclose,646.9638840990709,0.6107720033314269,274.0
1674627360000.0,34934,1674627360000.0,0.8919177634976125,-0.018659746,1060.1292169845706,1065.863645122002,-318.1,0.2933,1909.0,0.2904961088855781,long_nclose,554.5570718625686,0.523103281164111,15.0
1674628800000.0,34958,1674628800000.0,1.782597763497603,-0.018837882,1061.892976866068,1071.4445672400018,-318.1,0.2961,1590.9,0.2904961088855781,long_nclose,462.1502596260662,0.43521359467881215,24.0
1674629040000.0,34962,1674629040000.0,1.4855915344332427,-0.015699222000000002,1063.3628691785013,1071.322828018002,-265.1,0.2961,1325.8,0.2904961088855781,long_nclose,385.1397411604994,0.36219032310018334,4.0
1674629700000.0,34973,1674629700000.0,2.227871534433249,-0.015847678000000004,1065.5748930349346,1074.064620340002,-265.1,0.2989,1060.7,0.2904961088855781,long_nclose,308.1292226949327,0.2891671197482229,11.0
1674629760000.0,34974,1674629760000.0,1.7824653053688877,-0.012679338,1067.3446790023036,1074.136781002002,-212.1,0.2989,848.6,0.2904961088855781,long_nclose,246.51499800030157,0.2309610033665325,1.0
1674629880000.0,34976,1674629880000.0,1.4261403221173985,-0.010144666,1068.7606746584208,1074.194516336002,-169.7,0.2989,678.9,0.2904961088855781,long_nclose,197.21780832241896,0.18452943956368004,2.0
1674630900000.0,34993,1674630900000.0,1.1404080242270536,-0.008112146,1069.892970536648,1073.969084190002,-135.7,0.2989,543.2,0.2904961088855781,long_nclose,157.79748634664602,0.14748903927043874,17.0
1674631800000.0,35008,1674631800000.0,0.9126625750262197,-0.006492108000000001,1070.799141003674,1074.277632082002,-108.6,0.2989,434.6,0.2904961088855781,long_nclose,126.24960892167225,0.11790223216217453,15.0
1674633780000.0,35041,1674633780000.0,0.7302981378432643,-0.0051948820000000005,1071.5242442595172,1074.4810472000017,-86.9,0.2989,347.7,0.2904961088855781,long_nclose,101.00549705951549,0.09426338004075298,33.0
1674635460000.0,35069,1674635460000.0,0.5840704324523229,-0.00415471,1072.1041599819696,1074.4699424900018,-69.5,0.2989,278.2,0.2904961088855781,long_nclose,80.81601749196783,0.07538075171103428,28.0
1674636000000.0,35078,1674636000000.0,0.4672563459618584,-0.003323768,1072.5680925599315,1074.5723587220018,-55.6,0.2989,222.6,0.2904961088855781,long_nclose,64.66443383792968,0.06028935065893399,9.0
1674636600000.0,35088,1674636600000.0,0.37397315459177516,-0.00266021,1072.9394055045234,1074.364898512002,-44.5,0.2989,178.1,0.2904961088855781,long_nclose,51.737356992521455,0.048220203980851306,10.0
1674637500000.0,35103,1674637500000.0,0.1658751769868879,-0.001752912,1073.1035277695103,1073.9951056000018,-29.6,0.2961,148.5,0.2904961088855781,long_nclose,43.13867216950835,0.04019991646022621,15.0
1674639120000.0,35130,1674639120000.0,0.13841611052622063,-0.0014627339999999998,1073.2404811460365,1073.921862866002,-24.7,0.2961,123.8,0.2904961088855781,long_nclose,35.96341828003457,0.033509189144293,27.0
1674639900000.0,35143,1674639900000.0,0.0,-0.003431472,1073.2370496740364,1073.7152713940018,58.2,0.2948,182.0,0.29187240813205806,long_ientry_partial,53.120778280034564,0.049495848374008715,13.0
1674650400000.0,35318,1674650400000.0,0.07351738856649093,-0.0015324400000000001,1073.309034622603,1073.796938954002,-26.0,0.2947,156.0,0.29187240813205806,long_nclose,45.53209566860106,0.0424221675210356,175.0
1674650520000.0,35320,1674650520000.0,0.06277253946831148,-0.0013084680000000001,1073.3704986940713,1073.722070486002,-22.2,0.2947,133.8,0.29187240813205806,long_nclose,39.05252820806937,0.03638308324626313,2.0
1674652080000.0,35346,1674652080000.0,0.054007004677691414,-0.0011257540000000003,1073.423379944749,1073.782114732002,-19.1,0.2947,114.7,0.29187240813205806,long_nclose,33.47776521274706,0.031187847999426112,26.0
1674652260000.0,35349,1674652260000.0,0.04608974744745393,-0.0009607220000000002,1073.4685089701966,1073.727064010002,-16.3,0.2947,98.4,0.29187240813205806,long_nclose,28.720244960194513,0.026754622720834648,3.0
1674653760000.0,35374,1674653760000.0,0.0,-0.004982496,1073.4635264741967,1073.4420015140022,85.2,0.2924,183.6,0.292117238345286,long_ientry_partial,53.632724960194516,0.04996231696511554,25.0
1674680400000.0,35818,1674680400000.0,0.07290835535350607,-0.001545276,1073.5348895535503,1073.9099362380023,-26.2,0.2949,157.4,0.292117238345286,long_nclose,45.97925331554802,0.04282977084672987,444.0
1674682080000.0,35846,1674682080000.0,0.06233386106559297,-0.001321152,1073.595902262616,1073.9850750860023,-22.4,0.2949,135.0,0.292117238345286,long_nclose,39.435827176613614,0.036732468048268574,28.0
1674682560000.0,35854,1674682560000.0,0.12561213723106493,-0.0013396500000000002,1073.7201747498468,1074.2132354360022,-22.5,0.2977,112.5,0.292117238345286,long_nclose,32.86318931384468,0.03060684719042471,8.0
1674683040000.0,35862,1674683040000.0,0.10439764294315174,-0.0011133980000000003,1073.8234589947901,1074.3752620380023,-18.7,0.2977,93.8,0.292117238345286,long_nclose,27.40059695678783,0.025516854495279535,8.0
1674683340000.0,35867,1674683340000.0,0.08709108181353835,-0.0009288240000000001,1073.9096212526035,1074.3696532140023,-15.6,0.2977,78.2,0.292117238345286,long_nclose,22.84356803860137,0.02127140644475904,5.0
1674683640000.0,35872,1674683640000.0,0.07257590151128196,-0.00077402,1073.9814231341147,1074.397579194002,-13.0,0.2977,65.2,0.292117238345286,long_nclose,19.04604394011265,0.017734053429464443,5.0
1674683760000.0,35874,1674683760000.0,0.10897590151128156,-0.0007813,1074.089617735626,1074.579397894002,-13.0,0.3005,52.2,0.292117238345286,long_nclose,15.248519841623931,0.014196692333522925,2.0
1674683820000.0,35875,1674683820000.0,0.14667590151128174,-0.0007888400000000001,1074.2355047971373,1074.6425090540022,-13.0,0.3034,39.2,0.292117238345286,long_nclose,11.450995743135213,0.010659669776319358,1.0
1674683880000.0,35876,1674683880000.0,0.11057106421619702,-0.0005946640000000001,1074.3454811973536,1074.650734390002,-9.8,0.3034,29.4,0.292117238345286,long_nclose,8.588246807351409,0.00799393394178923,1.0
1674684120000.0,35880,1674684120000.0,0.08236416007941205,-0.000442964,1074.4274023934329,1074.701061426002,-7.3,0.3034,22.1,0.292117238345286,long_nclose,6.455790967430821,0.006008587414142333,4.0
1674684360000.0,35884,1674684360000.0,0.10280416007941223,-0.0004470520000000001,1074.5297595015122,1074.801824374002,-7.3,0.3062,14.8,0.292117238345286,long_nclose,4.323335127510234,0.004023467092727039,4.0
1674684360000.0,35884,1674684360000.0,0.12324416007941201,-0.00045114000000000005,1074.6525525215916,1074.790423234002,-7.3,0.309,7.5,0.292117238345286,long_nclose,2.1908792875896452,0.0020386861618193817,0.0
1674684480000.0,35886,1674684480000.0,0.062466218122441707,-0.00022866,1074.714790079714,1074.784644574002,-3.7,0.309,3.8,0.292117238345286,long_nclose,1.1100455057120868,0.0010328745039693296,2.0
1674684660000.0,35889,1674684660000.0,0.010154485489242582,-5.4612000000000005e-05,1074.7248899532033,1074.763699962002,-0.9,0.3034,2.9,0.292117238345286,long_nclose,0.8471399912013294,0.0007882389243243602,3.0
1674685140000.0,35897,1674685140000.0,0.007897933158299786,-4.2476e-05,1074.7327454103615,1074.7588874860019,-0.7,0.3034,2.2,0.292117238345286,long_nclose,0.6426579243596293,0.0005979699856583837,8.0
1674685680000.0,35906,1674685680000.0,0.009857933158299803,-4.2868000000000004e-05,1074.74256047552,1074.764884618002,-0.7,0.3062,1.5,0.292117238345286,long_nclose,0.43817585751792903,0.0004077030850290865,9.0
1674687240000.0,35932,1674687240000.0,0.0011165523309427995,-1.1908000000000002e-05,1074.743665119851,1074.7513127100021,-0.2,0.2977,1.3,0.292117238345286,long_nclose,0.3797524098488718,0.0003533423105187816,26.0
1674687600000.0,35938,1674687600000.0,0.0011165523309427995,-1.1908000000000002e-05,1074.744769764182,1074.750140802002,-0.2,0.2977,1.1,0.292117238345286,long_nclose,0.32132896217981466,0.00029898164775467567,6.0
1674687660000.0,35939,1674687660000.0,0.0005582761654713997,-5.954000000000001e-06,1074.7453220863474,1074.751204848002,-0.1,0.2977,1.0,0.292117238345286,long_nclose,0.292117238345286,0.00027180135827733955,1.0
1674688020000.0,35945,1674688020000.0,0.0005582761654713997,-5.954000000000001e-06,1074.745874408513,1074.7511688940021,-0.1,0.2977,0.9,0.292117238345286,long_nclose,0.26290551451075744,0.000244621096736424,6.0
1674688500000.0,35953,1674688500000.0,0.0008382761654713967,-6.01e-06,1074.7467066746783,1074.7538128840022,-0.1,0.3005,0.8,0.292117238345286,long_nclose,0.23369379067622884,0.00021744080649410824,8.0
1674688680000.0,35956,1674688680000.0,0.0008382761654713967,-6.01e-06,1074.7475389408437,1074.753756874002,-0.1,0.3005,0.7,0.292117238345286,long_nclose,0.2044820668417002,0.0001902605583476989,3.0
1674689160000.0,35964,1674689160000.0,0.001128276165471398,-6.068000000000001e-06,1074.7486611490092,1074.755790806002,-0.1,0.3034,0.6,0.292117238345286,long_nclose,0.17527034300717162,0.00016308030830184132,8.0
1674689400000.0,35968,1674689400000.0,0.001128276165471398,-6.068000000000001e-06,1074.7497833571747,1074.755724738002,-0.1,0.3034,0.5,0.292117238345286,long_nclose,0.146058619172643,0.0001359001150169136,4.0
1674689640000.0,35972,1674689640000.0,0.001128276165471398,-6.068000000000001e-06,1074.7509055653402,1074.755458670002,-0.1,0.3034,0.4,0.292117238345286,long_nclose,0.11684689533811442,0.00010871997849273795,4.0
1674689880000.0,35976,1674689880000.0,0.001128276165471398,-6.068000000000001e-06,1074.7520277735057,1074.7554426020022,-0.1,0.3034,0.3,0.292117238345286,long_nclose,0.08763517150358581,8.153989872913656e-05,4.0
1674690000000.0,35978,1674690000000.0,0.001128276165471398,-6.068000000000001e-06,1074.7531499816712,1074.755426534002,-0.1,0.3034,0.2,0.292117238345286,long_nclose,0.05842344766905721,5.4359875725931636e-05,2.0
1674691200000.0,35998,1674691200000.0,0.001128276165471398,-6.068000000000001e-06,1074.7542721898367,1074.755410466002,-0.1,0.3034,0.1,0.292117238345286,long_nclose,0.029211723834528604,2.717990948294538e-05,20.0
1674691320000.0,36000,1674691320000.0,0.0014082761654714004,-6.124000000000001e-06,1074.755674342002,1074.755674342002,-0.1,0.3062,0.0,0.292117238345286,long_nclose,0.0,0.0,2.0
1674730080000.0,36646,1674730080000.0,0.0,-0.01074842,1074.744925922002,1074.9166259220021,171.7,0.313,171.7,0.313,long_ientry_normal,53.74209999999999,0.050004516144978056,646.0
1674731040000.0,36662,1674731040000.0,0.07350000000000007,-0.0015484000000000001,1074.816877522002,1075.332077522002,-24.5,0.316,147.2,0.313,long_nclose,46.0736,0.04286646494258912,16.0
1674731460000.0,36669,1674731460000.0,0.06300000000000006,-0.0013272000000000002,1074.878550322002,1075.257150322002,-21.0,0.316,126.2,0.313,long_nclose,39.5006,0.03674889594565524,7.0
1674731820000.0,36675,1674731820000.0,0.05400000000000005,-0.0011376,1074.931412722002,1075.310112722002,-18.0,0.316,108.2,0.313,long_nclose,33.8666,0.03150582409182841,6.0
1674732180000.0,36681,1674732180000.0,0.04620000000000004,-0.0009732800000000002,1074.9766394420021,1075.3478394420022,-15.4,0.316,92.8,0.313,long_nclose,29.0464,0.02702049415239142,6.0
1674735420000.0,36735,1674735420000.0,0.0,-0.004932916000000001,1074.9717065260022,1075.0259765260023,78.7,0.3134,171.5,0.313183556851312,long_ientry_partial,53.710980000000006,0.049965017380390754,54.0
1674735960000.0,36744,1674735960000.0,0.07390285714285566,-0.00154938,1075.0440600031452,1075.5315771460023,-24.5,0.3162,147.0,0.313183556851312,long_nclose,46.037982857142865,0.04282427536691675,9.0
1674736260000.0,36749,1674736260000.0,0.06334530612244771,-0.00132804,1075.1060772692676,1075.5869491060023,-21.0,0.3162,126.0,0.313183556851312,long_nclose,39.461128163265315,0.0367044043351473,5.0
1674736560000.0,36754,1674736560000.0,0.05429597667638375,-0.00113832,1075.159234925944,1075.5174107860023,-18.0,0.3162,108.0,0.313183556851312,long_nclose,33.82382413994169,0.031459362521563096,5.0
1674737460000.0,36769,1674737460000.0,0.04645322448979499,-0.0009738960000000001,1075.2047142544338,1075.4655168900024,-15.4,0.3162,92.6,0.313183556851312,long_nclose,29.000797364431488,0.026972349525588864,15.0
1674737580000.0,36771,1674737580000.0,0.039817049562681416,-0.000834768,1075.2436965359966,1075.5070221220024,-13.2,0.3162,79.4,0.313183556851312,long_nclose,24.866774413994175,0.023126640494712906,2.0
1674738900000.0,36793,1674738900000.0,0.0,-0.00577024,1075.2379262959967,1075.2538518820024,92.0,0.3136,171.4,0.31340708526250977,long_ientry_partial,53.71797441399418,0.049959151458731595,22.0
1674740220000.0,36815,1674740220000.0,0.07302711959476206,-0.001544032,1075.3094093835914,1075.6905678500025,-24.4,0.3164,147.0,0.31340708526250977,long_nclose,46.07084153358893,0.04284426522408886,22.0
1674740280000.0,36816,1674740280000.0,0.06285120948729522,-0.0013288800000000002,1075.3709317130786,1075.7606389700022,-21.0,0.3164,126.0,0.31340708526250977,long_nclose,39.48929274307623,0.03672155493376534,1.0
1674741120000.0,36830,1674741120000.0,0.12585120948729528,-0.0013414800000000001,1075.4954414425658,1076.1876974900024,-21.0,0.3194,105.0,0.31340708526250977,long_nclose,32.90774395256353,0.030597753076874276,14.0
1674741480000.0,36836,1674741480000.0,0.18885120948729534,-0.0013540800000000001,1075.682938572053,1076.4467434100022,-21.0,0.3224,84.0,0.31340708526250977,long_nclose,26.32619516205082,0.02447393578352958,6.0
1674741660000.0,36839,1674741660000.0,0.25395120948729516,-0.0013671000000000002,1075.9355226815403,1076.7918763100022,-21.0,0.3255,63.0,0.31340708526250977,long_nclose,19.744646371538114,0.018351142754659485,3.0
1674741720000.0,36840,1674741720000.0,0.3169512094872952,-0.0013797000000000002,1076.2510941910277,1076.9689966100023,-21.0,0.3285,42.0,0.31340708526250977,long_nclose,13.16309758102541,0.012230507966098331,1.0
1674741900000.0,36843,1674741900000.0,0.07554048379491814,-0.0005416320000000001,1076.3260930428225,1076.6652149780023,-8.4,0.3224,33.6,0.31340708526250977,long_nclose,10.530478064820329,0.009783724591355202,3.0
1674742020000.0,36845,1674742020000.0,0.060252528741184704,-0.0004320160000000001,1076.3859135555635,1076.630512962002,-6.7,0.3224,26.9,0.31340708526250977,long_nclose,8.430650593561513,0.0078323680079694,2.0
1674742920000.0,36860,1674742920000.0,0.047662448108698345,-0.000341744,1076.4332342596722,1076.629641218002,-5.3,0.3224,21.6,0.31340708526250977,long_nclose,6.769593041670212,0.006288911217355777,15.0
1674744000000.0,36878,1674744000000.0,0.021574493054964904,-0.00022996800000000005,1076.4545787847271,1076.555251250002,-3.6,0.3194,18.0,0.31340708526250977,long_nclose,5.641327534725176,0.005240655431178529,18.0
1674744240000.0,36882,1674744240000.0,0.0,-0.00962982,1076.444948964727,1076.6905214300018,153.0,0.3147,171.0,0.3145639037118431,long_ientry_partial,53.790427534725175,0.04997043981344167,4.0
1674745260000.0,36899,1674745260000.0,0.07408074943102776,-0.001549888,1076.517479826158,1076.8746115420017,-24.4,0.3176,146.6,0.3145639037118431,long_nclose,46.1150682841562,0.04283726845903433,17.0
1674745440000.0,36902,1674745440000.0,0.06345441242247869,-0.001327568,1076.5796066705805,1077.0115239740019,-20.9,0.3176,125.7,0.3145639037118431,long_nclose,39.54068269657868,0.03672806214383143,3.0
1674745800000.0,36908,1674745800000.0,0.054346123558008066,-0.0011370080000000001,1076.6328157861385,1076.9493269660018,-17.9,0.3176,107.8,0.3145639037118431,long_nclose,33.90998882013669,0.031496335912235975,6.0
1674745920000.0,36910,1674745920000.0,0.046755882837615885,-0.0009782080000000002,1076.6785934609761,1076.9960887580019,-15.4,0.3176,92.4,0.3145639037118431,long_nclose,29.065704702974305,0.0269957115145596,2.0
1674746820000.0,36925,1674746820000.0,0.09295588283761592,-0.0009874480000000001,1076.770561895814,1077.227641310002,-15.4,0.3206,77.0,0.3145639037118431,long_nclose,24.22142058581192,0.022494504811838956,15.0
1674746880000.0,36926,1674746880000.0,0.07726203248840804,-0.000820736,1076.8470031923023,1077.163900574002,-12.8,0.3206,64.2,0.3145639037118431,long_nclose,20.19500261830033,0.018753827199623013,1.0
1674747780000.0,36941,1674747780000.0,0.027628476222227565,-0.000578032,1076.8740536365244,1077.0633825420018,-9.1,0.3176,55.1,0.3145639037118431,long_nclose,17.332471094522557,0.01609517012318393,15.0
1674748020000.0,36945,1674748020000.0,0.0,-0.007297716,1076.8667559205244,1076.8792048260018,115.8,0.3151,170.9,0.3149271567848013,long_ientry_partial,53.821051094522545,0.049979304123392104,4.0
1674755640000.0,37072,1674755640000.0,0.07497737445084789,-0.00155184,1076.9401814549751,1077.3903529860017,-24.4,0.318,146.5,0.3149271567848013,long_nclose,46.13682846897339,0.04284066029242339,127.0
1674755880000.0,37076,1674755880000.0,0.06422242319765249,-0.00132924,1077.0030746381728,1077.4518237460018,-20.9,0.318,125.6,0.3149271567848013,long_nclose,39.554850892171046,0.03672677620299254,4.0
1674756360000.0,37084,1674756360000.0,0.12692242319765254,-0.00134178,1077.1286552813704,1077.8168319660017,-20.9,0.321,104.7,0.3149271567848013,long_nclose,32.9728733153687,0.03061182445912688,8.0
1674757080000.0,37096,1674757080000.0,0.045785363906460395,-0.00094764,1077.1734930052767,1077.4494343260014,-14.9,0.318,89.8,0.3149271567848013,long_nclose,28.280458679275156,0.02625432101970283,12.0
1674757200000.0,37098,1674757200000.0,0.039332393154543156,-0.0008140800000000001,1077.2120113184312,1077.4486202460016,-12.8,0.318,77.0,0.3149271567848013,long_nclose,24.249391072429702,0.022511252026191357,2.0
1674757260000.0,37099,1674757260000.0,0.033801275367185524,-0.0006996000000000001,1077.2451129937986,1077.5139206460017,-11.0,0.318,66.0,0.3149271567848013,long_nclose,20.785192347796887,0.019294765970237028,1.0
1674760560000.0,37154,1674760560000.0,0.0,-0.006615000000000001,1077.2384979937985,1077.2433056460018,105.0,0.315,171.0,0.3149718850748356,long_ientry_partial,53.86019234779688,0.04999839167287813,55.0
1674783420000.0,37535,1674783420000.0,0.0,-0.01077472,1077.2277232737986,1075.8494309260018,176.0,0.3061,347.0,0.31047202405705154,long_rentry,107.73379234779688,0.10001022998218383,381.0
1674793260000.0,37699,1674793260000.0,0.14988480917594865,-0.0031036500000000003,1077.3745044329746,1078.4240772760018,-49.5,0.3135,297.5,0.31047202405705154,long_nclose,92.36542715697283,0.08573195929263708,164.0
1674796020000.0,37745,1674796020000.0,0.12868897757530945,-0.00266475,1077.5005286605501,1078.400162526002,-42.5,0.3135,255.0,0.31047202405705154,long_nclose,79.17036613454815,0.07347594180112885,46.0
1674798000000.0,37778,1674798000000.0,0.11021832432332385,-0.0022822800000000002,1077.6084647048735,1078.3796802460022,-36.4,0.3135,218.6,0.31047202405705154,long_nclose,67.86918445887146,0.06298130228353292,33.0
1674798120000.0,37780,1674798120000.0,0.09447284941999187,-0.00195624,1077.7009813142936,1078.455824006002,-31.2,0.3135,187.4,0.31047202405705154,long_nclose,58.18245730829146,0.05398757013038621,2.0
1674802740000.0,37857,1674802740000.0,0.08084695767672381,-0.00167409,1077.7801541819701,1078.347099916002,-26.7,0.3135,160.7,0.31047202405705154,long_nclose,49.89285426596818,0.046292236939393834,77.0
1674803400000.0,37868,1674803400000.0,0.06934064909351967,-0.0014358300000000001,1077.8480590010636,1078.3342140860018,-22.9,0.3135,137.8,0.31047202405705154,long_nclose,42.78304491506171,0.03969302032673558,11.0
1674803940000.0,37877,1674803940000.0,0.0,-0.0021680560000000002,1077.8458909450635,1077.8700660300017,34.7,0.3124,172.5,0.3108598545800679,long_ientry_partial,53.62332491506171,0.049750456318058946,9.0
1674806760000.0,37924,1674806760000.0,0.07478757733033062,-0.0015443880000000003,1077.919134134394,1078.383561642002,-24.6,0.3139,147.9,0.3108598545800679,long_nclose,45.97617249239204,0.04265271024186103,47.0
1674808860000.0,37959,1674808860000.0,0.06414706836056813,-0.0013246580000000003,1077.9819565447547,1078.3801269840021,-21.1,0.3139,126.8,0.3108598545800679,long_nclose,39.4170295607526,0.036565574517680825,35.0
1674809520000.0,37970,1674809520000.0,0.0,-0.002865078,1077.9790914667547,1078.119071906002,45.9,0.3121,172.7,0.31118945895050726,long_ientry_partial,53.7424195607526,0.049854788451998505,11.0
1674833340000.0,38367,1674833340000.0,0.07405930981752094,-0.0015458639999999999,1078.0516049125722,1078.541896042002,-24.6,0.3142,148.1,0.31118945895050726,long_nclose,46.08715887057012,0.04275041998041244,397.0
1674833880000.0,38376,1674833880000.0,0.14785930981752102,-0.001560624,1078.1979035983898,1078.915505418002,-24.6,0.3172,123.5,0.31118945895050726,long_nclose,38.43189818038765,0.03564456771073715,9.0
1674833940000.0,38377,1674833940000.0,0.12321609151460083,-0.0013005199999999999,1078.3198191699043,1078.9698048980022,-20.5,0.3172,103.0,0.31118945895050726,long_nclose,32.05251427190225,0.029724497038899296,1.0
1674834540000.0,38387,1674834540000.0,0.044254953427542994,-0.0009237480000000001,1078.3631503753318,1078.567171150002,-14.7,0.3142,88.3,0.31118945895050726,long_nclose,27.47802922532979,0.02548123905733043,10.0
1674835800000.0,38408,1674835800000.0,0.037932817223608285,-0.0007917839999999999,1078.4002914085554,1078.613049366002,-12.6,0.3142,75.7,0.31118945895050726,long_nclose,23.5570420425534,0.021844432192970116,21.0
1674836100000.0,38413,1674836100000.0,0.03251384333452139,-0.0006786720000000001,1078.4321265798899,1078.646980694002,-10.8,0.3142,64.9,0.31118945895050726,long_nclose,20.196195885887924,0.018727368545610364,5.0
1674836820000.0,38425,1674836820000.0,0.027696977655333032,-0.0005781279999999999,1078.4592454295453,1078.643642566002,-9.2,0.3142,55.7,0.31118945895050726,long_nclose,17.333252863543255,0.01607223725606757,12.0
1674837120000.0,38430,1674837120000.0,0.023783274290992498,-0.0004964360000000001,1078.4825322678362,1078.640776130002,-7.9,0.3142,47.8,0.31118945895050726,long_nclose,14.874856137834247,0.013792394121168896,5.0
1674837660000.0,38439,1674837660000.0,0.020471679136550503,-0.000427312,1078.5025766349727,1078.6383088180019,-6.8,0.3142,41.0,0.31118945895050726,long_nclose,12.758767816970797,0.011830076342310954,9.0
1674837960000.0,38444,1674837960000.0,0.017461138087057782,-0.00036447199999999996,1078.5196733010598,1078.636204346002,-5.8,0.3142,35.2,0.31118945895050726,long_nclose,10.953868955057857,0.010156392346122901,5.0
1674838500000.0,38453,1674838500000.0,0.015052705247463605,-0.0003142,1078.5344118063072,1078.6494901460019,-5.0,0.3142,30.2,0.31118945895050726,long_nclose,9.397921660305318,0.008713603903064969,9.0
1674839520000.0,38470,1674839520000.0,0.030052705247463618,-0.0003172,1078.5641473115547,1078.723172946002,-5.0,0.3172,25.2,0.31118945895050726,long_nclose,7.841974365552782,0.007270753793457539,17.0
1674839640000.0,38472,1674839640000.0,0.04505270524746363,-0.00032020000000000003,1078.608879816802,1078.7565527460017,-5.0,0.3202,20.2,0.31118945895050726,long_nclose,6.286027070800246,0.005827902206653357,2.0
1674839760000.0,38474,1674839760000.0,0.036042164197970905,-0.00025616,1078.6446658210002,1078.787396586002,-4.0,0.3202,16.2,0.31118945895050726,long_nclose,5.041269234998217,0.004673707101829593,2.0
1674839820000.0,38475,1674839820000.0,0.028833731358376725,-0.000204928,1078.6732946243587,1078.7943316580022,-3.2,0.3202,13.0,0.31118945895050726,long_nclose,4.045462966356594,0.0037504061577471443,1.0
1674840000000.0,38478,1674840000000.0,0.03843373135837674,-0.000206848,1078.711521507717,1078.832164810002,-3.2,0.3232,9.8,0.31118945895050726,long_nclose,3.0496566977149713,0.0028271290673269724,3.0
1674840120000.0,38480,1674840120000.0,0.028825298518782547,-0.000155136,1078.7401916702356,1078.834989674002,-2.4,0.3232,7.4,0.31118945895050726,long_nclose,2.302801996233754,0.0021347141916241,2.0
1674840960000.0,38494,1674840960000.0,0.007212649259391268,-7.6128e-05,1078.747328191495,1078.7895535460018,-1.2,0.3172,6.2,0.31118945895050726,long_nclose,1.929374645493145,0.0017885324904838608,14.0
1674842640000.0,38522,1674842640000.0,0.006010541049492724,-6.344e-05,1078.7532752925445,1078.7834901060019,-1.0,0.3172,5.2,0.31118945895050726,long_nclose,1.6181851865426378,0.0015000512384111243,28.0
1674842700000.0,38523,1674842700000.0,0.004808432839594179,-5.0752e-05,1078.758032973384,1078.7857993540017,-0.8,0.3172,4.4,0.31118945895050726,long_nclose,1.369233619382232,0.0012692685268893985,1.0
1674843180000.0,38531,1674843180000.0,0.004207378734644906,-4.440799999999999e-05,1078.7621959441187,1078.7836949460018,-0.7,0.3172,3.7,0.31118945895050726,long_nclose,1.151400998116877,0.0010673353241760438,8.0
1674843300000.0,38533,1674843300000.0,0.003606324629695634,-3.8064e-05,1078.7657642047486,1078.783776882002,-0.6,0.3172,3.1,0.31118945895050726,long_nclose,0.9646873227465725,0.0008942509623094378,2.0
1674844200000.0,38548,1674844200000.0,0.003005270524746362,-3.172e-05,1078.7687377552734,1078.785145162002,-0.5,0.3172,2.6,0.31118945895050726,long_nclose,0.8090925932713189,0.0007500148687613039,15.0
1674844440000.0,38552,1674844440000.0,0.0024042164197970897,-2.5376e-05,1078.7711165956932,1078.7849997860021,-0.4,0.3172,2.2,0.31118945895050726,long_nclose,0.684616809691116,0.0006346265664319783,4.0
1674845760000.0,38574,1674845760000.0,0.001803162314847817,-1.9032e-05,1078.7729007260082,1078.7848907540022,-0.3,0.3172,1.9,0.31118945895050726,long_nclose,0.5912599720059638,0.0005480856736464636,22.0
1674846720000.0,38590,1674846720000.0,0.001803162314847817,-1.9032e-05,1078.7746848563231,1078.7847817220022,-0.3,0.3172,1.6,0.31118945895050726,long_nclose,0.4979031343208116,0.00046154506711206796,16.0
1674848160000.0,38614,1674848160000.0,0.0012021082098985449,-1.2688e-05,1078.7758742765332,1078.7847090340024,-0.2,0.3172,1.4,0.31118945895050726,long_nclose,0.43566524253071015,0.00040385148845016887,24.0
1674848400000.0,38618,1674848400000.0,0.0012021082098985449,-1.2688e-05,1078.7770636967432,1078.7846363460026,-0.2,0.3172,1.2,0.31118945895050726,long_nclose,0.3734273507406087,0.00034615803700993727,4.0
1674848700000.0,38623,1674848700000.0,0.0012021082098985449,-1.2688e-05,1078.7782531169532,1078.7840636580027,-0.2,0.3172,1.0,0.31118945895050726,long_nclose,0.31118945895050726,0.0002884647127909524,5.0
1674848820000.0,38625,1674848820000.0,0.0006010541049492724,-6.344e-06,1078.7788478270581,1078.7845273140026,-0.1,0.3172,0.9,0.31118945895050726,long_nclose,0.28007051305545655,0.000259618098389296,2.0
1674849540000.0,38637,1674849540000.0,0.0006010541049492724,-6.344e-06,1078.779442537163,1078.7844909700027,-0.1,0.3172,0.8,0.31118945895050726,long_nclose,0.2489515671604058,0.00023077151579279344,12.0
1674850680000.0,38656,1674850680000.0,0.0006010541049492724,-6.344e-06,1078.780037247268,1078.7851546260026,-0.1,0.3172,0.7,0.31118945895050726,long_nclose,0.21783262126535508,0.00020192496500139214,19.0
1674850980000.0,38661,1674850980000.0,0.0009010541049492727,-6.404e-06,1078.780931897373,1078.7862182220026,-0.1,0.3202,0.6,0.31118945895050726,long_nclose,0.18671367537030434,0.00017307839789299024,5.0
1674851040000.0,38662,1674851040000.0,0.0009010541049492727,-6.404e-06,1078.781826547478,1078.7864818180028,-0.1,0.3202,0.5,0.31118945895050726,long_nclose,0.15559472947525363,0.00014423187863037826,1.0
1674851280000.0,38666,1674851280000.0,0.0009010541049492727,-6.404e-06,1078.782721197583,1078.7864454140029,-0.1,0.3202,0.4,0.31118945895050726,long_nclose,0.1244757835802029,0.0001153854072134371,4.0
1674851460000.0,38669,1674851460000.0,0.0009010541049492727,-6.404e-06,1078.783615847688,1078.786409010003,-0.1,0.3202,0.3,0.31118945895050726,long_nclose,0.09335683768515217,8.653898364204773e-05,3.0
1674852480000.0,38686,1674852480000.0,0.0006010541049492724,-6.344e-06,1078.784210557793,1078.7854726660028,-0.1,0.3172,0.2,0.31118945895050726,long_nclose,0.06223789179010145,5.769262395666777e-05,17.0
1674853980000.0,38711,1674853980000.0,0.0006010541049492724,-6.344e-06,1078.7848052678978,1078.7854363220029,-0.1,0.3172,0.1,0.31118945895050726,long_nclose,0.031118945895050727,2.8846296076002726e-05,25.0
1674854100000.0,38713,1674854100000.0,0.0006010541049492724,-6.344e-06,1078.7853999780027,1078.7853999780027,-0.1,0.3172,0.0,0.31118945895050726,long_nclose,0.0,0.0,2.0
1674857340000.0,38767,1674857340000.0,0.0,-0.010786193999999999,1078.7746137840027,1078.7574437840026,171.7,0.3141,171.7,0.3141,long_ientry_normal,53.930969999999995,0.049992806014248964,54.0
1674864420000.0,38885,1674864420000.0,0.07350000000000007,-0.0015537900000000002,1078.8465599940027,1079.1998399940028,-24.5,0.3171,147.2,0.3141,long_nclose,46.235519999999994,0.04285643734198588,118.0
1674865620000.0,38905,1674865620000.0,0.06300000000000006,-0.00133182,1078.908228174003,1079.337308174003,-21.0,0.3171,126.2,0.3141,long_nclose,39.63942,0.0367403074375359,20.0
1674866220000.0,38915,1674866220000.0,0.1260000000000001,-0.00134442,1079.032883754003,1079.653563754003,-21.0,0.3201,105.2,0.3141,long_nclose,33.04332,0.03062308896930076,10.0
1674866580000.0,38921,1674866580000.0,0.1050000000000001,-0.00112035,1079.136763404003,1079.654193404003,-17.5,0.3201,87.7,0.3141,long_nclose,27.54657,0.025526486478977664,6.0
1674872640000.0,39022,1674872640000.0,0.03750000000000003,-0.00079275,1079.1734706540028,1079.466750654003,-12.5,0.3171,75.2,0.3141,long_nclose,23.62032,0.021887417215404274,101.0
1674873120000.0,39030,1674873120000.0,0.032100000000000024,-0.0006785939999999999,1079.2048920600027,1079.4564420600027,-10.7,0.3171,64.5,0.3141,long_nclose,20.25945,0.018772570573997727,8.0
1674874800000.0,39058,1674874800000.0,0.027600000000000024,-0.000583464,1079.2319085960025,1079.3922785960026,-9.2,0.3171,55.3,0.3141,long_nclose,17.369729999999997,0.016094529694360756,28.0
1674874860000.0,39059,1674874860000.0,0.023700000000000023,-0.000501018,1079.2551075780025,1079.4162675780026,-7.9,0.3171,47.4,0.3141,long_nclose,14.88834,0.013795014631352073,1.0
1674875100000.0,39063,1674875100000.0,0.020100000000000017,-0.000424914,1079.2747826640025,1079.4131626640026,-6.7,0.3171,40.7,0.3141,long_nclose,12.78387,0.011844870467968534,4.0
1674875460000.0,39069,1674875460000.0,0.017400000000000016,-0.00036783599999999997,1079.2918148280025,1079.4104748280026,-5.8,0.3171,34.9,0.3141,long_nclose,10.96209,0.010156743384315329,6.0
1674875880000.0,39076,1674875880000.0,0.014700000000000013,-0.000310758,1079.3062040700024,1079.4082040700025,-4.9,0.3171,30.0,0.3141,long_nclose,9.423,0.008730608574718093,7.0
1674876120000.0,39080,1674876120000.0,0.012600000000000012,-0.000266364,1079.3185377060024,1079.4062577060024,-4.2,0.3171,25.8,0.3141,long_nclose,8.10378,0.007508237574816309,4.0
1674876900000.0,39093,1674876900000.0,0.01080000000000001,-0.000228312,1079.3291093940024,1079.3934893940025,-3.6,0.3171,22.2,0.3141,long_nclose,6.97302,0.006460513238557102,13.0
1674877800000.0,39108,1674877800000.0,0.009300000000000008,-0.000196602,1079.3382127920024,1079.4031527920024,-3.1,0.3171,19.1,0.3141,long_nclose,5.99931,0.005558322617413082,15.0
1674878220000.0,39115,1674878220000.0,0.008100000000000008,-0.000171234,1079.3461415580025,1079.4019015580025,-2.7,0.3171,16.4,0.3141,long_nclose,5.15124,0.004772556088971,7.0
1674885600000.0,39238,1674885600000.0,0.006900000000000006,-0.000145866,1079.3528956920027,1079.4008356920026,-2.3,0.3171,14.1,0.3141,long_nclose,4.4288099999999995,0.004103208522140081,123.0
1674887160000.0,39264,1674887160000.0,0.0,-0.009900306,1079.3429953860027,1079.3000553860027,156.7,0.3159,170.8,0.31575140515222483,long_ientry_partial,53.93034,0.049965896133613234,26.0
1674889260000.0,39299,1674889260000.0,0.0743857142857135,-0.001555744,1079.4158253562885,1079.8914196420028,-24.4,0.3188,146.4,0.31575140515222483,long_nclose,46.22600571428572,0.0428250213017098,35.0
1674895800000.0,39408,1674895800000.0,0.0637156323185005,-0.001332584,1079.478208404607,1079.8859070580027,-20.9,0.3188,125.5,0.31575140515222483,long_nclose,39.62680134660422,0.03670921843357065,109.0
1674897000000.0,39428,1674897000000.0,0.12641563231850053,-0.0013451239999999998,1079.6032789129254,1080.2045819340026,-20.9,0.3218,104.6,0.31575140515222483,long_nclose,33.027596978922716,0.030592345933016137,20.0
1674897060000.0,39429,1674897060000.0,0.10524555035128753,-0.0011198639999999997,1079.7074045992767,1080.2522820700028,-17.4,0.3218,87.2,0.31575140515222483,long_nclose,27.533522529274006,0.025500911091271818,1.0
1674897360000.0,39434,1674897360000.0,0.08770462529273962,-0.0009332199999999999,1079.7941760045694,1080.2120988500026,-14.5,0.3218,72.7,0.31575140515222483,long_nclose,22.955127154566746,0.021258798819886952,5.0
1674897600000.0,39438,1674897600000.0,0.07318799765807926,-0.0007787559999999999,1079.8665852462275,1080.2755500940027,-12.1,0.3218,60.6,0.31575140515222483,long_nclose,19.134535152224824,0.017719351088043744,4.0
1674897780000.0,39441,1674897780000.0,0.11069799765807983,-0.0007862580000000001,1079.9764969858854,1080.4735538360026,-12.1,0.3249,48.5,0.31575140515222483,long_nclose,15.313943149882904,0.014179885574012679,3.0
1674899160000.0,39464,1674899160000.0,0.08874137002341936,-0.0006303060000000001,1080.0646080499089,1080.4234535300025,-9.7,0.3249,38.8,0.31575140515222483,long_nclose,12.251154519906322,0.011342983029530218,23.0
1674899400000.0,39468,1674899400000.0,0.07044418032786899,-0.000500346,1080.1345518842368,1080.4221831840025,-7.7,0.3249,31.1,0.31575140515222483,long_nclose,9.819868700234192,0.009091338373634987,4.0
1674899760000.0,39474,1674899760000.0,0.0567212880562062,-0.00040287600000000004,1080.190870296293,1080.4336103080027,-6.2,0.3249,24.9,0.31575140515222483,long_nclose,7.862209988290398,0.007278537714481718,6.0
1674900540000.0,39487,1674900540000.0,0.04482811475409845,-0.000318402,1080.2353800090473,1080.4103519060027,-4.9,0.3249,20.0,0.31575140515222483,long_nclose,6.315028103044496,0.005845974145923276,13.0
1674900780000.0,39491,1674900780000.0,0.03659437939110077,-0.00025992,1080.2717144684384,1080.435691986003,-4.0,0.3249,16.0,0.31575140515222483,long_nclose,5.052022482435597,0.004676622015343158,4.0
1674901260000.0,39499,1674901260000.0,0.048594379391100784,-0.00026232,1080.3200465278294,1080.4490296660026,-4.0,0.3279,12.0,0.31575140515222483,long_nclose,3.789016861826698,0.003507309592194161,8.0
1674901440000.0,39502,1674901440000.0,0.021956627634660462,-0.000155952,1080.341847203464,1080.4306337140029,-2.4,0.3249,9.6,0.31575140515222483,long_nclose,3.0312134894613583,0.0028057910533669074,3.0
1674902460000.0,39519,1674902460000.0,0.017382330210772866,-0.00012346200000000002,1080.359106071675,1080.4303202520027,-1.9,0.3249,7.7,0.31575140515222483,long_nclose,2.4312858196721314,0.0022504422890575713,17.0
1674902640000.0,39522,1674902640000.0,0.01372289227166279,-9.747000000000001e-05,1080.3727314939467,1080.4269727820028,-1.5,0.3249,6.2,0.31575140515222483,long_nclose,1.957658711943794,0.0018120215874355976,3.0
1674902700000.0,39523,1674902700000.0,0.010978313817330231,-7.7976e-05,1080.383631831764,1080.427374806003,-1.2,0.3249,5.0,0.31575140515222483,long_nclose,1.578757025761124,0.001461292988199368,1.0
1674903600000.0,39538,1674903600000.0,0.004838875878220118,-5.1488000000000006e-05,1080.3884192196422,1080.4146633180028,-0.8,0.3218,4.2,0.31575140515222483,long_nclose,1.3261559016393443,0.0012274806708842904,15.0
1674904320000.0,39550,1674904320000.0,0.0,-0.010538784,1080.3778804356423,1080.5240045340029,165.6,0.3182,169.8,0.31813943404970163,long_ientry_partial,54.02007590163934,0.050001093950439585,12.0
1674906240000.0,39582,1674906240000.0,0.0740656959972202,-0.0015546079999999999,1080.4503915236394,1080.9396899260028,-24.2,0.3212,145.6,0.31813943404970163,long_nclose,46.321101597636556,0.0428720299988184,32.0
1674911940000.0,39677,1674911940000.0,0.0,-0.010806942,1080.4395845816393,1079.8572229840029,174.7,0.3093,320.3,0.3133181754531269,long_rentry,100.35581159763655,0.09288424177506942,95.0
1674915840000.0,39742,1674915840000.0,0.1362693817921018,-0.0028909820000000003,1080.5729629814314,1081.4466920020027,-45.7,0.3163,274.6,0.3133181754531269,long_nclose,86.03717097942865,0.0796218061407364,65.0
1674917040000.0,39762,1674917040000.0,0.11688752223742647,-0.0024797920000000006,1080.6873707116688,1081.4363722100027,-39.2,0.3163,235.4,0.3133181754531269,long_nclose,73.75509850166607,0.06824832093031297,20.0
1674918660000.0,39789,1674918660000.0,0.10018930477493698,-0.0021255360000000004,1080.7854344804437,1081.4275266740026,-33.6,0.3163,201.8,0.3133181754531269,long_nclose,63.227607806441014,0.05850153581763975,27.0
1674919980000.0,39811,1674919980000.0,0.08587654694994598,-0.0018218880000000002,1080.8694891393936,1081.5064447860027,-28.8,0.3163,173.0,0.3133181754531269,long_nclose,54.204044353390955,0.050148556229993244,22.0
1674920520000.0,39820,1674920520000.0,0.17227654694994446,-0.0018391679999999997,1081.0399265183435,1081.9313456180025,-28.8,0.3193,144.2,0.3133181754531269,long_nclose,45.180480900340896,0.04179353582790567,9.0
1674920640000.0,39822,1674920640000.0,0.1435637891249537,-0.00153264,1081.1819576674684,1081.9250129780025,-24.0,0.3193,120.2,0.3133181754531269,long_nclose,37.660844689465854,0.0348330310382861,2.0
1674921300000.0,39833,1674921300000.0,0.11963649093746143,-0.0012771999999999998,1081.3003169584058,1081.9197357780024,-20.0,0.3193,100.2,0.3133181754531269,long_nclose,31.394481180403318,0.029034007193036792,11.0
1674923640000.0,39872,1674923640000.0,0.0,-0.004470392,1081.2958465664058,1081.6930053860024,70.6,0.3166,170.8,0.3146747141709796,long_ientry_partial,53.746441180403316,0.049705583676356586,39.0
1674923880000.0,39876,1674923880000.0,0.07381697422809767,-0.0015503759999999998,1081.3681131646338,1081.8549350100025,-24.4,0.3177,146.4,0.3146747141709796,long_nclose,46.06837815463141,0.04260193877902676,4.0
1674924000000.0,39878,1674924000000.0,0.06322847382652629,-0.0013279859999999997,1081.4300136524603,1081.8473370240024,-20.9,0.3177,125.5,0.3146747141709796,long_nclose,39.49167662845794,0.03651801423106184,2.0
1674924360000.0,39884,1674924360000.0,0.0,-0.002868396,1081.4271452564603,1081.6516886280024,45.3,0.3166,170.8,0.31518534325795045,long_ientry_partial,53.83365662845794,0.049780197274122695,6.0
1674964560000.0,40554,1674964560000.0,0.07355762450600871,-0.0015528159999999998,1081.4991500649664,1081.9844158120025,-24.4,0.3182,146.4,0.31518534325795045,long_nclose,46.14313425296395,0.04266589969136092,670.0
1674966600000.0,40588,1674966600000.0,0.06300632590883533,-0.001330076,1081.5608263148754,1081.9140657360026,-20.9,0.3182,125.5,0.31518534325795045,long_nclose,39.55576057887278,0.03657284880929747,34.0
1674976920000.0,40760,1674976920000.0,0.0,-0.00292392,1081.5579023948753,1081.3905418160025,46.5,0.3144,172.0,0.3149730266213534,long_ientry_partial,54.175360578872784,0.05009011580324382,172.0
1674987720000.0,40940,1674987720000.0,0.07416084777684176,-0.0015582000000000003,1081.630505042652,1082.0769836160023,-24.5,0.318,147.5,0.3149730266213534,long_nclose,46.458521426649625,0.04295230322190074,180.0
1674988680000.0,40956,1674988680000.0,0.06356644095157865,-0.0013356000000000002,1081.6927358836035,1082.1388980160023,-21.0,0.318,126.5,0.3149730266213534,long_nclose,39.8440878676012,0.036834940779234986,16.0
1674988980000.0,40961,1674988980000.0,0.054485520815638844,-0.0011448,1081.7460766044192,1082.1287532160022,-18.0,0.318,108.5,0.3149730266213534,long_nclose,34.174573388416846,0.03159204745691355,5.0
1674989340000.0,40967,1674989340000.0,0.04691808736902234,-0.0009858,1081.792008891788,1082.1665174160023,-15.5,0.318,93.0,0.3149730266213534,long_nclose,29.292491475785866,0.027077748065262332,6.0
1674993540000.0,41037,1674993540000.0,0.03995604859813515,-0.00083952,1081.8311254203863,1082.0726778960022,-13.2,0.318,79.8,0.3149730266213534,long_nclose,25.134847524384,0.02323361468696596,70.0
1674995820000.0,41075,1674995820000.0,0.03450749651657127,-0.00072504,1081.864907876903,1082.1061528560026,-11.4,0.318,68.4,0.3149730266213534,long_nclose,21.544155020900575,0.019913905020895562,38.0
1674996060000.0,41079,1674996060000.0,0.02936164177287204,-0.0006169200000000001,1081.8936525986758,1082.1006859360023,-9.7,0.318,58.7,0.3149730266213534,long_nclose,18.488916662673446,0.017089403027981197,4.0
1675000140000.0,41147,1675000140000.0,0.05846164177287207,-0.00062274,1081.9514915004488,1082.2468131960024,-9.7,0.321,49.0,0.3149730266213534,long_nclose,15.433678304446317,0.01426466752501345,68.0
1675000200000.0,41148,1675000200000.0,0.0488184843670375,-0.0005200199999999999,1081.9997899648158,1082.2667431760024,-8.1,0.321,40.9,0.3149730266213534,long_nclose,12.882396788813354,0.011906099158514864,1.0
1675004760000.0,41224,1675004760000.0,0.04098341897479691,-0.00043656,1082.0403368237905,1082.2799566160024,-6.8,0.321,34.1,0.3149730266213534,long_nclose,10.74058020778815,0.009926229034414681,76.0
1675005540000.0,41237,1675005540000.0,0.03375105092042099,-0.00035952,1082.073728354711,1082.2597470960025,-5.6,0.321,28.5,0.3149730266213534,long_nclose,8.976731258708572,0.008295859166969757,13.0
1675005900000.0,41243,1675005900000.0,0.028326774879639045,-0.00030174000000000005,1082.1017533895906,1082.2570953560023,-4.7,0.321,23.8,0.3149730266213534,long_nclose,7.496358033588211,0.0069275906910847476,6.0
1675008540000.0,41287,1675008540000.0,0.010291709487398448,-0.00021624,1082.1118288590778,1082.1837791160021,-3.4,0.318,20.4,0.3149730266213534,long_nclose,6.425449743075609,0.00593787959036569,44.0
1675009800000.0,41308,1675009800000.0,0.008778222798075146,-0.00018444000000000002,1082.1204226418758,1082.182144676002,-2.9,0.318,17.5,0.3149730266213534,long_nclose,5.512027965873685,0.005093728803691446,21.0
1675009920000.0,41310,1675009920000.0,0.0,-0.009712664,1082.1107099778758,1082.200862012002,153.1,0.3172,170.6,0.3169715590027765,long_ientry_partial,54.075347965873675,0.04997210310115059,2.0
1675018740000.0,41457,1675018740000.0,0.07359111623253085,-0.0015552000000000003,1082.1827458941084,1082.6989568120023,-24.3,0.32,146.3,0.3169715590027765,long_nclose,46.37293908210621,0.04285130146276034,147.0
1675018980000.0,41461,1675018980000.0,0.06329441684197097,-0.0013376,1082.2447027109504,1082.6871692120021,-20.9,0.32,125.4,0.3169715590027765,long_nclose,39.748233498948174,0.03672758425093837,4.0
1675022580000.0,41521,1675022580000.0,0.0542090938503005,-0.0011456,1082.2977662048006,1082.6770736120022,-17.9,0.32,107.5,0.3169715590027765,long_nclose,34.074442592798476,0.031483426887486204,60.0
1675023840000.0,41542,1675023840000.0,0.04633514725751942,-0.0009792,1082.343122152058,1082.668444412002,-15.3,0.32,92.2,0.3169715590027765,long_nclose,29.224777740055995,0.027001398301443835,21.0
1675025280000.0,41566,1675025280000.0,0.039672577063627736,-0.0008384000000000001,1082.3819563291215,1082.6610560120018,-13.1,0.32,79.1,0.3169715590027765,long_nclose,25.07245031711962,0.023164142907696257,24.0
1675026060000.0,41579,1675026060000.0,0.034221383268625456,-0.0007232,1082.4154545123902,1082.6207828120018,-11.3,0.32,67.8,0.3169715590027765,long_nclose,21.490671700388248,0.01985436517078318,13.0
1675027560000.0,41604,1675027560000.0,0.02907303357334552,-0.0006144000000000001,1082.4439131459635,1082.649268412002,-9.6,0.32,58.2,0.3169715590027765,long_nclose,18.447744733961596,0.017042679542024444,25.0
1675030440000.0,41652,1675030440000.0,0.05944587767306778,-0.0006268140000000001,1082.5027322096366,1082.795111598002,-9.7,0.3231,48.5,0.3169715590027765,long_nclose,15.373120611634661,0.014201461256596177,48.0
1675030500000.0,41653,1675030500000.0,0.049027527977787866,-0.00051696,1082.5512427776146,1082.8156446380021,-8.0,0.3231,40.5,0.3169715590027765,long_nclose,12.837348139612448,0.011858420767846819,1.0
1675031220000.0,41665,1675031220000.0,0.04106055468139734,-0.000432954,1082.591870378296,1082.8294316840022,-6.7,0.3231,33.8,0.3169715590027765,long_nclose,10.713638694293845,0.009896285929572073,12.0
1675031820000.0,41675,1675031820000.0,0.0343192695844515,-0.000361872,1082.6258277758807,1082.8099298120023,-5.6,0.3231,28.2,0.3169715590027765,long_nclose,8.938597963878298,0.00825640561544844,10.0
1675033260000.0,41699,1675033260000.0,0.028803672686950374,-0.000303714,1082.6543277345677,1082.8194960980024,-4.7,0.3231,23.5,0.3169715590027765,long_nclose,7.448831636565248,0.0068801568937998684,24.0
1675033920000.0,41710,1675033920000.0,0.023900919889171583,-0.000252018,1082.6779766364568,1082.8059340800023,-3.9,0.3231,19.6,0.3169715590027765,long_nclose,6.21264255645442,0.005738218279598856,11.0
1675034940000.0,41727,1675034940000.0,0.01961101119111515,-0.000206784,1082.6973808636478,1082.8044472960023,-3.2,0.3231,16.4,0.3169715590027765,long_nclose,5.198333567645534,0.0048012802649424705,17.0
1675035240000.0,41732,1675035240000.0,0.016546790692503408,-0.00017447400000000004,1082.7137531803403,1082.8031928220023,-2.7,0.3231,13.7,0.3169715590027765,long_nclose,4.342510358338038,0.004010764937253675,5.0
1675036080000.0,41746,1675036080000.0,0.013482570193891664,-0.00014216400000000002,1082.7270935865342,1082.7964206580023,-2.2,0.3231,11.5,0.3169715590027765,long_nclose,3.64517292853193,0.003366659013267408,14.0
1675036860000.0,41759,1675036860000.0,0.011644037894724617,-0.00012277799999999998,1082.7386148464288,1082.7964878800021,-1.9,0.3231,9.6,0.3169715590027765,long_nclose,3.0429269664266543,0.0028103984883352945,13.0
1675037040000.0,41762,1675037040000.0,0.009805505595557575,-0.000103392,1082.7483169600243,1082.808544488002,-1.6,0.3231,8.0,0.3169715590027765,long_nclose,2.535772472022212,0.002341977754481085,3.0
1675037160000.0,41764,1675037160000.0,0.007966973296390529,-8.400600000000001e-05,1082.7561999273207,1082.803290482002,-1.3,0.3231,6.7,0.3169715590027765,long_nclose,2.1237094453186027,0.0019613920894298786,2.0
1675039140000.0,41797,1675039140000.0,0.006741285096945832,-7.108200000000001e-05,1082.7628701304177,1082.799429400002,-1.1,0.3231,5.6,0.3169715590027765,long_nclose,1.7750407304155484,0.0016393623935421304,33.0
1675039740000.0,41807,1675039740000.0,0.005515596897501135,-5.8158e-05,1082.7683275693153,1082.7990112420023,-0.9,0.3231,4.7,0.3169715590027765,long_nclose,1.4897663273130497,0.001375886502570126,10.0
1675041360000.0,41834,1675041360000.0,0.0,-0.010524888000000001,1082.7578026813153,1082.8401463540022,164.4,0.3201,169.1,0.3200130474708046,long_ientry_partial,54.114206327313056,0.04997812640398983,27.0
1675051920000.0,42010,1675051920000.0,0.0743955559536088,-0.0015573420000000002,1082.8306408952687,1083.336249012002,-24.1,0.3231,145.0,0.3200130474708046,long_nclose,46.40189188326667,0.04285240011762343,176.0
1675053420000.0,42035,1675053420000.0,0.06389991735434448,-0.0013376339999999999,1082.893203178623,1083.326631378002,-20.7,0.3231,124.3,0.3200130474708046,long_nclose,39.77762180062101,0.03673272829108311,25.0
1675053780000.0,42041,1675053780000.0,0.05463905976675833,-0.001143774,1082.9466984643898,1083.318407604002,-17.7,0.3231,106.6,0.3200130474708046,long_nclose,34.11339086038777,0.0315005262112718,6.0
1675053960000.0,42044,1675053960000.0,0.04692167844376986,-0.0009822239999999999,1082.9926379188337,1083.3113453800022,-15.2,0.3231,91.4,0.3200130474708046,long_nclose,29.249192538831544,0.027007748265989288,3.0
1675054800000.0,42058,1675054800000.0,0.040130382879540016,-0.0008400600000000001,1083.0319282417133,1083.2661053200022,-13.0,0.3231,78.4,0.3200130474708046,long_nclose,25.089022921711084,0.023165543200968,14.0
1675054980000.0,42061,1675054980000.0,0.03457386832698832,-0.000723744,1083.0657783660404,1083.3337015760023,-11.2,0.3231,67.2,0.3200130474708046,long_nclose,21.50487679003807,0.01985555930174551,3.0
1675058400000.0,42118,1675058400000.0,0.029634744280275703,-0.000620352,1083.0947927583206,1083.2668412240023,-9.6,0.3231,57.6,0.3200130474708046,long_nclose,18.432751534318346,0.01701859491667909,57.0
1675059360000.0,42134,1675059360000.0,0.02531301073940216,-0.000529884,1083.1195758850602,1083.2918313400023,-8.2,0.3231,49.4,0.3200130474708046,long_nclose,15.808644545057748,0.014595474864481029,16.0
1675059780000.0,42141,1675059780000.0,0.0216086677043677,-0.00045233999999999997,1083.1407322127645,1083.2885790000025,-7.0,0.3231,42.4,0.3200130474708046,long_nclose,13.568553212762115,0.012527045479161987,7.0
1675061400000.0,42168,1675061400000.0,0.018521715175172315,-0.00038772000000000004,1083.1588662079398,1083.2857912800025,-6.0,0.3231,36.4,0.3200130474708046,long_nclose,11.648474927937288,0.010754170317340198,27.0
1675061760000.0,42174,1675061760000.0,0.037121715175172265,-0.00039144,1083.195596483115,1083.3471998400025,-6.0,0.3262,30.4,0.3200130474708046,long_nclose,9.72839664311246,0.008981200324944367,6.0
1675061820000.0,42175,1675061820000.0,0.030934762645976888,-0.0003262,1083.226205045761,1083.4163736400026,-5.0,0.3262,25.4,0.3200130474708046,long_nclose,8.128331405758436,0.007503817178624343,1.0
1675062000000.0,42178,1675062000000.0,0.0459347626459769,-0.0003292,1083.2718106084071,1083.4755444400027,-5.0,0.3292,20.4,0.3200130474708046,long_nclose,6.528266168404413,0.006026434090201136,3.0
1675062060000.0,42179,1675062060000.0,0.0626634578988964,-0.00033894599999999996,1083.334135120306,1083.5404854940027,-5.1,0.3323,15.3,0.3200130474708046,long_nclose,4.896199626303311,0.0045195655408380355,1.0
1675062300000.0,42183,1675062300000.0,0.02756085758758614,-0.00019752000000000002,1083.3614984578935,1083.5027879740026,-3.0,0.3292,12.3,0.3200130474708046,long_nclose,3.936160483890897,0.0036332844479832526,4.0
1675062360000.0,42184,1675062360000.0,0.036860857587586116,-0.00019937999999999998,1083.398159935481,1083.5328885940025,-3.0,0.3323,9.3,0.3200130474708046,long_nclose,2.9761213414784833,0.002747024548810124,1.0
1675062420000.0,42185,1675062420000.0,0.04769955284050563,-0.00020794799999999998,1083.4456515403215,1083.5354706460025,-3.1,0.3354,6.2,0.3200130474708046,long_nclose,1.9840808943189887,0.001831269424080705,1.0
1675062480000.0,42186,1675062480000.0,0.030773905058390727,-0.00013416,1083.4762912853798,1083.5287364860023,-2.0,0.3354,4.2,0.3200130474708046,long_nclose,1.3440547993773795,0.0012405022705045652,1.0
1675062660000.0,42189,1675062660000.0,0.021541733540873506,-9.391199999999999e-05,1083.4977391069208,1083.5383025740025,-1.4,0.3354,2.8,0.3200130474708046,long_nclose,0.8960365329182528,0.0008269851431871155,3.0
1675062720000.0,42190,1675062720000.0,0.013848257276275828,-6.0372e-05,1083.511526992197,1083.5390522020025,-0.9,0.3354,1.9,0.3200130474708046,long_nclose,0.6080247901945287,0.0005611613490466423,1.0
1675062780000.0,42191,1675062780000.0,0.009232171517517217,-4.0248e-05,1083.5207189157147,1083.5395519540027,-0.6,0.3354,1.3,0.3200130474708046,long_nclose,0.416016961712046,0.0003839492447623489,1.0
1675062840000.0,42192,1675062840000.0,0.006154781011678146,-2.6832e-05,1083.5268468647264,1083.5403351220027,-0.4,0.3354,0.9,0.3200130474708046,long_nclose,0.28801174272372415,0.00026580951229506655,1.0
1675062900000.0,42193,1675062900000.0,0.004616085758758609,-2.0124e-05,1083.531442826485,1083.5413349980026,-0.3,0.3354,0.6,0.3200130474708046,long_nclose,0.19200782848248277,0.00017720558988266533,1.0
1675063440000.0,42202,1675063440000.0,0.0012286952529195372,-6.646000000000001e-06,1083.532664875738,1083.5384083520025,-0.1,0.3323,0.5,0.3200130474708046,long_nclose,0.1600065237354023,0.00014767115835289768,9.0
1675063560000.0,42204,1675063560000.0,0.0012286952529195372,-6.646000000000001e-06,1083.5338869249908,1083.5386817060025,-0.1,0.3323,0.4,0.3200130474708046,long_nclose,0.12800521898832184,0.00011813679344315992,2.0
1675063860000.0,42209,1675063860000.0,0.0012286952529195372,-6.646000000000001e-06,1083.5351089742437,1083.5388550600026,-0.1,0.3323,0.3,0.3200130474708046,long_nclose,0.09600391424124138,8.860249515322669e-05,5.0
1675064280000.0,42216,1675064280000.0,0.0012286952529195372,-6.646000000000001e-06,1083.5363310234966,1083.5389284140024,-0.1,0.3323,0.2,0.3200130474708046,long_nclose,0.06400260949416092,5.906826348287256e-05,7.0
1675064520000.0,42220,1675064520000.0,0.0015386952529195365,-6.708e-06,1083.5378630107496,1083.5394617060024,-0.1,0.3354,0.1,0.3200130474708046,long_nclose,0.03200130474708046,2.953408998386149e-05,4.0
1675064640000.0,42222,1675064640000.0,0.0018486952529195412,-6.770000000000001e-06,1083.5397049360024,1083.5397049360024,-0.1,0.3385,0.0,0.3200130474708046,long_nclose,0.0,0.0,2.0
1675081620000.0,42505,1675081620000.0,0.0,-0.010837364,1083.5288675720024,1083.3832475720023,161.8,0.3349,161.8,0.3349,long_ientry_normal,54.18682,0.05000957669122663,283.0
1675087080000.0,42596,1675087080000.0,0.0,-0.010832640000000001,1083.5180349320024,1081.8330149320025,166.4,0.3255,328.2,0.3301341255332115,long_rentry,108.35002,0.0999983539792207,91.0
1675090140000.0,42647,1675090140000.0,0.14816292504570225,-0.003119688,1083.663078169048,1084.6102352440023,-46.8,0.3333,281.4,0.3301341255332115,long_nclose,92.8997429250457,0.08572751512583474,51.0
1675090260000.0,42649,1675090260000.0,0.1272681535648981,-0.002679732,1083.787666590613,1084.4789155120025,-40.2,0.3333,241.2,0.3301341255332115,long_nclose,79.6283510786106,0.07347228016453264,2.0
1675090320000.0,42650,1675090320000.0,0.10890608165752473,-0.0022931040000000002,1083.8942795682706,1084.6937424080024,-34.4,0.3333,206.8,0.3301341255332115,long_nclose,68.27173716026813,0.06298745038811504,1.0
1675090920000.0,42660,1675090920000.0,0.21898608165752598,-0.00231512,1084.110950529928,1085.4670272880023,-34.4,0.3365,172.4,0.3301341255332115,long_nclose,56.91512324192566,0.05249935277759604,10.0
1675091100000.0,42663,1675091100000.0,0.18270059719683127,-0.0019315100000000002,1084.2917196171247,1085.2064957780021,-28.7,0.3365,143.7,0.3301341255332115,long_nclose,47.44027383912248,0.0437523158950934,3.0
1675092060000.0,42679,1675092060000.0,0.15214439975624625,-0.0016084700000000003,1084.442255546881,1085.144987308002,-23.9,0.3365,119.8,0.3301341255332115,long_nclose,39.55006823887874,0.03647042342419031,16.0
1675092720000.0,42690,1675092720000.0,0.0,-0.002883496,1084.4393720508808,1084.817423812002,43.4,0.3322,163.2,0.33068350636567856,long_ientry_partial,53.967548238878734,0.04976538996072768,11.0
1675101720000.0,42840,1675101720000.0,0.0,-0.010844036,1084.4285280148808,1082.7806997760022,168.7,0.3214,331.9,0.32596483350068917,long_rentry,108.18772823887873,0.09976473824136997,150.0
1675105740000.0,42907,1675105740000.0,0.0,-0.01084566,1084.4176823548808,1078.307354116002,171.5,0.3162,503.4,0.3226381172802517,long_rentry,162.4160282388787,0.14977257460998067,67.0
1675105740000.0,42907,1675105740000.0,0.0,-0.015571278000000001,1084.4021110768808,1077.843042838002,249.3,0.3123,752.7,0.3192140537250946,long_rentry,240.2724182388787,0.22157133021464961,0.0
1675105800000.0,42908,1675105800000.0,0.0,-0.022979392,1084.3791316848808,1071.924503446002,372.8,0.3082,1125.5,0.31556586249567187,long_rentry,355.16937823887866,0.32753247260211055,1.0
1675110120000.0,42980,1675110120000.0,0.0,-0.033823032,1084.3453086528807,1075.869620414002,557.4,0.3034,1682.9,0.3115363588085321,long_rentry,524.2845382388787,0.4835033029194504,72.0
1675129440000.0,43302,1675129440000.0,0.7124593424288865,-0.015121160000000002,1085.0426468353096,1090.7601992540021,-240.4,0.3145,1442.5,0.3115363588085321,long_nclose,449.39119758130755,0.41416915629263484,322.0
1675130700000.0,43323,1675130700000.0,1.4336593424288873,-0.0152654,1086.4610407777384,1095.433083854002,-240.4,0.3175,1202.1,0.3115363588085321,long_nclose,374.4978569237364,0.3446951550657111,21.0
1675130820000.0,43325,1675130820000.0,2.154859342428888,-0.015409640000000002,1088.6004904801673,1097.220824214002,-240.4,0.3205,961.7,0.3115363588085321,long_nclose,299.6045162661653,0.27521989828795107,2.0
1675130880000.0,43326,1675130880000.0,1.723708201119281,-0.012326430000000001,1090.3118722512866,1096.439097784002,-192.3,0.3205,769.4,0.3115363588085321,long_nclose,239.69607446728457,0.21984175405919207,1.0
1675130940000.0,43327,1675130940000.0,1.378608015247766,-0.00985858,1091.6806216865343,1097.506439204002,-153.8,0.3205,615.6,0.3115363588085321,long_nclose,191.78178248253235,0.1756757229841171,1.0
1675131060000.0,43329,1675131060000.0,1.8412043793669133,-0.00995733,1093.5118687359013,1099.2663318740022,-153.9,0.3235,461.7,0.3115363588085321,long_nclose,143.83633686189927,0.13153614603943342,2.0
1675131840000.0,43342,1675131840000.0,0.8273440819724889,-0.00591643,1094.3332963878738,1097.829165444002,-92.3,0.3205,369.4,0.3115363588085321,long_nclose,115.08153094387174,0.10516131723646506,13.0
1675132380000.0,43351,1675132380000.0,0.6615167199303325,-0.00473058,1094.9900825278044,1097.6397348640023,-73.8,0.3205,295.6,0.3115363588085321,long_nclose,92.09014766380209,0.08410135318414055,9.0
1675132440000.0,43352,1675132440000.0,0.529751194415754,-0.00378831,1095.5160454122201,1097.7541965540022,-59.1,0.3205,236.5,0.3115363588085321,long_nclose,73.67834885821784,0.06725446803519358,1.0
1675133100000.0,43363,1675133100000.0,0.42398022835643256,-0.00303193,1095.9369937105766,1097.8221146240023,-47.3,0.3205,189.2,0.3115363588085321,long_nclose,58.942679086574266,0.053782908529265594,11.0
1675133280000.0,43366,1675133280000.0,0.3388256370374873,-0.00242298,1096.2733963676142,1097.7061916440025,-37.8,0.3205,151.4,0.3115363588085321,long_nclose,47.16660472361176,0.04302449086139763,3.0
1675133640000.0,43372,1675133640000.0,0.27070196398233115,-0.0019358200000000002,1096.5421625115964,1097.6891558240022,-30.2,0.3205,121.2,0.3115363588085321,long_nclose,37.75820668759409,0.03443388496901028,6.0
1675134420000.0,43385,1675134420000.0,0.21692011683352364,-0.00155122,1096.75753140843,1097.7240046040024,-24.2,0.3205,97.0,0.3115363588085321,long_nclose,30.219026804427614,0.027553060671141286,13.0
1675135020000.0,43395,1675135020000.0,0.1738946391144776,-0.00124354,1096.9301825075445,1097.7033610640024,-19.4,0.3205,77.6,0.3115363588085321,long_nclose,24.17522144354209,0.022038979170286268,10.0
1675136400000.0,43418,1675136400000.0,0.13893643846775275,-0.0009935500000000002,1097.0681253960122,1097.6558175140024,-15.5,0.3205,62.1,0.3115363588085321,long_nclose,19.346407882009842,0.01763464586579462,23.0
1675136760000.0,43424,1675136760000.0,0.1111491507742022,-0.0007948400000000001,1097.1784797067864,1097.6239726740025,-12.4,0.3205,49.7,0.3115363588085321,long_nclose,15.483357032784046,0.01411197660103748,6.0
1675138500000.0,43453,1675138500000.0,0.04890185777003691,-0.0005207,1097.2268608645566,1097.5158519740025,-8.2,0.3175,41.5,0.3115363588085321,long_nclose,12.928758890554082,0.011783122845139707,29.0
1675142580000.0,43521,1675142580000.0,0.0,-0.008358432,1097.2185024325565,1097.2277835420025,132.8,0.3147,174.3,0.3139467520972695,long_ientry_partial,54.72091889055408,0.049872398951746305,68.0
1675151280000.0,43666,1675151280000.0,0.07602587277798901,-0.0015786600000000002,1097.2929496453346,1097.8238048820026,-24.9,0.317,149.4,0.3139467520972695,long_nclose,46.90364476333207,0.04274487025410324,145.0
1675153920000.0,43710,1675153920000.0,0.06503418032815929,-0.0013504200000000002,1097.3566334056627,1097.7477544620024,-21.3,0.317,128.1,0.3139467520972695,long_nclose,40.216578943660224,0.0366485951051733,44.0
1675154040000.0,43712,1675154040000.0,0.055874436619967834,-0.00116022,1097.4113476222826,1097.8014942420025,-18.3,0.317,109.8,0.3139467520972695,long_nclose,34.47135338028019,0.03141151534013922,2.0
1675155360000.0,43734,1675155360000.0,0.047630667282595525,-0.00098904,1097.4579892495653,1097.9340052020025,-15.6,0.317,94.2,0.3139467520972695,long_nclose,29.57378404756279,0.026947531784597197,22.0
1675157280000.0,43766,1675157280000.0,0.04091352189658847,-0.00084956,1097.4980532114619,1097.7851556420026,-13.4,0.317,80.8,0.3139467520972695,long_nclose,25.366897569459375,0.02311338730417937,32.0
1675157580000.0,43771,1675157580000.0,0.03511235088140055,-0.0007291000000000001,1097.5324364623434,1097.7786765420026,-11.5,0.317,69.3,0.3139467520972695,long_nclose,21.756509920340775,0.019823113374642615,5.0
1675158060000.0,43779,1675158060000.0,0.03022715423703178,-0.00062766,1097.5620359565805,1097.7730988820026,-9.9,0.317,59.4,0.3139467520972695,long_nclose,18.64843707457781,0.016990781808815716,8.0
1675158300000.0,43783,1675158300000.0,0.025647282382936055,-0.0005325600000000001,1097.5871506789636,1097.7683663220027,-8.4,0.317,51.0,0.3139467520972695,long_nclose,16.011284356960747,0.014587711187267656,4.0
1675159320000.0,43800,1675159320000.0,0.0,-0.007766795999999999,1097.5793838829636,1097.5829195260028,123.4,0.3147,174.4,0.31447972681743547,long_ientry_partial,54.84526435696075,0.04996929166338002,17.0
1675163940000.0,43877,1675163940000.0,0.07520480224585696,-0.00158115,1097.6530075352096,1098.179288376003,-24.9,0.3175,149.5,0.31447972681743547,long_nclose,47.0147191592066,0.04283204148893885,77.0
1675164720000.0,43890,1675164720000.0,0.06433181878862464,-0.00135255,1097.715986803998,1098.1672858260029,-21.3,0.3175,128.2,0.31447972681743547,long_nclose,40.316300977995226,0.036727442674289734,13.0
1675164960000.0,43894,1675164960000.0,0.055270999240931026,-0.00116205,1097.770095753239,1098.1569737760028,-18.3,0.3175,109.9,0.31447972681743547,long_nclose,34.56132197723616,0.03148320591983496,4.0
1675165080000.0,43896,1675165080000.0,0.11017099924093107,-0.0011730300000000003,1097.8790937224799,1098.4305507460028,-18.3,0.3205,91.6,0.31447972681743547,long_nclose,28.806342976477087,0.0262381742590671,2.0
1675165140000.0,43897,1675165140000.0,0.091508152374981,-0.00097432,1097.9696275548547,1098.4295764260025,-15.2,0.3205,76.4,0.31447972681743547,long_nclose,24.02625112885207,0.02188243693257509,1.0
1675165200000.0,43898,1675165200000.0,0.07645746941856965,-0.00081407,1098.0452709542733,1098.4287623560026,-12.7,0.3205,63.7,0.31447972681743547,long_nclose,20.03235859827064,0.01824365454519121,1.0
1675165620000.0,43905,1675165620000.0,0.06381489573518412,-0.00067946,1098.1084063900087,1098.4546328960027,-10.6,0.3205,53.1,0.31447972681743547,long_nclose,16.698873494005824,0.015206944411711373,7.0
1675165860000.0,43909,1675165860000.0,0.052978404006567954,-0.0005640800000000001,1098.1608207140152,1098.449668816003,-8.8,0.3205,44.3,0.31447972681743547,long_nclose,13.93145189801239,0.012686167303760003,4.0
1675166160000.0,43914,1675166160000.0,0.08025840400656788,-0.0005695360000000002,1098.2405095820218,1098.5607292800028,-8.8,0.3236,35.5,0.31447972681743547,long_nclose,11.16403030201896,0.01016537835256857,5.0
1675166220000.0,43915,1675166220000.0,0.06475393959620816,-0.000459512,1098.304804009618,1098.5893797680028,-7.1,0.3236,28.4,0.31447972681743547,long_nclose,8.931224241615167,0.008131826619540995,1.0
1675166340000.0,43917,1675166340000.0,0.05107352982236137,-0.000362432,1098.3555151074404,1098.5839773360028,-5.6,0.3236,22.8,0.31447972681743547,long_nclose,7.1701377714375285,0.00652806643460624,2.0
1675166520000.0,43920,1675166520000.0,0.04104122932154039,-0.00029124,1098.396265096762,1098.5979360960027,-4.5,0.3236,18.3,0.31447972681743547,long_nclose,5.754979000759069,0.005239437881967025,3.0
1675166760000.0,43924,1675166760000.0,0.03283298345723231,-0.000232992,1098.428865088219,1098.5614631040028,-3.6,0.3236,14.7,0.31447972681743547,long_nclose,4.622851984216301,0.004208603880639118,4.0
1675167060000.0,43929,1675167060000.0,0.026448792229437138,-0.000187688,1098.4551261924485,1098.5851654160026,-2.9,0.3236,11.8,0.31447972681743547,long_nclose,3.7108607764457386,0.00337825432096495,5.0
1675168080000.0,43946,1675168080000.0,0.03514879222943715,-0.000189428,1098.4900855566777,1098.5926159880025,-2.9,0.3266,8.9,0.31447972681743547,long_nclose,2.7988695686751757,0.0025479242875977373,17.0
1675168140000.0,43947,1675168140000.0,0.026664601001641978,-0.000143704,1098.5166064536793,1098.5904422840024,-2.2,0.3266,6.7,0.31447972681743547,long_nclose,2.107014169676818,0.0019180539987272952,1.0
1675168260000.0,43949,1675168260000.0,0.019392437092103254,-0.000104512,1098.5358943787714,1098.5997477720025,-1.6,0.3266,5.1,0.31447972681743547,long_nclose,1.6038466067689208,0.0014599856181084603,2.0
1675168680000.0,43956,1675168680000.0,0.01454432781907744,-7.8384e-05,1098.5503603225904,1098.5972393880024,-1.2,0.3266,3.9,0.31447972681743547,long_nclose,1.2264709345879983,0.0011164448885418814,7.0
1675168740000.0,43957,1675168740000.0,0.01090824586430808,-5.878800000000001e-05,1098.5612097804549,1098.6002706000027,-0.9,0.3266,3.0,0.31447972681743547,long_nclose,0.9434391804523063,0.0008587952788182378,1.0
1675169100000.0,43963,1675169100000.0,0.005472163909538718,-3.8832000000000004e-05,1098.5666431123645,1098.5894917680027,-0.6,0.3236,2.4,0.31447972681743547,long_nclose,0.7547513443618451,0.0006870328250851933,6.0
1675169280000.0,43966,1675169280000.0,0.0036481092730258125,-2.5888e-05,1098.5702653336375,1098.5883058800027,-0.4,0.3236,2.0,0.31447972681743547,long_nclose,0.6289594536348709,0.000572525466492446,3.0
1675169340000.0,43967,1675169340000.0,0.0036481092730258125,-2.5888e-05,1098.5738875549105,1098.5891199920027,-0.4,0.3236,1.6,0.31447972681743547,long_nclose,0.5031675629078968,0.00045801886300774353,1.0
1675170960000.0,43994,1675170960000.0,0.002736081954769359,-1.9416000000000002e-05,1098.5766042208652,1098.5889805760025,-0.3,0.3236,1.3,0.31447972681743547,long_nclose,0.40882364486266615,0.00037213940592937796,27.0
1675171200000.0,43998,1675171200000.0,0.0018240546365129063,-1.2944e-05,1098.5784153315017,1098.5894376320025,-0.2,0.3236,1.1,0.31447972681743547,long_nclose,0.34592769949917906,0.00031488667051117475,4.0
1675171560000.0,44004,1675171560000.0,0.0018240546365129063,-1.2944e-05,1098.5802264421382,1098.5887946880025,-0.2,0.3236,0.9,0.31447972681743547,long_nclose,0.2830317541356919,0.0002576341238657813,6.0
1675172400000.0,44018,1675172400000.0,0.0024240546365129068,-1.3064e-05,1098.5826374327746,1098.5907016240023,-0.2,0.3266,0.7,0.31447972681743547,long_nclose,0.22013580877220482,0.0002003816565739922,14.0
1675173540000.0,44037,1675173540000.0,0.0012120273182564534,-6.532e-06,1098.5838429280927,1098.5913550920022,-0.1,0.3266,0.6,0.31447972681743547,long_nclose,0.18868783609046128,0.00017175551716430235,19.0
1675173900000.0,44043,1675173900000.0,0.0012120273182564534,-6.532e-06,1098.5850484234109,1098.591308560002,-0.1,0.3266,0.5,0.31447972681743547,long_nclose,0.15723986340871773,0.00014312944057847323,6.0
1675174560000.0,44054,1675174560000.0,0.0015120273182564537,-6.592000000000001e-06,1098.586553858729,1098.5919619680021,-0.1,0.3296,0.4,0.31447972681743547,long_nclose,0.1257918907269742,0.00011450339555416604,11.0
1675175400000.0,44068,1675175400000.0,0.0015120273182564537,-6.592000000000001e-06,1098.5880592940473,1098.592865376002,-0.1,0.3296,0.3,0.31447972681743547,long_nclose,0.09434391804523064,8.587742898448764e-05,14.0
1675175760000.0,44074,1675175760000.0,0.001812027318256454,-6.652000000000002e-06,1098.5898646693656,1098.5935687240021,-0.1,0.3326,0.2,0.31447972681743547,long_nclose,0.0628959453634871,5.7251525238143734e-05,6.0
1675175940000.0,44077,1675175940000.0,0.001812027318256454,-6.652000000000002e-06,1098.591670044684,1098.5935720720022,-0.1,0.3326,0.1,0.31447972681743547,long_nclose,0.03144797268174355,2.8625715576802468e-05,3.0
1675176120000.0,44080,1675176120000.0,0.0021120273182564544,-6.712e-06,1098.5937753600022,1098.5937753600022,-0.1,0.3356,0.0,0.31447972681743547,long_nclose,0.0,0.0,3.0
1675227240000.0,44932,1675227240000.0,0.0,-0.01098266,1098.582792700002,1098.503092700002,159.4,0.3445,159.4,0.3445,long_ientry_normal,54.9133,0.04998558175578085,852.0
1675230060000.0,44979,1675230060000.0,0.07491000000000057,-0.001579012,1098.656123688002,1099.134573688002,-22.7,0.3478,136.7,0.3445,long_nclose,47.093149999999994,0.04286432213376856,47.0
1675230180000.0,44981,1675230180000.0,0.06435000000000049,-0.00135642,1098.719117268002,1099.129317268002,-19.5,0.3478,117.2,0.3445,long_nclose,40.3754,0.036747699539801074,2.0
1675231800000.0,45008,1675231800000.0,0.055110000000000416,-0.001161652,1098.773065616002,1099.124815616002,-16.7,0.3478,100.5,0.3445,long_nclose,34.622249999999994,0.03150991872975137,27.0
1675232160000.0,45014,1675232160000.0,0.047190000000000364,-0.000994708,1098.819260908002,1099.164060908002,-14.3,0.3478,86.2,0.3445,long_nclose,29.695899999999998,0.027025281642279356,6.0
1675232520000.0,45020,1675232520000.0,0.04059000000000031,-0.000855588,1098.8589953200021,1099.117645320002,-12.3,0.3478,73.9,0.3445,long_nclose,25.45855,0.023168168171191186,6.0
1675232700000.0,45023,1675232700000.0,0.034650000000000264,-0.00073038,1098.8929149400021,1099.1148149400021,-10.5,0.3478,63.4,0.3445,long_nclose,21.841299999999997,0.019875731022610605,3.0
1675233000000.0,45028,1675233000000.0,0.0,-0.00661824,1098.886296700002,1098.946796700002,96.0,0.3447,159.4,0.3446204516938519,long_ientry_partial,54.9325,0.04998924835532522,5.0
1675233780000.0,45041,1675233780000.0,0.07444574654956124,-0.0015794659999999999,1098.9591629805516,1099.421147234002,-22.7,0.3479,136.7,0.3446204516938519,long_nclose,47.10961574654955,0.04286748528378507,13.0
1675262820000.0,45525,1675262820000.0,0.06395119196988741,-0.00135681,1099.0217573625214,1099.3592404240019,-19.5,0.3479,117.2,0.3446204516938519,long_nclose,40.38951693851944,0.03675042524676481,484.0
1675262880000.0,45526,1675262880000.0,0.0547684567126728,-0.001161986,1099.0753638332342,1099.4150084380021,-16.7,0.3479,100.5,0.3446204516938519,long_nclose,34.63435539523212,0.03151226616020054,1.0
1675263600000.0,45538,1675263600000.0,0.04689754077791744,-0.0009949940000000001,1099.1212663800122,1099.3694834440023,-14.3,0.3479,86.2,0.3446204516938519,long_nclose,29.706282936010037,0.02702730248669334,12.0
1675264500000.0,45553,1675264500000.0,0.040338444165621296,-0.000855834,1099.1607489901778,1099.410497610002,-12.3,0.3479,73.9,0.3446204516938519,long_nclose,25.467451380175657,0.023169906133905474,15.0
1675264920000.0,45560,1675264920000.0,0.03443525721455476,-0.0007305899999999999,1099.1944536573922,1099.4404170200019,-10.5,0.3479,63.4,0.3446204516938519,long_nclose,21.84893663739021,0.01987722605831152,7.0
1675265340000.0,45567,1675265340000.0,0.02951593475533265,-0.00062622,1099.2233433721476,1099.4343908000021,-9.0,0.3479,54.4,0.3446204516938519,long_nclose,18.747352572145545,0.01705508956408555,7.0
1675265460000.0,45569,1675265460000.0,0.05921593475533288,-0.00063216,1099.281927146903,1099.707758640002,-9.0,0.3512,45.4,0.3446204516938519,long_nclose,15.645768506900877,0.014232716940510612,2.0
1675265460000.0,45569,1675265460000.0,0.089815934755333,-0.0006382800000000001,1099.3711048016582,1099.7125203600021,-9.0,0.3546,36.4,0.3446204516938519,long_nclose,12.54418444165621,0.011410327583531818,0.0
1675265520000.0,45570,1675265520000.0,0.07185274780426641,-0.0005106240000000001,1099.4424469254625,1099.687129736002,-7.2,0.3546,29.2,0.3446204516938519,long_nclose,10.062917189460476,0.009152745755451717,1.0
1675265580000.0,45571,1675265580000.0,0.057881380175659046,-0.00041133600000000005,1099.499916969638,1099.7778984000017,-5.8,0.3546,23.4,0.3446204516938519,long_nclose,8.064118569636134,0.007334351231114118,1.0
1675265640000.0,45572,1675265640000.0,0.07702138017565886,-0.000415164,1099.5765231858136,1099.8560032360017,-5.8,0.3579,17.6,0.3446204516938519,long_nclose,6.065319949811794,0.005516050790388544,1.0
1675265760000.0,45574,1675265760000.0,0.09616138017565902,-0.00041899200000000003,1099.6722655739893,1099.8242442440019,-5.8,0.3612,11.8,0.3446204516938519,long_nclose,4.066521329987453,0.003697939338194435,2.0
1675265820000.0,45575,1675265820000.0,0.03851069008782943,-0.000207582,1099.710568682077,1099.8385466620018,-2.9,0.3579,8.9,0.3446204516938519,long_nclose,3.0671220200752822,0.0027890265924706025,1.0
1675265940000.0,45577,1675265940000.0,0.016965232120451788,-0.000120564,1099.7274133501974,1099.7913460980017,-1.7,0.3546,7.2,0.3446204516938519,long_nclose,2.481267252195734,0.002256256616025265,2.0
1675266060000.0,45579,1675266060000.0,0.007895457967377716,-8.4288e-05,1099.7352245201648,1099.7795018100016,-1.2,0.3512,6.0,0.3446204516938519,long_nclose,2.0677227101631113,0.00188020049195505,2.0
1675266180000.0,45581,1675266180000.0,0.0065795483061480975,-7.024e-05,1099.7417338284708,1099.7761315700016,-1.0,0.3512,5.0,0.3446204516938519,long_nclose,1.7231022584692597,0.0015668244692967302,2.0
1675266360000.0,45584,1675266360000.0,0.009979548306148112,-7.092e-05,1099.7516424567768,1099.7991606500013,-1.0,0.3546,4.0,0.3446204516938519,long_nclose,1.3784818067754077,0.0012534482819193296,3.0
1675266360000.0,45584,1675266360000.0,0.013279548306148081,-7.158e-05,1099.764850425083,1099.8004890700015,-1.0,0.3579,3.0,0.3446204516938519,long_nclose,1.0338613550815556,0.0009400749211815105,0.0
1675266540000.0,45587,1675266540000.0,0.0032897741530740487,-3.512e-05,1099.7681050792362,1099.7903039500015,-0.5,0.3512,2.5,0.3446204516938519,long_nclose,0.8615511292346298,0.0007833934492695228,3.0
1675266600000.0,45588,1675266600000.0,0.004989774153074056,-3.546e-05,1099.7730593933893,1099.7958184900017,-0.5,0.3546,2.0,0.3446204516938519,long_nclose,0.6892409033877038,0.0006267119361587872,1.0
1675266720000.0,45590,1675266720000.0,0.006639774153074041,-3.579e-05,1099.7796633775422,1099.8034827000015,-0.5,0.3579,1.5,0.3446204516938519,long_nclose,0.5169306775407778,0.00047003112964757673,2.0
1675266720000.0,45590,1675266720000.0,0.008289774153074053,-3.6120000000000007e-05,1099.7879170316953,1099.8037965800015,-0.5,0.3612,1.0,0.3446204516938519,long_nclose,0.3446204516938519,0.00031335173478171623,0.0
1675266780000.0,45591,1675266780000.0,0.004973864491844432,-2.1672000000000002e-05,1099.7928692241871,1099.8025849080013,-0.3,0.3612,0.7,0.3446204516938519,long_nclose,0.24123431618569632,0.00021934522666606045,1.0
1675266900000.0,45593,1675266900000.0,0.0013279548306148082,-7.158000000000001e-06,1099.7941900210178,1099.8019177500014,-0.1,0.3579,0.6,0.3446204516938519,long_nclose,0.20677227101631115,0.00018800996849452313,2.0
1675266960000.0,45594,1675266960000.0,0.0013279548306148082,-7.158000000000001e-06,1099.7955108178485,1099.8019505920015,-0.1,0.3579,0.5,0.3446204516938519,long_nclose,0.17231022584692596,0.0001566747855869949,1.0
1675267020000.0,45595,1675267020000.0,0.0013279548306148082,-7.158000000000001e-06,1099.7968316146791,1099.8023834340015,-0.1,0.3579,0.4,0.3446204516938519,long_nclose,0.13784818067754076,0.00012533967794320464,1.0
1675267620000.0,45605,1675267620000.0,0.0006579548306148098,-7.024000000000002e-06,1099.7974825455096,1099.7993964100015,-0.1,0.3512,0.3,0.3446204516938519,long_nclose,0.10338613550815558,9.400470281934607e-05,10.0
1675267680000.0,45606,1675267680000.0,0.0006579548306148098,-7.024000000000002e-06,1099.7981334763401,1099.7997093860013,-0.1,0.3512,0.2,0.3446204516938519,long_nclose,0.06892409033877038,6.266976478756966e-05,1.0
1675267920000.0,45610,1675267920000.0,0.0009979548306148112,-7.092000000000002e-06,1099.7991243391707,1099.8001122940013,-0.1,0.3546,0.1,0.3446204516938519,long_nclose,0.03446204516938519,3.133485416265646e-05,4.0
1675268040000.0,45612,1675268040000.0,0.0009979548306148112,-7.092000000000002e-06,1099.8001152020013,1099.8001152020013,-0.1,0.3546,0.0,0.3446204516938519,long_nclose,0.0,0.0,2.0
1675271280000.0,45666,1675271280000.0,0.0,-0.010995930000000001,1099.7891192720012,1099.7572192720013,159.5,0.3447,159.5,0.3447,long_ientry_normal,54.97965,0.04999108377830965,54.0
1675271880000.0,45676,1675271880000.0,0.07490999999999931,-0.00157992,1099.8624493520012,1100.5190893520012,-22.7,0.348,136.8,0.3447,long_nclose,47.15496,0.04287350661692467,10.0
1675272000000.0,45678,1675272000000.0,0.1504799999999999,-0.0016019280000000003,1100.0113274240014,1100.9005274240014,-22.8,0.3513,114.0,0.3447,long_nclose,39.2958,0.035723086681318655,2.0
1675272600000.0,45688,1675272600000.0,0.22572000000000045,-0.001616976,1100.2354304480014,1101.1747904480014,-22.8,0.3546,91.2,0.3447,long_nclose,31.43664,0.028572648298736767,10.0
1675273440000.0,45702,1675273440000.0,0.10031999999999991,-0.001067952,1100.3346824960013,1100.7754824960014,-15.2,0.3513,76.0,0.3447,long_nclose,26.197200000000002,0.023808392497975457,14.0
1675273500000.0,45703,1675273500000.0,0.08315999999999993,-0.000885276,1100.4169572200012,1100.8480772200012,-12.6,0.3513,63.4,0.3447,long_nclose,21.85398,0.019859726675977456,1.0
1675273800000.0,45708,1675273800000.0,0.06929999999999994,-0.00073773,1100.4855194900013,1100.8981394900013,-10.5,0.3513,52.9,0.3447,long_nclose,18.23463,0.016569622841062448,5.0
1675274400000.0,45718,1675274400000.0,0.024749999999999772,-0.000522,1100.5097474900012,1100.6595674900013,-7.5,0.348,45.4,0.3447,long_nclose,15.649379999999999,0.014220119390757312,10.0
1675274520000.0,45720,1675274520000.0,0.0,-0.007870489999999999,1100.5018770000013,1100.4585470000013,113.9,0.3455,159.3,0.34527200251098555,long_ientry_partial,55.001830000000005,0.049978860690302974,2.0
1675276440000.0,45752,1675276440000.0,0.07554554300062839,-0.001582644,1100.5758398990017,1101.085084356001,-22.7,0.3486,136.6,0.34527200251098555,long_nclose,47.164155543000625,0.04285407132626936,32.0
1675276680000.0,45756,1675276680000.0,0.0648959510357821,-0.0013595400000000002,1100.6393763100375,1101.134474816001,-19.5,0.3486,117.1,0.34527200251098555,long_nclose,40.431351494036406,0.03673442215885919,4.0
1675276920000.0,45760,1675276920000.0,0.12924595103578151,-0.0013724100000000001,1100.7672498510733,1101.326302406001,-19.5,0.3519,97.6,0.34527200251098555,long_nclose,33.69854744507219,0.030613690087192714,4.0
1675277280000.0,45766,1675277280000.0,0.046259165097301096,-0.0009691080000000002,1100.8125399081707,1100.9990232980012,-13.9,0.3486,83.7,0.34527200251098555,long_nclose,28.89926661016949,0.026252668426706198,6.0
1675277460000.0,45769,1675277460000.0,0.03960317011927216,-0.0008296680000000001,1100.85131341029,1101.1189836300011,-11.9,0.3486,71.8,0.34527200251098555,long_nclose,24.79052978028876,0.02251941699873257,3.0
1675277700000.0,45773,1675277700000.0,0.03394557438794756,-0.000711144,1100.884547840678,1101.1449924860012,-10.2,0.3486,61.6,0.34527200251098555,long_nclose,21.26875535467671,0.019319696508043608,4.0
1675277940000.0,45777,1675277940000.0,0.06760557438794725,-0.000717876,1100.9514355390659,1101.1944546100012,-10.2,0.3519,51.4,0.34527200251098555,long_nclose,17.74698092906466,0.0161196764509191,4.0
1675278000000.0,45778,1675278000000.0,0.05633797865662271,-0.0005982299999999999,1101.0071752877225,1101.2958063800013,-8.5,0.3519,42.9,0.34527200251098555,long_nclose,14.81216890772128,0.013453290078559629,1.0
1675278060000.0,45779,1675278060000.0,0.08438797865662293,-0.00060384,1101.0909594263792,1101.4600025400014,-8.5,0.3552,34.4,0.34527200251098555,long_nclose,11.877356886377903,0.010786898924831326,1.0
1675278420000.0,45785,1675278420000.0,0.06751038292529833,-0.0004830720000000001,1101.1579867373046,1101.4678794680015,-6.8,0.3552,27.6,0.34527200251098555,long_nclose,9.529507269303203,0.00865407814689591,6.0
1675278480000.0,45786,1675278480000.0,0.09127318267419958,-0.0004947300000000001,1101.248765189979,1101.5329347380016,-6.9,0.3585,20.7,0.34527200251098555,long_nclose,7.147130451977401,0.006490023578591194,1.0
1675278720000.0,45790,1675278720000.0,0.11473318267419969,-0.000499422,1101.362998950653,1101.6007453160014,-6.9,0.3619,13.8,0.34527200251098555,long_nclose,4.764753634651601,0.004326233620696647,4.0
1675278840000.0,45792,1675278840000.0,0.04497519146264906,-0.00024377999999999997,1101.407730362116,1101.5609015360017,-3.4,0.3585,10.4,0.34527200251098555,long_nclose,3.59082882611425,0.003260217562603881,2.0
1675279560000.0,45804,1675279560000.0,0.019855994978028924,-0.00014208000000000002,1101.427444277094,1101.5049594560019,-2.0,0.3552,8.4,0.34527200251098555,long_nclose,2.9002848210922787,0.002633205515408088,12.0
1675279800000.0,45808,1675279800000.0,0.00927919648462021,-9.853199999999998e-05,1101.4366249415787,1101.4907209240018,-1.4,0.3519,7.0,0.34527200251098555,long_nclose,2.4169040175768988,0.00219431963932114,4.0
1675279920000.0,45810,1675279920000.0,0.0072907972379158805,-7.741800000000001e-05,1101.4438383208164,1101.4864835060016,-1.1,0.3519,5.9,0.34527200251098555,long_nclose,2.037104814814815,0.001849485869311722,2.0
1675280040000.0,45812,1675280040000.0,0.005965197740112993,-6.3342e-05,1101.4497401765566,1101.4958801640016,-0.9,0.3519,5.0,0.34527200251098555,long_nclose,1.7263600125549279,0.0015673525078667696,2.0
1675280100000.0,45813,1675280100000.0,0.009927997489014462,-7.104000000000001e-05,1101.4595971340457,1101.5045091240017,-1.0,0.3552,4.0,0.34527200251098555,long_nclose,1.3810880100439422,0.0012538707853084023,1.0
1675280220000.0,45815,1675280220000.0,0.013227997489014431,-7.17e-05,1101.4727534315346,1101.5124374240015,-1.0,0.3585,3.0,0.34527200251098555,long_nclose,1.0358160075329566,0.0009403918565447665,2.0
1675280280000.0,45816,1675280280000.0,0.009259598242310102,-5.018999999999999e-05,1101.481962839777,1101.5100872340017,-0.7,0.3585,2.3,0.34527200251098555,long_nclose,0.7941256057752667,0.000720961062065781,1.0
1675280340000.0,45817,1675280340000.0,0.006613998744507216,-3.585e-05,1101.4885409885217,1101.513251384002,-0.5,0.3585,1.8,0.34527200251098555,long_nclose,0.621489604519774,0.0005642270267850661,1.0
1675280460000.0,45819,1675280460000.0,0.009976798493408667,-4.3428000000000005e-05,1101.498474359015,1101.517347956002,-0.6,0.3619,1.2,0.34527200251098555,long_nclose,0.41432640301318263,0.00037614795903760813,2.0
1675280520000.0,45820,1675280520000.0,0.006651198995605779,-2.8952e-05,1101.5050966060105,1101.5184790040016,-0.4,0.3619,0.8,0.34527200251098555,long_nclose,0.2762176020087885,0.00025076379842442687,1.0
1675280580000.0,45821,1675280580000.0,0.00797119899560579,-2.9216000000000003e-05,1101.513038589006,1101.5201297880017,-0.4,0.3652,0.4,0.34527200251098555,long_nclose,0.13810880100439424,0.00012538099520029836,1.0
1675280760000.0,45824,1675280760000.0,0.003985599497802895,-1.4608000000000001e-05,1101.517009580504,1101.5211551800019,-0.2,0.3652,0.2,0.34527200251098555,long_nclose,0.06905440050219712,6.269027159961464e-05,3.0
1675280820000.0,45825,1675280820000.0,0.004645599497802889,-1.4740000000000001e-05,1101.5216404400016,1101.5216404400016,-0.2,0.3685,0.0,0.34527200251098555,long_nclose,0.0,0.0,1.0
1675366980000.0,47261,1675366980000.0,0.0,-0.011013272000000003,1101.5106271680017,1101.6774171680017,128.3,0.4292,128.3,0.4292,long_ientry_normal,55.06636000000001,0.0499916738357544,1436.0
1675375140000.0,47397,1675375140000.0,0.0,-0.01101144,1101.4996157280018,1099.2704057280018,132.0,0.4171,260.3,0.4230640030733769,long_rentry,110.12356000000001,0.09997603124647236,136.0
1675381380000.0,47501,1675381380000.0,0.0,-0.011015135999999998,1101.4886005920018,1097.8371105920019,134.2,0.4104,394.5,0.4187559949302916,long_rentry,165.19924000000003,0.14997816583050672,104.0
1675384080000.0,47546,1675384080000.0,0.0,-0.015843032,1101.4727575600018,1096.8527075600018,195.4,0.4054,589.9,0.4143319206645195,long_rentry,244.41440000000006,0.22189781664816688,45.0
1675392120000.0,47680,1675392120000.0,0.0,-0.023376,1101.4493815600017,1092.9949815600016,292.2,0.4,882.1,0.4095844008615804,long_rentry,361.29440000000005,0.32801725258431086,134.0
1675404120000.0,47880,1675404120000.0,0.4933654914408697,-0.010420200000000001,1101.9323268514427,1104.5148613600018,-126.0,0.4135,756.1,0.4095844008615804,long_nclose,309.68676549144095,0.281039731701411,200.0
1675404180000.0,47881,1675404180000.0,0.4228847069493169,-0.008931600000000001,1102.346279958392,1105.5320797600018,-108.0,0.4135,648.1,0.4095844008615804,long_nclose,265.45165019839027,0.24080604708749934,1.0
1675404600000.0,47888,1675404600000.0,0.3621929203038131,-0.00764975,1102.700823128696,1105.1541300100018,-92.5,0.4135,555.6,0.4095844008615804,long_nclose,227.56509311869408,0.20637065679612268,7.0
1675404780000.0,47891,1675404780000.0,0.3105070116766743,-0.00655811,1103.0047720303726,1105.584221900002,-79.3,0.4135,476.3,0.4095844008615804,long_nclose,195.08505013037075,0.1768669139765053,3.0
1675404900000.0,47893,1675404900000.0,0.6277070116766746,-0.0066215499999999995,1103.6258574920491,1107.1653503500017,-79.3,0.4175,397.0,0.4095844008615804,long_nclose,162.6050071420474,0.14733707627289702,2.0
1675405020000.0,47895,1675405020000.0,0.5232211030495358,-0.005519349999999999,1104.1435592450987,1107.0937310000018,-66.1,0.4175,330.9,0.4095844008615804,long_nclose,135.53147824509693,0.12274805853847448,2.0
1675405980000.0,47911,1675405980000.0,0.18481627933340516,-0.0039034399999999998,1104.3244720844323,1105.577177560002,-47.2,0.4135,283.7,0.4095844008615804,long_nclose,116.19909452443035,0.10522187768337912,16.0
1675427220000.0,48265,1675427220000.0,0.15858176510599384,-0.00334935,1104.4797044995382,1105.3103782100018,-40.5,0.4135,243.2,0.4095844008615804,long_nclose,99.61092628953634,0.09018810022830798,354.0
1675427280000.0,48266,1675427280000.0,0.13587129010316015,-0.0028696900000000003,1104.6127060996414,1105.533358520002,-34.7,0.4135,208.5,0.4095844008615804,long_nclose,85.3983475796395,0.07731066925816818,1.0
1675427940000.0,48277,1675427940000.0,0.11629329441106215,-0.00245619,1104.7265432040524,1105.516052330002,-29.7,0.4135,178.8,0.4095844008615804,long_nclose,73.23369087405058,0.06629123860973773,11.0
1675428120000.0,48280,1675428120000.0,0.09984777802969982,-0.0021088500000000002,1104.824282132082,1105.3478934800019,-25.5,0.4135,153.3,0.4095844008615804,long_nclose,62.78928865208027,0.05683192310989938,3.0
1675428180000.0,48281,1675428180000.0,0.08575162113138926,-0.0018111299999999998,1104.9082226232133,1105.4884323500016,-21.9,0.4135,131.4,0.4095844008615804,long_nclose,53.81939027321167,0.048709376191840244,1.0
1675428600000.0,48288,1675428600000.0,0.07322170388844654,-0.00154649,1104.9798978371018,1105.4211858600017,-18.7,0.4135,112.7,0.4095844008615804,long_nclose,46.16016197710011,0.04177466220648398,7.0
1675431060000.0,48329,1675431060000.0,0.0,-0.011046068000000001,1104.9688517691018,1104.3897497920018,138.7,0.3982,251.4,0.40330350826213246,long_rentry,101.3905019771001,0.09175869692142871,41.0
1675435200000.0,48398,1675435200000.0,0.13988405338944493,-0.002923696,1105.1058121264914,1106.0101560960018,-35.9,0.4072,215.5,0.40330350826213246,long_nclose,86.91190603048955,0.07864577769548599,69.0
1675435560000.0,48404,1675435560000.0,0.27989405338944545,-0.002951698,1105.3827544818807,1106.9446443980019,-35.9,0.4111,179.6,0.40330350826213246,long_nclose,72.433310083879,0.06552780906902263,6.0
1675435680000.0,48406,1675435680000.0,0.4163140533894444,-0.0029789820000000002,1105.7960895532701,1107.3331754160017,-35.9,0.4149,143.7,0.40330350826213246,long_nclose,57.95471413726843,0.05240994672054006,2.0
1675435860000.0,48409,1675435860000.0,0.33281931287679817,-0.002381526,1106.126527340147,1107.3566238900019,-28.7,0.4149,115.0,0.40330350826213246,long_nclose,46.379903450145235,0.04193001641654225,3.0
1675436100000.0,48413,1675436100000.0,0.2667193099709532,-0.00190854,1106.391338110118,1107.375415350002,-23.0,0.4149,92.0,0.40330350826213246,long_nclose,37.103922760116184,0.0335359844948671,4.0
1675436580000.0,48421,1675436580000.0,0.11928632358937369,-0.0012579660000000001,1106.5093664677077,1107.099687384002,-15.3,0.4111,76.7,0.40330350826213246,long_nclose,30.93337908370556,0.027955822174785285,8.0
1675436640000.0,48422,1675436640000.0,0.09901544507091803,-0.001044194,1106.6073377187786,1107.1639131900022,-12.7,0.4111,64.0,0.40330350826213246,long_nclose,25.811424528776477,0.023324826836938903,1.0
1675437120000.0,48430,1675437120000.0,0.08264281242139615,-0.0008715320000000001,1106.6891089992,1107.1535016580021,-10.6,0.4111,53.4,0.40330350826213246,long_nclose,21.536407341197872,0.019460214405356942,8.0
1675437360000.0,48434,1675437360000.0,0.12292281242139583,-0.000879588,1106.8111522236213,1107.354562070002,-10.6,0.4149,42.8,0.40330350826213246,long_nclose,17.261390153619267,0.015595605554696974,4.0
1675437600000.0,48438,1675437600000.0,0.16581246159518273,-0.0008962320000000001,1106.9760684532164,1107.479925838002,-10.7,0.4188,32.1,0.40330350826213246,long_nclose,12.946042615214452,0.011694961602290126,4.0
1675437840000.0,48442,1675437840000.0,0.12397193390294037,-0.0006700800000000001,1107.0993703071194,1107.465605758002,-8.0,0.4188,24.1,0.40330350826213246,long_nclose,9.719614549117393,0.008779351528689862,4.0
1675437900000.0,48443,1675437900000.0,0.09297895042720528,-0.00050256,1107.1918466975465,1107.4397531980019,-6.0,0.4188,18.1,0.40330350826213246,long_nclose,7.299793499544598,0.006593070136235112,1.0
1675438440000.0,48452,1675438440000.0,0.06973421282040396,-0.00037692000000000004,1107.2612039903668,1107.4882762780019,-4.5,0.4188,13.6,0.40330350826213246,long_nclose,5.4849277123650015,0.004953598746707937,9.0
1675438680000.0,48456,1675438680000.0,0.08728421282040402,-0.00038043,1107.3481077731872,1107.5136958480018,-4.5,0.4227,9.1,0.40330350826213246,long_nclose,3.670061925185405,0.0033142802154289917,4.0
1675438740000.0,48457,1675438740000.0,0.05818947521360268,-0.00025362000000000003,1107.4060436284008,1107.5200922280017,-3.0,0.4227,6.1,0.40330350826213246,long_nclose,2.460151400399008,0.0022215441341988306,1.0
1675438800000.0,48458,1675438800000.0,0.03879298347573512,-0.00016908000000000003,1107.4446675318766,1107.5213231480018,-2.0,0.4227,4.1,0.40330350826213246,long_nclose,1.653544383874743,0.0014931169315754076,1.0
1675439460000.0,48469,1675439460000.0,0.015496491737867546,-8.376000000000001e-05,1107.4600802636144,1107.5040893880018,-1.0,0.4188,3.1,0.40330350826213246,long_nclose,1.2502408756126107,0.0011289263585148907,11.0
1675440060000.0,48479,1675440060000.0,0.0069578950427205185,-4.9788e-05,1107.466988370657,1107.4949796000017,-0.6,0.4149,2.5,0.40330350826213246,long_nclose,1.0082587706553312,0.0009104188036690066,10.0
1675440120000.0,48480,1675440120000.0,0.005798245868933766,-4.1490000000000004e-05,1107.4727451265258,1107.4971381100015,-0.5,0.4149,2.0,0.40330350826213246,long_nclose,0.8066070165242649,0.0007283312569756398,1.0
1675440600000.0,48488,1675440600000.0,0.0023389475213602684,-2.4666e-05,1107.4750594080472,1107.4889934440016,-0.3,0.4111,1.7,0.40330350826213246,long_nclose,0.6856159640456252,0.000619080274739633,8.0
1675441860000.0,48509,1675441860000.0,0.0034789475213602592,-2.4894e-05,1107.4785134615686,1107.4948885500016,-0.3,0.4149,1.4,0.40330350826213246,long_nclose,0.5646249115669854,0.0005098292244083152,21.0
1675442760000.0,48524,1675442760000.0,0.0015592983475735123,-1.6444000000000004e-05,1107.480056315916,1107.4898921060014,-0.2,0.4111,1.2,0.40330350826213246,long_nclose,0.4839642099145589,0.0004369958692750535,15.0
1675444920000.0,48560,1675444920000.0,0.0015592983475735123,-1.6444000000000004e-05,1107.4815991702635,1107.4897956620014,-0.2,0.4111,1.0,0.40330350826213246,long_nclose,0.40330350826213246,0.0003641627170729442,36.0
1675445160000.0,48564,1675445160000.0,0.0007796491737867561,-8.222000000000002e-06,1107.4823705974375,1107.4897474400016,-0.1,0.4111,0.9,0.40330350826213246,long_nclose,0.36297315743591924,0.0003277462170708066,4.0
1675445340000.0,48567,1675445340000.0,0.0007796491737867561,-8.222000000000002e-06,1107.4831420246114,1107.4896992180018,-0.1,0.4111,0.8,0.40330350826213246,long_nclose,0.322642806609706,0.00029132976780113913,3.0
1675445460000.0,48569,1675445460000.0,0.0007796491737867561,-8.222000000000002e-06,1107.4839134517854,1107.489300996002,-0.1,0.4111,0.7,0.40330350826213246,long_nclose,0.2823124557834927,0.00025491336926383555,2.0
1675445520000.0,48570,1675445520000.0,0.0007796491737867561,-8.222000000000002e-06,1107.4846848789593,1107.4896027740022,-0.1,0.4111,0.6,0.40330350826213246,long_nclose,0.24198210495727945,0.00021849702145879018,1.0
1675445640000.0,48572,1675445640000.0,0.0007796491737867561,-8.222000000000002e-06,1107.4854563061333,1107.4895545520023,-0.1,0.4111,0.5,0.40330350826213246,long_nclose,0.20165175413106623,0.00018208072438589683,2.0
1675450020000.0,48645,1675450020000.0,0.0,-0.011032266,1107.4744240401333,1107.4362422860022,135.1,0.4083,135.6,0.4082815763578987,long_ientry_partial,55.36298175413106,0.0499903027576597,73.0
1675465080000.0,48896,1675465080000.0,0.0756255762925555,-0.0015910920000000001,1107.548458524426,1108.0972111940023,-19.3,0.4122,116.3,0.4082815763578987,long_nclose,47.48314733042362,0.042872297789737224,251.0
1675467120000.0,48930,1675467120000.0,0.06504583245888193,-0.0013685040000000002,1107.6121358528849,1108.0825626900023,-16.6,0.4122,99.7,0.4082815763578987,long_nclose,40.7056731628825,0.036750837089319414,34.0
1675468920000.0,48960,1675468920000.0,0.12978583245888217,-0.0013814520000000002,1107.7405402333438,1108.4650412380024,-16.6,0.4161,83.1,0.4082815763578987,long_nclose,33.928198995341376,0.03062829043721236,30.0
1675470480000.0,48986,1675470480000.0,0.04623739897679559,-0.0009727920000000001,1107.7858048403205,1108.0865784460022,-11.8,0.4122,71.3,0.4082815763578987,long_nclose,29.110476394318177,0.02627807313211984,26.0
1675470600000.0,48988,1675470600000.0,0.03957607878522334,-0.000832644,1107.8245482751058,1108.0827158020024,-10.1,0.4122,61.2,0.4082815763578987,long_nclose,24.9868324731034,0.022554864407011162,2.0
1675471020000.0,48995,1675471020000.0,0.03409028568628149,-0.000717228,1107.857921332792,1108.0793885740025,-8.7,0.4122,52.5,0.4082815763578987,long_nclose,21.43478275878968,0.019347952788930624,7.0
1675472160000.0,49014,1675472160000.0,0.0,-0.006782878000000001,1107.8511384547921,1107.9482656960024,82.9,0.4091,135.4,0.4087826643928337,long_ientry_partial,55.349172758789685,0.04996083935607953,19.0
1675515840000.0,49742,1675515840000.0,0.07560457721831035,-0.0015930220000000001,1107.9251500100104,1108.3567326740024,-19.3,0.4127,116.1,0.4087826643928337,long_nclose,47.45966733600799,0.04283652856474932,728.0
1675515960000.0,49744,1675515960000.0,0.0646360375182446,-0.00136191,1107.9884241375287,1108.4582707640025,-16.5,0.4127,99.6,0.4087826643928337,long_nclose,40.71475337352623,0.03674655121529728,2.0
1675517400000.0,49768,1675517400000.0,0.05562616562176201,-0.001172068,1108.0428782351505,1108.4030386960026,-14.2,0.4127,85.4,0.4087826643928337,long_nclose,34.910039539147995,0.03150603665694906,24.0
1675519680000.0,49806,1675519680000.0,0.0,-0.004134104,1108.0387441311505,1107.8915845920023,50.8,0.4069,136.2,0.40808046651356833,long_ientry_partial,55.580559539148005,0.0501612058545214,38.0
1675553880000.0,50376,1675553880000.0,0.0,-0.011081003999999998,1108.0276631271504,1107.2641335880023,139.7,0.3966,275.9,0.40226741405997823,long_rentry,110.98557953914799,0.1001649897674188,570.0
1675562460000.0,50519,1675562460000.0,0.15100388603685821,-0.0032000680000000004,1108.1754669451873,1109.5312235200024,-39.4,0.4061,236.5,0.40226741405997823,long_nclose,95.13624342518486,0.08584944014997807,143.0
1675562580000.0,50521,1675562580000.0,0.30466388603685657,-0.0032308000000000003,1108.4769000312242,1110.0009927200024,-39.4,0.41,197.1,0.40226741405997823,long_nclose,79.28690731122171,0.07152779395672414,2.0
1675562640000.0,50522,1675562640000.0,0.2536288188327131,-0.0026896,1108.727839250057,1109.9161531200027,-32.8,0.41,164.3,0.40226741405997823,long_nclose,66.09253613005443,0.059611145125353204,1.0
1675562760000.0,50524,1675562760000.0,0.21109959616259355,-0.0022386,1108.9367002462195,1110.5440645200024,-27.3,0.41,137.0,0.40226741405997823,long_nclose,55.11063572621702,0.04969682734278764,2.0
1675562760000.0,50524,1675562760000.0,0.31756959616259395,-0.002259894,1109.2520099483822,1110.5390746260027,-27.3,0.4139,109.7,0.40226741405997823,long_nclose,44.12873532237961,0.039782425388107334,0.0
1675564020000.0,50545,1675564020000.0,0.0597883406643398,-0.0012670320000000002,1109.3105312570465,1109.6617675940026,-15.6,0.4061,94.1,0.40226741405997823,long_nclose,37.85336366304395,0.03412332489095668,21.0
1675564080000.0,50546,1675564080000.0,0.05135665159629188,-0.001088348,1109.3607995606428,1109.7023692460025,-13.4,0.4061,80.7,0.40226741405997823,long_nclose,32.46298031464025,0.029262779365826753,1.0
1675564740000.0,50557,1675564740000.0,0.044074738310250494,-0.0009340300000000002,1109.403940268953,1109.6276352160025,-11.5,0.4061,69.2,0.40226741405997823,long_nclose,27.836905052950495,0.02509176688718267,11.0
1675565760000.0,50574,1675565760000.0,0.0,-0.005544584,1109.398395684953,1109.2968706320023,69.1,0.4012,138.3,0.40173409293528917,long_ientry_partial,55.559825052950494,0.050081039659920674,17.0
1675600980000.0,51161,1675600980000.0,0.0,-0.011095168,1109.3873005169528,1107.9880354640022,142.1,0.3904,280.4,0.395990246265872,long_rentry,111.03566505295049,0.10008737706048199,587.0
1675601640000.0,51172,1675601640000.0,0.0,-0.011092808000000001,1109.3762077089527,1104.9377026560023,144.4,0.3841,424.8,0.3919484582225765,long_rentry,166.4997050529505,0.15008407778710184,11.0
1675601700000.0,51173,1675601700000.0,0.0,-0.015965152,1109.3602425569527,1103.4579775040022,210.4,0.3794,635.2,0.38779197898764245,long_rentry,246.3254650529505,0.22204280954327113,1.0
1675601760000.0,51174,1675601760000.0,0.0,-0.023557248000000003,1109.3366853089526,1098.5505802560021,314.6,0.3744,949.8,0.3833561855684886,long_rentry,364.11170505295047,0.32822470389279934,1.0
1675601820000.0,51175,1675601820000.0,0.0,-0.03466848,1109.3020168289527,1086.6704117760023,470.4,0.3685,1420.2,0.3784355055998806,long_rentry,537.4541050529505,0.4844975461140106,1.0
1675601820000.0,51175,1675601820000.0,0.0,-0.050869888,1109.2511469409526,1087.2526018880021,703.4,0.3616,2123.6,0.3728590813020109,long_rentry,791.8035450529503,0.7138180990270362,0.0
1675602060000.0,51179,1675602060000.0,1.0739606411000986,-0.022832424,1110.3022751580527,1116.9298394640023,-303.3,0.3764,1820.3,0.3728590813020109,long_nclose,678.7153856940504,0.611288836274279,4.0
1675602540000.0,51187,1675602540000.0,0.9206388614771699,-0.0195728,1111.2033412195296,1116.884266664002,-260.0,0.3764,1560.3,0.3728590813020109,long_nclose,581.7720245555275,0.5235513636208483,8.0
1675602720000.0,51190,1675602720000.0,0.7892707777817738,-0.016779912,1111.9758320853114,1117.513896752002,-222.9,0.3764,1337.4,0.3728590813020109,long_nclose,498.6617353333094,0.4484465587693203,3.0
1675602840000.0,51192,1675602840000.0,0.676315471315921,-0.014378480000000003,1112.6377690766274,1115.665318272002,-191.0,0.3764,1146.4,0.3728590813020109,long_nclose,427.4456508046253,0.38417323470814796,2.0
1675602900000.0,51193,1675602900000.0,0.5796483908608181,-0.012323335999999999,1113.205094131488,1116.783024936002,-163.7,0.3764,982.7,0.3728590813020109,long_nclose,366.40861919548615,0.3291474510196656,1.0
1675603140000.0,51197,1675603140000.0,1.1689683908608168,-0.0124412,1114.3616213223488,1119.8005337360019,-163.7,0.38,819.0,0.3728590813020109,long_nclose,305.37158758634695,0.2740327571798283,4.0
1675603320000.0,51200,1675603320000.0,0.9747354022755131,-0.010374,1115.3259827246243,1120.5409097360018,-136.5,0.38,682.5,0.3728590813020109,long_nclose,254.47632298862243,0.2281631800300783,3.0
1675603500000.0,51203,1675603500000.0,0.8119224559613615,-0.008641200000000002,1116.1292639805856,1120.4754185360018,-113.7,0.38,568.8,0.3728590813020109,long_nclose,212.08224544458378,0.1900158451971857,3.0
1675603620000.0,51205,1675603620000.0,0.6769590925693674,-0.007204800000000001,1116.799018273155,1120.1838137360019,-94.8,0.38,474.0,0.3728590813020109,long_nclose,176.73520453715315,0.15825157583898047,2.0
1675603680000.0,51206,1675603680000.0,0.5641325771411394,-0.006004,1117.3571468502962,1120.375309736002,-79.0,0.38,395.0,0.3728590813020109,long_nclose,147.2793371142943,0.13181043995597838,1.0
1675603920000.0,51210,1675603920000.0,0.4698724503276832,-0.0050008,1117.822018500624,1120.337408936002,-65.8,0.38,329.2,0.3728590813020109,long_nclose,122.74520956462199,0.109807471612757,4.0
1675606500000.0,51253,1675606500000.0,0.39132234464980303,-0.0041648,1118.2091760452738,1119.894244136002,-54.8,0.38,274.4,0.3728590813020109,long_nclose,102.31253190927178,0.09149677368157223,43.0
1675606680000.0,51256,1675606680000.0,0.3263399844981022,-0.0034732,1118.532042829772,1120.1651709360021,-45.7,0.38,228.7,0.3728590813020109,long_nclose,85.27287189376989,0.07623641400387442,3.0
1675607400000.0,51268,1675607400000.0,0.272069002393385,-0.0028956000000000003,1118.8012162321654,1120.2575753360022,-38.1,0.38,190.6,0.3728590813020109,long_nclose,71.06694089616327,0.06352061462312174,12.0
1675630260000.0,51649,1675630260000.0,0.0,-0.011184736,1118.7900314961655,1117.0344106000023,154.4,0.3622,345.0,0.3680887562207631,long_rentry,126.99062089616326,0.11350710796586008,381.0
1675636080000.0,51746,1675636080000.0,0.17275319393845523,-0.0036565440000000003,1118.959128146104,1120.1160740560022,-49.2,0.3716,295.8,0.3680887562207631,long_nclose,108.88065409010173,0.09730530039153051,97.0
1675636500000.0,51753,1675636500000.0,0.14817448748379697,-0.0031363040000000003,1119.1041663295878,1119.8424577520022,-42.2,0.3716,253.6,0.3680887562207631,long_nclose,93.34730857758552,0.08341252886560496,7.0
1675636620000.0,51755,1675636620000.0,0.1271070248083756,-0.0026903840000000005,1119.228582970396,1119.9701873680021,-36.2,0.3716,217.4,0.3680887562207631,long_nclose,80.0224956023939,0.07149790205501795,2.0
1675636680000.0,51756,1675636680000.0,0.10884855715634373,-0.0023039199999999997,1119.3351276075523,1119.970983448002,-31.0,0.3716,186.4,0.3680887562207631,long_nclose,68.61174415955024,0.061296873891735895,1.0
1675636800000.0,51758,1675636800000.0,0.0933990845277014,-0.0019769120000000004,1119.42654978008,1119.971666536002,-26.6,0.3716,159.8,0.3680887562207631,long_nclose,58.820583244077945,0.052545281560128894,2.0
1675636860000.0,51759,1675636860000.0,0.0800563581666012,-0.001694496,1119.5049116422465,1120.040752040002,-22.8,0.3716,137.0,0.3680887562207631,long_nclose,50.42815960224454,0.04504505436092233,1.0
1675637220000.0,51765,1675637220000.0,0.06846925369511944,-0.00144924,1119.5719316559416,1120.031502800002,-19.5,0.3716,117.5,0.3680887562207631,long_nclose,43.25042885593966,0.03863121933752717,6.0
1675638120000.0,51780,1675638120000.0,0.05863777111325613,-0.001241144,1119.629328283055,1120.023581656002,-16.7,0.3716,100.8,0.3680887562207631,long_nclose,37.10334662705292,0.03313895562556465,15.0
1675639200000.0,51798,1675639200000.0,0.05056191042101128,-0.001070208,1119.678819985476,1119.973551448002,-14.4,0.3716,86.4,0.3680887562207631,long_nclose,31.802868537473934,0.028403563566457807,18.0
1675640520000.0,51820,1675640520000.0,0.04318829848461381,-0.0009141360000000001,1119.7210941479607,1120.0109173120022,-12.3,0.3716,74.1,0.3680887562207631,long_nclose,27.275376835958543,0.024359081005536864,22.0
1675640820000.0,51825,1675640820000.0,0.03686805968198739,-0.00078036,1119.7571818476429,1120.0059369520022,-10.5,0.3716,63.6,0.3680887562207631,long_nclose,23.410444895640534,0.020906715558646732,5.0
1675641300000.0,51833,1675641300000.0,0.03160119401313205,-0.00066888,1119.788114161656,1120.0289680720023,-9.0,0.3716,54.6,0.3680887562207631,long_nclose,20.097646089653665,0.017947722283782257,8.0
1675641600000.0,51838,1675641600000.0,0.027387701478047775,-0.000579696,1119.8149221671342,1120.0213683760026,-7.8,0.3716,46.8,0.3680887562207631,long_nclose,17.22655379113171,0.015383393675263615,5.0
1675642740000.0,51857,1675642740000.0,0.055467701478047714,-0.0005853119999999999,1119.869804556612,1120.2173430640023,-7.8,0.3752,39.0,0.3680887562207631,long_nclose,14.355461492609761,0.01281886647376254,19.0
1675645200000.0,51898,1675645200000.0,0.08276770147804774,-0.0005907719999999999,1119.9519814860903,1120.3080122920026,-7.8,0.3787,31.2,0.3680887562207631,long_nclose,11.484369194087808,0.010254340707401518,41.0
1675647420000.0,51935,1675647420000.0,0.03697846765203181,-0.000390208,1119.9885697457423,1120.1942620840025,-5.2,0.3752,26.0,0.3680887562207631,long_nclose,9.57030766173984,0.00854500476189009,37.0
1675650900000.0,51993,1675650900000.0,0.0,-0.009270198,1119.9792995477424,1120.1184018860026,124.7,0.3717,150.7,0.37107695860477663,long_ientry_partial,55.921297661739835,0.04993065290074679,58.0
1675699320000.0,52800,1675699320000.0,0.07574538999730221,-0.0016107800000000002,1120.0534341577397,1120.6248911060027,-21.5,0.3746,129.2,0.37107695860477663,long_nclose,47.94314305173714,0.04280433556974854,807.0
1675699500000.0,52803,1675699500000.0,0.0648239616721098,-0.001378528,1120.1168795914118,1120.6069525780026,-18.4,0.3746,110.8,0.37107695860477663,long_nclose,41.11532701340925,0.03670628285541684,3.0
1675701120000.0,52830,1675701120000.0,0.055664054044529065,-0.0011837360000000001,1120.1713599094562,1120.5440488420024,-15.8,0.3746,95.0,0.37107695860477663,long_nclose,35.25231106745378,0.031470462760539816,27.0
1675701960000.0,52844,1675701960000.0,0.0,-0.004185594,1120.1671743154561,1120.1158932480023,56.7,0.3691,151.7,0.3703380426331825,long_ientry_partial,56.18028106745378,0.05015347919098418,14.0
1675703820000.0,52875,1675703820000.0,0.07693827912325855,-0.0016152480000000001,1120.2424973465793,1120.6538680000021,-21.6,0.3739,130.1,0.3703380426331825,long_nclose,48.18097934657704,0.04300941935402301,31.0
1675704180000.0,52881,1675704180000.0,0.06589621128612422,-0.0013834300000000002,1120.3070101278654,1120.7156845700022,-18.5,0.3739,111.6,0.3703380426331825,long_nclose,41.32972555786316,0.03689142813910093,6.0
1675705560000.0,52904,1675705560000.0,0.13321240702280585,-0.0014043000000000003,1120.438818234888,1121.151380270002,-18.6,0.3775,93.0,0.3703380426331825,long_nclose,34.44143796488597,0.030739240201570463,23.0
1675705800000.0,52908,1675705800000.0,0.11101033918567152,-0.00117025,1120.5486583240736,1121.103710020002,-15.5,0.3775,77.5,0.3703380426331825,long_nclose,28.701198304071642,0.02561352252832824,4.0
1675705860000.0,52909,1675705860000.0,0.09238925003194598,-0.00097395,1120.6400736241058,1121.1027360700023,-12.9,0.3775,64.6,0.3703380426331825,long_nclose,23.923837554103585,0.02134836877351248,1.0
1675705920000.0,52910,1675705920000.0,0.07663294382494742,-0.00080785,1120.7158987179307,1121.1019282200023,-10.7,0.3775,53.9,0.3703380426331825,long_nclose,19.961220497928537,0.01781113350918252,1.0
1675705980000.0,52911,1675705980000.0,0.06374142056467591,-0.00067195,1120.7789681884954,1121.123756270002,-8.9,0.3775,45.0,0.3703380426331825,long_nclose,16.665211918493213,0.014869311783597296,1.0
1675706640000.0,52922,1675706640000.0,0.05371468025113138,-0.00056625,1120.8321166187466,1121.1006900200023,-7.5,0.3775,37.5,0.3703380426331825,long_nclose,13.887676598744344,0.012390505583155293,11.0
1675706760000.0,52924,1675706760000.0,0.04440413567426861,-0.00046810000000000005,1120.8760526544208,1121.1158719200023,-6.2,0.3775,31.3,0.3703380426331825,long_nclose,11.591580734418612,0.010341536610553701,2.0
1675706940000.0,52927,1675706940000.0,0.03724217830745109,-0.00039260000000000006,1120.9129022327284,1121.1128793200023,-5.2,0.3775,26.1,0.3703380426331825,long_nclose,9.665822912726064,0.008623170358261437,3.0
1675707600000.0,52938,1675707600000.0,0.030796416677315322,-0.00032465,1120.9433739994056,1121.0995046700023,-4.3,0.3775,21.8,0.3703380426331825,long_nclose,8.073369329403379,0.007202298989108133,11.0
1675707660000.0,52939,1675707660000.0,0.025783046520543064,-0.0002718,1120.968885245926,1121.1174328700022,-3.6,0.3775,18.2,0.3703380426331825,long_nclose,6.740152375923921,0.006012791670346157,1.0
1675708680000.0,52956,1675708680000.0,0.009261089153725565,-0.00019442800000000002,1120.9779519070798,1121.0350784420023,-2.6,0.3739,15.6,0.3703380426331825,long_nclose,5.777273465077647,0.005153779746737193,17.0
1675709040000.0,52962,1675709040000.0,0.007836306206998557,-0.00016451600000000002,1120.9856236972869,1121.0346939260023,-2.2,0.3739,13.4,0.3703380426331825,long_nclose,4.962529771284645,0.004426934357032161,6.0
1675709400000.0,52968,1675709400000.0,0.0067677189969532975,-0.000142082,1120.992249334284,1121.0343618440024,-1.9,0.3739,11.5,0.3703380426331825,long_nclose,4.258887490281599,0.0037992122539748114,6.0
1675712400000.0,53018,1675712400000.0,0.005699131786908041,-0.000119648,1120.997828818071,1121.0340821960024,-1.6,0.3739,9.9,0.3703380426331825,long_nclose,3.666346622068507,0.0032706099225313714,50.0
1675713780000.0,53041,1675713780000.0,0.004986740313544535,-0.000104692,1121.0027108663846,1121.0338375040026,-1.4,0.3739,8.5,0.3703380426331825,long_nclose,3.147873362382051,0.002808087198958839,23.0
1675714800000.0,53058,1675714800000.0,0.0042743488401810305,-8.973600000000001e-05,1121.0068954792248,1121.0336277680026,-1.2,0.3739,7.3,0.3703380426331825,long_nclose,2.703467711222232,0.0024116423566391296,17.0
1675717620000.0,53105,1675717620000.0,0.0,-0.010671162,1120.9962243172247,1120.8824466060025,143.7,0.3713,151.0,0.3712534947763062,long_ientry_partial,56.05927771122224,0.050008444716543775,47.0
1675724940000.0,53227,1675724940000.0,0.0,-0.011206448000000003,1120.9850178692247,1119.4678001580025,155.3,0.3608,306.3,0.3659533715678166,long_rentry,112.09151771122222,0.09999376969755266,122.0
1675746720000.0,53590,1675746720000.0,0.15498766248641443,-0.00322943,1121.1367761017113,1122.0681207280027,-43.7,0.3695,262.6,0.3659533715678166,long_nclose,96.09935537370865,0.08571599596246797,363.0
1675747440000.0,53602,1675747440000.0,0.13299856620687736,-0.00277125,1121.2670034179182,1122.0653494780026,-37.5,0.3695,225.1,0.3659533715678166,long_nclose,82.37610393991551,0.07346698305471522,12.0
1675747680000.0,53606,1675747680000.0,0.11384677267308703,-0.00237219,1121.3784780005913,1122.1594772880026,-32.1,0.3695,193.0,0.3659533715678166,long_nclose,70.6290007125886,0.06298408797582734,4.0
1675749360000.0,53634,1675749360000.0,0.22619677267308713,-0.0023946600000000003,1121.6022801132644,1122.8165326280027,-32.1,0.373,160.9,0.3659533715678166,long_nclose,58.881897485261696,0.05249801870883816,28.0
1675749600000.0,53638,1675749600000.0,0.1888496419825151,-0.00199928,1121.7891304752468,1122.8681833480025,-26.8,0.373,134.1,0.3659533715678166,long_nclose,49.0743471272442,0.043746499046976695,4.0
1675750140000.0,53647,1675750140000.0,0.1571398140376898,-0.00166358,1121.9446067092845,1122.8442197680026,-22.3,0.373,111.8,0.3659533715678166,long_nclose,40.91358694128189,0.03646667286122381,9.0
1675752180000.0,53681,1675752180000.0,0.23518981403768988,-0.0016791900000000003,1122.1781173333222,1123.1220405780027,-22.3,0.3765,89.5,0.3659533715678166,long_nclose,32.75282675531959,0.02918683429075544,34.0
1675752240000.0,53682,1675752240000.0,0.18878464893608288,-0.00134787,1122.3655541122582,1123.1922927080025,-17.9,0.3765,71.6,0.3659533715678166,long_nclose,26.202261404255665,0.023345568035523418,1.0
1675752360000.0,53684,1675752360000.0,0.2514346489360829,-0.0013603999999999999,1122.6156283611942,1123.3430823080025,-17.9,0.38,53.7,0.3659533715678166,long_nclose,19.651696053191753,0.017505275676483766,2.0
1675752660000.0,53689,1675752660000.0,0.18822482099125765,-0.0010184000000000003,1122.8028347821855,1123.4293639080024,-13.4,0.38,40.3,0.3659533715678166,long_nclose,14.747920874183007,0.013134915959705411,5.0
1675754100000.0,53713,1675754100000.0,0.14046628432183406,-0.00076,1122.9425410665074,1123.3833039080025,-10.0,0.38,30.3,0.3659533715678166,long_nclose,11.088387158504844,0.009874402966311811,24.0
1675754400000.0,53718,1675754400000.0,0.17722094716505243,-0.00077467,1123.1189873436724,1123.4734292380026,-10.1,0.3835,20.2,0.3659533715678166,long_nclose,7.392258105669895,0.006581901106625916,5.0
1675754460000.0,53719,1675754460000.0,0.11756241049562884,-0.00051389,1123.236035864168,1123.4864153480023,-6.7,0.3835,13.5,0.3659533715678166,long_nclose,4.940370516165524,0.004398336910874323,1.0
1675754640000.0,53722,1675754640000.0,0.14101241049562888,-0.00051858,1123.3765296946635,1123.5230467680024,-6.7,0.387,6.8,0.3659533715678166,long_nclose,2.488482926661153,0.0022151815182906917,3.0
1675755540000.0,53737,1675755540000.0,0.023879268334711788,-0.00012920000000000002,1123.4002797629983,1123.4744675680024,-1.7,0.38,5.1,0.3659533715678166,long_nclose,1.8663621949958644,0.0016613510149646816,15.0
1675755780000.0,53741,1675755780000.0,0.016855954118620085,-9.12e-05,1123.417044517117,1123.4757263680024,-1.2,0.38,3.9,0.3659533715678166,long_nclose,1.4272181491144846,0.0012704259349456033,4.0
1675758360000.0,53784,1675758360000.0,0.007382639902528381,-5.271e-05,1123.4243744470193,1123.4597236580023,-0.7,0.3765,3.2,0.3659533715678166,long_nclose,1.1710507890170132,0.0010423939658541208,43.0
1675758600000.0,53788,1675758600000.0,0.0063279770593100415,-4.518e-05,1123.4306572440787,1123.4606784780024,-0.6,0.3765,2.6,0.3659533715678166,long_nclose,0.9514787660763232,0.0008469403607076418,4.0
1675758780000.0,53791,1675758780000.0,0.005273314216091701,-3.765e-05,1123.4358929082948,1123.4590908280024,-0.5,0.3765,2.1,0.3659533715678166,long_nclose,0.7685020802924148,0.0006840640263886843,3.0
1675759980000.0,53811,1675759980000.0,0.004218651372873361,-3.0120000000000003e-05,1123.4400814396677,1123.4588607080025,-0.4,0.3765,1.7,0.3659533715678166,long_nclose,0.6221207316652883,0.0005537640519893612,20.0
1675760580000.0,53821,1675760580000.0,0.005618651372873363,-3.0400000000000007e-05,1123.4456696910406,1123.4645803080025,-0.4,0.38,1.3,0.3659533715678166,long_nclose,0.4757393830381616,0.0004234645215811771,10.0
1675762440000.0,53852,1675762440000.0,0.007018651372873364,-3.0680000000000004e-05,1123.4526576624135,1123.4697996280024,-0.4,0.3835,0.9,0.3659533715678166,long_nclose,0.32935803441103495,0.0002931659221816571,31.0
1675762560000.0,53854,1675762560000.0,0.008418651372873365,-3.096000000000001e-05,1123.4610453537864,1123.4715686680024,-0.4,0.387,0.5,0.3659533715678166,long_nclose,0.1829766857839083,0.00016286874079046287,2.0
1675762620000.0,53855,1675762620000.0,0.0042093256864366825,-1.5480000000000004e-05,1123.4652391994728,1123.4718531880023,-0.2,0.387,0.3,0.3659533715678166,long_nclose,0.10978601147034497,9.772087968522568e-05,1.0
1675762860000.0,53859,1675762860000.0,0.0021046628432183413,-7.740000000000002e-06,1123.467336122316,1123.4714454480024,-0.1,0.387,0.2,0.3659533715678166,long_nclose,0.07319067431356333,6.514713152781398e-05,4.0
1675762920000.0,53860,1675762920000.0,0.0021046628432183413,-7.740000000000002e-06,1123.4694330451593,1123.4716377080026,-0.1,0.387,0.1,0.3659533715678166,long_nclose,0.03659533715678166,3.2573504966299035e-05,1.0
1675763160000.0,53864,1675763160000.0,0.0021046628432183413,-7.740000000000002e-06,1123.4715299680026,1123.4715299680026,-0.1,0.387,0.0,0.3659533715678166,long_nclose,0.0,0.0,4.0
1675782720000.0,54190,1675782720000.0,0.0,-0.011232556,1123.4602974120025,1123.4897174120026,147.1,0.3818,147.1,0.3818,long_ientry_normal,56.16277999999999,0.04999088986889549,326.0
1675791960000.0,54344,1675791960000.0,0.07770000000000077,-0.0016191,1123.5363783120026,1124.1920983120026,-21.0,0.3855,126.1,0.3818,long_nclose,48.14498,0.042851287176239775,154.0
1675792260000.0,54349,1675792260000.0,0.1533000000000006,-0.0016342199999999998,1123.6880440920027,1124.4447640920027,-21.0,0.3891,105.1,0.3818,long_nclose,40.127179999999996,0.03571024913095414,5.0
1675792320000.0,54350,1675792320000.0,0.1277500000000005,-0.0013618500000000002,1123.8144322420028,1124.576552242003,-17.5,0.3891,87.6,0.3818,long_nclose,33.445679999999996,0.0297608564549897,1.0
1675792440000.0,54352,1675792440000.0,0.19250000000000017,-0.0013748,1124.005557442003,1124.720577442003,-17.5,0.3928,70.1,0.3818,long_nclose,26.764179999999996,0.023811430310815868,2.0
1675792560000.0,54354,1675792560000.0,0.15400000000000014,-0.0010998400000000001,1124.158457602003,1124.8148276020029,-14.0,0.3928,56.1,0.3818,long_nclose,21.418979999999998,0.019053345954172567,2.0
1675792800000.0,54358,1675792800000.0,0.1232000000000001,-0.000879872,1124.280777730003,1124.828557730003,-11.2,0.3928,44.9,0.3818,long_nclose,17.142819999999997,0.015247810279752787,4.0
1675792980000.0,54361,1675792980000.0,0.09790000000000008,-0.000699184,1124.3779785460029,1124.7811785460028,-8.9,0.3928,36.0,0.3818,long_nclose,13.7448,0.012224358945355887,3.0
1675793340000.0,54367,1675793340000.0,0.04380000000000017,-0.00046692,1124.4213116260028,1124.6073116260027,-6.0,0.3891,30.0,0.3818,long_nclose,11.453999999999999,0.010186573201317753,6.0
1675793400000.0,54368,1675793400000.0,0.03650000000000014,-0.0003891,1124.4574225260028,1124.649922526003,-5.0,0.3891,25.0,0.3818,long_nclose,9.545,0.008488538390860481,1.0
1675793520000.0,54370,1675793520000.0,0.029930000000000116,-0.00031906199999999995,1124.4870334640027,1124.6479634640027,-4.1,0.3891,20.9,0.3818,long_nclose,7.979619999999999,0.007096231225911636,2.0
1675793700000.0,54373,1675793700000.0,0.024820000000000095,-0.000264588,1124.5115888760029,1124.620088876003,-3.4,0.3891,17.5,0.3818,long_nclose,6.6815,0.005941690655832585,3.0
1675794420000.0,54385,1675794420000.0,0.0,-0.009909079999999999,1124.501679796003,1123.989979796003,129.7,0.382,147.2,0.38197622282608695,long_ientry_partial,56.22689999999999,0.050001614946631454,12.0
1675796940000.0,54427,1675796940000.0,0.07609932065217395,-0.0016195200000000002,1124.576159596655,1124.957760276003,-21.0,0.3856,126.2,0.38197622282608695,long_nclose,48.20539932065218,0.042865393249970477,42.0
1675797300000.0,54433,1675797300000.0,0.06522798913043482,-0.00138816,1124.6399994257854,1124.9671721160028,-18.0,0.3856,108.2,0.38197622282608695,long_nclose,41.32982730978261,0.036749384097030734,6.0
1675797540000.0,54437,1675797540000.0,0.0558061684782609,-0.0011876480000000001,1124.6946179462636,1125.0680244680027,-15.4,0.3856,92.8,0.38197622282608695,long_nclose,35.44739347826087,0.03151734960996719,4.0
1675797780000.0,54441,1675797780000.0,0.047833858695652196,-0.001017984,1124.7414338209592,1125.0617264840027,-13.2,0.3856,79.6,0.38197622282608695,long_nclose,30.40530733695652,0.027033153063156876,4.0
1675797900000.0,54443,1675797900000.0,0.040948682065217415,-0.000871456,1124.7815110470244,1125.0563350280026,-11.3,0.3856,68.3,0.38197622282608695,long_nclose,26.08897601902174,0.02319470560530135,2.0
1675798020000.0,54445,1675798020000.0,0.03515063858695654,-0.000748064,1124.8159136216113,1124.9931069640027,-9.7,0.3856,58.6,0.38197622282608695,long_nclose,22.383806657608694,0.019899973308111125,2.0
1675798140000.0,54447,1675798140000.0,0.03007735054347828,-0.000640096,1124.8453508761547,1125.0225968680027,-8.3,0.3856,50.3,0.38197622282608695,long_nclose,19.21340400815217,0.017080929385703228,2.0
1675798200000.0,54448,1675798200000.0,0.02572881793478262,-0.000547552,1124.8705321420896,1125.0443593160026,-7.1,0.3856,43.2,0.38197622282608695,long_nclose,16.501372826086957,0.014669575168498202,1.0
1675799400000.0,54468,1675799400000.0,0.022105040760869575,-0.000470432,1124.8921667508505,1125.0414488840026,-6.1,0.3856,37.1,0.38197622282608695,long_nclose,14.171317866847826,0.012597934527164855,20.0
1675801800000.0,54508,1675801800000.0,0.04467504076086946,-0.00047494599999999996,1124.9363668456115,1125.1231039380027,-6.1,0.3893,31.0,0.38197622282608695,long_nclose,11.841262907608696,0.0105261624182462,40.0
1675801980000.0,54511,1675801980000.0,0.03735126358695643,-0.000397086,1124.9733210231984,1125.1422868520028,-5.1,0.3893,25.9,0.38197622282608695,long_nclose,9.893184171195651,0.008794150035662616,3.0
1675803000000.0,54528,1675803000000.0,0.031492241847826015,-0.000334798,1125.0044784670463,1125.1669920540028,-4.3,0.3893,21.6,0.38197622282608695,long_nclose,8.250686413043478,0.007333914282977815,17.0
1675803180000.0,54531,1675803180000.0,0.026365597826086894,-0.00028029600000000003,1125.0305637688723,1125.1839917580028,-3.6,0.3893,18.0,0.38197622282608695,long_nclose,6.875572010869565,0.006111453530503453,3.0
1675803420000.0,54535,1675803420000.0,0.02197133152173908,-0.00023358,1125.052301520394,1125.1651581780027,-3.0,0.3893,15.0,0.38197622282608695,long_nclose,5.729643342391304,0.00509277953980297,4.0
1675804860000.0,54559,1675804860000.0,0.03307133152173919,-0.0002358,1125.0851370519158,1125.2174223780028,-3.0,0.393,12.0,0.38197622282608695,long_nclose,4.583714673913043,0.004074104725908874,24.0
1675805220000.0,54565,1675805220000.0,0.02645706521739135,-0.00018864,1125.111405477133,1125.2124337380026,-2.4,0.393,9.6,0.38197622282608695,long_nclose,3.6669717391304344,0.003259207684927306,6.0
1675807620000.0,54605,1675807620000.0,0.011718043478260843,-0.000124576,1125.1229989446115,1125.1871891620028,-1.6,0.3893,8.0,0.38197622282608695,long_nclose,3.0558097826086956,0.002715978417893073,40.0
1675809000000.0,54628,1675809000000.0,0.017638043478260902,-0.00012576000000000002,1125.1405112280897,1125.2110634020028,-1.6,0.393,6.4,0.38197622282608695,long_nclose,2.444647826086957,0.0021727489159719493,23.0
1675809060000.0,54629,1675809060000.0,0.013228532608695675,-9.432e-05,1125.1536454406985,1125.2109690820027,-1.2,0.393,5.2,0.38197622282608695,long_nclose,1.9862763586956522,0.001765337886736056,1.0
1675809180000.0,54631,1675809180000.0,0.011023777173913063,-7.860000000000001e-05,1125.1645906178724,1125.2129904820029,-1.0,0.393,4.2,0.38197622282608695,long_nclose,1.6043001358695652,0.0014258359614646072,2.0
1675810320000.0,54650,1675810320000.0,0.008819021739130451,-6.288000000000001e-05,1125.1733467596114,1125.2125276020026,-0.8,0.393,3.4,0.38197622282608695,long_nclose,1.2987191576086956,0.0011542391768778377,19.0
1675810440000.0,54652,1675810440000.0,0.0066142663043478375,-4.716e-05,1125.1799138659158,1125.2107804420027,-0.6,0.393,2.8,0.38197622282608695,long_nclose,1.0695334239130434,0.0009505443624907229,2.0
1675811100000.0,54663,1675811100000.0,0.0055118885869565315,-3.9300000000000007e-05,1125.1853864545026,1125.2118911420025,-0.5,0.393,2.3,0.38197622282608695,long_nclose,0.8785453124999999,0.0007808005001454258,11.0
1675811280000.0,54666,1675811280000.0,0.0044095108695652255,-3.1440000000000004e-05,1125.1897645253723,1125.2116597020026,-0.4,0.393,1.9,0.38197622282608695,long_nclose,0.7257548233695652,0.0006450065991097095,3.0
1675811760000.0,54674,1675811760000.0,0.0033071331521739187,-2.358e-05,1125.1930480785245,1125.2114861220027,-0.3,0.393,1.6,0.38197622282608695,long_nclose,0.6111619565217392,0.0005431618668151314,8.0
1675813140000.0,54697,1675813140000.0,0.0033071331521739187,-2.358e-05,1125.1963316316767,1125.2113125420028,-0.3,0.393,1.3,0.38197622282608695,long_nclose,0.49656908967391306,0.0004413177289280931,23.0
1675814040000.0,54712,1675814040000.0,0.0022047554347826128,-1.5720000000000002e-05,1125.1985206671116,1125.2111968220029,-0.2,0.393,1.1,0.38197622282608695,long_nclose,0.4201738451086957,0.00037342196722724234,15.0
1675814280000.0,54716,1675814280000.0,0.0022047554347826128,-1.5720000000000002e-05,1125.2007097025464,1125.210631102003,-0.2,0.393,0.9,0.38197622282608695,long_nclose,0.34377860054347825,0.00030552646970366575,4.0
1675814400000.0,54718,1675814400000.0,0.0011023777173913064,-7.860000000000001e-06,1125.2018042202637,1125.2114232420029,-0.1,0.393,0.8,0.38197622282608695,long_nclose,0.3055809782608696,0.0002715788200078736,2.0
1675814820000.0,54725,1675814820000.0,0.0011023777173913064,-7.860000000000001e-06,1125.202898737981,1125.2109653820028,-0.1,0.393,0.7,0.38197622282608695,long_nclose,0.26738335597826085,0.00023763123635582166,7.0
1675816620000.0,54755,1675816620000.0,0.0014723777173913045,-7.934e-06,1125.2043631816985,1125.2133774480028,-0.1,0.3967,0.6,0.38197622282608695,long_nclose,0.22918573369565215,0.00020368365178356773,30.0
1675817340000.0,54767,1675817340000.0,0.0014723777173913045,-7.934e-06,1125.2058276254158,1125.2130895140028,-0.1,0.3967,0.5,0.38197622282608695,long_nclose,0.19098811141304348,0.00016973615557617247,12.0
1675818480000.0,54786,1675818480000.0,0.0014723777173913045,-7.934e-06,1125.2072920691332,1125.213501580003,-0.1,0.3967,0.4,0.38197622282608695,long_nclose,0.1527904891304348,0.0001357887477332908,19.0
1675818900000.0,54793,1675818900000.0,0.0014723777173913045,-7.934e-06,1125.2087565128506,1125.2132636460028,-0.1,0.3967,0.3,0.38197622282608695,long_nclose,0.11459286684782607,0.0001018414282545777,7.0
1675819260000.0,54799,1675819260000.0,0.0014723777173913045,-7.934e-06,1125.210220956568,1125.213225712003,-0.1,0.3967,0.2,0.38197622282608695,long_nclose,0.0763952445652174,6.789419713968825e-05,6.0
1675819920000.0,54810,1675819920000.0,0.0014723777173913045,-7.934e-06,1125.2116854002854,1125.2131877780027,-0.1,0.3967,0.1,0.38197622282608695,long_nclose,0.0381976222826087,3.394705438827734e-05,11.0
1675822680000.0,54856,1675822680000.0,0.0014723777173913045,-7.934e-06,1125.2131498440028,1125.2131498440028,-0.1,0.3967,0.0,0.38197622282608695,long_nclose,0.0,0.0,46.0
1675833600000.0,55038,1675833600000.0,0.0,-0.011254584,1125.2018952600029,1125.2593752600028,143.7,0.3916,143.7,0.3916,long_ientry_normal,56.27292,0.050011398165123865,182.0
1675863000000.0,55528,1675863000000.0,0.0,-0.011250536000000002,1125.1906447240028,1124.3095447240028,147.8,0.3806,291.5,0.386022641509434,long_rentry,112.52560000000001,0.10000580837356796,490.0
1675868940000.0,55627,1675868940000.0,0.0,-0.011254464000000002,1125.1793902600027,1122.7191702600028,150.3,0.3744,441.8,0.38206862833861477,long_rentry,168.79792,0.1500186738765227,99.0
1675872600000.0,55688,1675872600000.0,0.0,-0.016186824000000002,1125.1632034360027,1119.5228634360028,218.8,0.3699,660.6,0.37803820768997876,long_rentry,249.73203999999998,0.22195183706450128,61.0
1675873200000.0,55698,1675873200000.0,0.0,-0.023879056000000003,1125.1393243800028,1116.0651043800028,327.2,0.3649,987.8,0.37368629277181614,long_rentry,369.12731999999994,0.3280725435522432,10.0
1675873560000.0,55704,1675873560000.0,0.0,-0.035144128000000004,1125.1041802520028,1114.1917202520028,489.2,0.3592,1477.0,0.368888259986459,long_rentry,544.84796,0.4842644526287014,6.0
1675876320000.0,55750,1675876320000.0,0.7409771428571483,-0.01571528,1125.82944211486,1132.3009049720029,-211.0,0.3724,1266.0,0.368888259986459,long_nclose,467.0125371428571,0.4148164186091798,46.0
1675876500000.0,55753,1675876500000.0,0.6349225944482105,-0.013465984,1126.4508987253082,1129.2851589880029,-180.8,0.3724,1085.2,0.368888259986459,long_nclose,400.31753973730537,0.3553794845299557,3.0
1675876620000.0,55755,1675876620000.0,0.544319702098853,-0.011544400000000002,1126.983674027407,1130.3433145880028,-155.0,0.3724,930.2,0.368888259986459,long_nclose,343.1398594394042,0.3044763356803156,2.0
1675876800000.0,55758,1675876800000.0,0.46635907379824315,-0.009890944000000002,1127.4401421572052,1129.9214436440027,-132.8,0.3724,797.4,0.368888259986459,long_nclose,294.1514985132024,0.26090209804875586,3.0
1675876860000.0,55759,1675876860000.0,0.39998718754231843,-0.008483272000000002,1127.8316460727476,1130.3002703720028,-113.9,0.3724,683.5,0.368888259986459,long_nclose,252.13512570074474,0.22355741353659575,1.0
1675877280000.0,55766,1675877280000.0,0.3427458253216003,-0.007269248000000001,1128.1671226500691,1130.576191124003,-97.6,0.3724,585.9,0.368888259986459,long_nclose,216.13163152606634,0.1915776724802725,7.0
1675879200000.0,55798,1675879200000.0,0.29393263913338064,-0.0062339760000000004,1128.4548213132025,1130.0175371480027,-83.7,0.3724,502.2,0.368888259986459,long_nclose,185.2556841651997,0.16416756848946282,32.0
1675879260000.0,55799,1675879260000.0,0.2517917589708888,-0.005340216,1128.7012728561735,1130.2561269320029,-71.7,0.3724,430.5,0.368888259986459,long_nclose,158.8063959241706,0.14069834042298165,1.0
1675879380000.0,55801,1675879380000.0,0.2159720108327707,-0.00458052,1128.9126643470063,1130.0608964120029,-61.5,0.3724,369.0,0.368888259986459,long_nclose,136.11976793500338,0.12057599514461886,2.0
1675892820000.0,56025,1675892820000.0,0.18506869871361004,-0.003925096000000001,1129.0938079497198,1130.0780513160028,-52.7,0.3724,316.3,0.368888259986459,long_nclose,116.67935663371699,0.10333893943284551,224.0
1675893240000.0,56032,1675893240000.0,0.1583794746106985,-0.003359048,1129.2488283763305,1130.2283322680028,-45.1,0.3724,271.2,0.368888259986459,long_nclose,100.04249610832768,0.088592074301438,7.0
1675893720000.0,56040,1675893720000.0,0.13590433852403622,-0.0028823760000000003,1129.3818503388547,1130.221579892003,-38.7,0.3724,232.5,0.368888259986459,long_nclose,85.76652044685173,0.07594111807367784,8.0
1675895400000.0,56068,1675895400000.0,0.11658976844956079,-0.0024727360000000006,1129.4959673713042,1130.016487156003,-33.2,0.3724,199.3,0.368888259986459,long_nclose,73.51943021530128,0.06509047605225572,28.0
1675895580000.0,56071,1675895580000.0,0.09973341638456402,-0.002115232,1129.5935855556888,1130.210831924003,-28.4,0.3724,170.9,0.368888259986459,long_nclose,63.04300363168585,0.055810341381031005,3.0
1675897500000.0,56103,1675897500000.0,0.08568645633040008,-0.0018173120000000002,1129.6774547000193,1130.2065746120031,-24.4,0.3724,146.5,0.368888259986459,long_nclose,54.04213008801624,0.04783854883814326,32.0
1675898640000.0,56122,1675898640000.0,0.07339536628300662,-0.001556632,1129.7492934343022,1130.265727980003,-20.9,0.3724,125.6,0.368888259986459,long_nclose,46.33236545429925,0.04101119223846064,19.0
1675902300000.0,56183,1675902300000.0,0.06286014624238366,-0.001333192,1129.8108203885447,1130.1998047880031,-17.9,0.3724,107.7,0.368888259986459,long_nclose,39.72926560054164,0.03516452921461546,61.0
1675904280000.0,56216,1675904280000.0,0.1273001462423835,-0.00134608,1129.936774454787,1130.575408708003,-17.9,0.376,89.8,0.368888259986459,long_nclose,33.12616574678402,0.029316831256127527,33.0
1675904400000.0,56218,1675904400000.0,0.1059649262017606,-0.00112048,1130.0416189009886,1130.6117382280029,-14.9,0.376,74.9,0.368888259986459,long_nclose,27.629730672985783,0.024450188569034137,2.0
1675905600000.0,56238,1675905600000.0,0.08818557616790815,-0.0009324800000000001,1130.1288719971565,1130.6046057480028,-12.4,0.376,62.5,0.368888259986459,long_nclose,23.05551624915369,0.020400785096667897,20.0
1675906020000.0,56245,1675906020000.0,0.07396209614082619,-0.0007820800000000001,1130.2020520132974,1130.5725736680029,-10.4,0.376,52.1,0.368888259986459,long_nclose,19.219078345294516,0.017004993320493808,7.0
1675906200000.0,56248,1675906200000.0,0.061160964116452415,-0.00064672,1130.2625662574137,1130.5936769480027,-8.6,0.376,43.5,0.368888259986459,long_nclose,16.046639309410967,0.014197266890423048,3.0
1675906560000.0,56254,1675906560000.0,0.05120452809749505,-0.0005414400000000001,1130.3132293455112,1130.5895355080027,-7.2,0.376,36.3,0.368888259986459,long_nclose,13.390643837508462,0.011846843414601179,6.0
1675906920000.0,56260,1675906920000.0,0.042670440081245875,-0.00045120000000000007,1130.3554485855925,1130.586084308003,-6.0,0.376,30.3,0.368888259986459,long_nclose,11.177314277589709,0.009888318131766268,6.0
1675908720000.0,56290,1675908720000.0,0.0,-0.009054611999999998,1130.3463939735925,1130.4011696960029,121.8,0.3717,152.1,0.37113987033260815,long_ientry_partial,56.450374277589695,0.04994077441972934,30.0
1675911660000.0,56339,1675911660000.0,0.0,-0.011304338,1130.3350896355926,1128.067825358003,156.7,0.3607,308.8,0.36584217706473343,long_rentry,112.9720642775897,0.09994564029150915,49.0
1675911900000.0,56343,1675911900000.0,0.0,-0.011300016,1130.3237896195926,1125.821645342003,159.2,0.3549,468.0,0.36211996640510613,long_rentry,169.47214427758968,0.14993238736895476,4.0
1675911900000.0,56343,1675911900000.0,0.0,-0.016253816,1130.3075358035926,1126.2458115260029,231.8,0.3506,699.8,0.3583041215741493,long_rentry,250.74122427758968,0.22183451524042536,0.0
1675916400000.0,56418,1675916400000.0,0.34923825474248454,-0.007228764000000001,1130.649545294335,1133.1666527620027,-99.9,0.3618,599.9,0.3583041215741493,long_nclose,214.94664253233216,0.19010898949804683,75.0
1675917360000.0,56434,1675917360000.0,0.29959678109540466,-0.006201252000000001,1130.9429408234305,1132.586261510003,-85.7,0.3618,514.2,0.3583041215741493,long_nclose,184.2399793134276,0.16290828888262388,16.0
1675917420000.0,56435,1675917420000.0,0.2565974764574411,-0.005311224000000001,1131.194227075888,1133.0437702860029,-73.4,0.3618,440.8,0.3583041215741493,long_nclose,157.94045678988502,0.1396227570911121,1.0
1675918800000.0,56458,1675918800000.0,0.21989075298600877,-0.004551444,1131.4095663848739,1132.8062388420028,-62.9,0.3618,377.9,0.3583041215741493,long_nclose,135.403127542871,0.11967649166651173,23.0
1675919400000.0,56468,1675919400000.0,0.1884278471533525,-0.0039002040000000004,1131.5940940280273,1132.791558638003,-53.9,0.3618,324.0,0.3583041215741493,long_nclose,116.09053539002437,0.10259026271230172,10.0
1675920060000.0,56479,1675920060000.0,0.16150958327430215,-0.0033430320000000006,1131.7522605793015,1132.7789756060029,-46.2,0.3618,277.8,0.3583041215741493,long_nclose,99.53688497329868,0.08794935821232598,11.0
1675921560000.0,56504,1675921560000.0,0.31927917111688786,-0.0033817520000000005,1132.0681579984184,1133.8497538540028,-46.3,0.3652,231.5,0.3583041215741493,long_nclose,82.94740414441557,0.07327068035468184,25.0
1675921860000.0,56509,1675921860000.0,0.26549131939525233,-0.0028120400000000005,1132.3308372778138,1133.623141814003,-38.5,0.3652,193.0,0.3583041215741493,long_nclose,69.15269546381082,0.061071105005015794,5.0
1675922400000.0,56518,1675922400000.0,0.2213576974698078,-0.0023445840000000007,1132.5498503912836,1133.546767230003,-32.1,0.3652,160.9,0.3583041215741493,long_nclose,57.651133161280626,0.05090383716121881,9.0
1675923600000.0,56538,1675923600000.0,0.18480954181279904,-0.0019574720000000005,1132.7327024610966,1133.697669758003,-26.8,0.3652,134.1,0.3583041215741493,long_nclose,48.04858270309342,0.04241828862069394,20.0
1675923780000.0,56541,1675923780000.0,0.15377808889647085,-0.0016287920000000004,1132.884851757993,1133.633450966003,-22.3,0.3652,111.8,0.3583041215741493,long_nclose,40.05840079198989,0.035359640240425046,3.0
1675923840000.0,56542,1675923840000.0,0.1282633387208232,-0.0013585440000000002,1133.011756552714,1133.6824124220032,-18.6,0.3652,93.2,0.3583041215741493,long_nclose,33.393944130710715,0.02947360778701421,1.0
1675924200000.0,56548,1675924200000.0,0.0,-0.004539178,1133.007217374714,1133.5971332440033,62.3,0.3643,155.5,0.36070632881485987,long_ientry_partial,56.089834130710706,0.04950527522735135,6.0
1675924620000.0,56555,1675924620000.0,0.07755950031011148,-0.0016170480000000003,1133.083159827024,1133.5888561960032,-22.2,0.3642,133.3,0.36070632881485987,long_nclose,48.08215363102082,0.04243479678787303,7.0
1675928460000.0,56619,1675928460000.0,0.15303950031011057,-0.001632144,1133.234567183334,1134.0448940520032,-22.2,0.3676,111.1,0.36070632881485987,long_nclose,40.074473131330926,0.03536291099109025,64.0
1675928640000.0,56622,1675928640000.0,0.12753291692509214,-0.00136012,1133.360739980259,1133.989833932003,-18.5,0.3676,92.6,0.36070632881485987,long_nclose,33.40140604825602,0.029471116185688425,3.0
1675928700000.0,56623,1675928700000.0,0.10616253625115778,-0.001132208,1133.4657703085102,1133.990241724003,-15.4,0.3676,77.2,0.36070632881485987,long_nclose,27.846528584507183,0.024567595523354736,1.0
1675929600000.0,56638,1675929600000.0,0.08823899116979349,-0.0009410560000000001,1133.55306824368,1134.022780668003,-12.8,0.3676,64.4,0.36070632881485987,long_nclose,23.229487575676977,0.020492633495905577,15.0
1675929780000.0,56641,1675929780000.0,0.13303899116979354,-0.0009500159999999999,1133.6851572188498,1134.216310652003,-12.8,0.3711,51.6,0.36070632881485987,long_nclose,18.61244656684677,0.0164176503929069,3.0
1675929960000.0,56644,1675929960000.0,0.10705481320694323,-0.000764466,1133.7914475660568,1134.2372261860032,-10.3,0.3711,41.3,0.36070632881485987,long_nclose,14.897171380053711,0.013139251854504552,3.0
1675930080000.0,56646,1675930080000.0,0.08522810371814897,-0.000608604,1133.876067065775,1134.2167875820032,-8.2,0.3711,33.1,0.36070632881485987,long_nclose,11.939379483771862,0.010529704110139993,2.0
1675930140000.0,56647,1675930140000.0,0.06859822982192477,-0.0004898519999999999,1133.9441754435968,1134.216957730003,-6.6,0.3711,26.5,0.36070632881485987,long_nclose,9.558717713593786,0.008429619306307062,1.0
1675931100000.0,56663,1675931100000.0,0.055086457281242625,-0.000393366,1133.998868534878,1134.217094364003,-5.3,0.3711,21.2,0.36070632881485987,long_nclose,7.646974170875029,0.006743370194676551,16.0
1675931160000.0,56664,1675931160000.0,0.0436534189775885,-0.000311724,1134.0422102298555,1134.2597026400028,-4.2,0.3711,17.0,0.36070632881485987,long_nclose,6.132007589852618,0.0054072128308255306,1.0
1675931220000.0,56665,1675931220000.0,0.058353418977588514,-0.00031466400000000004,1134.1002489848331,1134.296007976003,-4.2,0.3746,12.8,0.36070632881485987,long_nclose,4.617041008830206,0.0040711048365989315,1.0
1675931280000.0,56666,1675931280000.0,0.07263341897758857,-0.00031752000000000006,1134.1725648838108,1134.325590456003,-4.2,0.378,8.6,0.36070632881485987,long_nclose,3.1020744278077945,0.002735099158500262,1.0
1675931340000.0,56667,1675931340000.0,0.08941278609610259,-0.00032809,1134.2616495799068,1134.353212366003,-4.3,0.3815,4.3,0.36070632881485987,long_nclose,1.5510372139038973,0.0013674421721640243,1.0
1675931460000.0,56669,1675931460000.0,0.02421113965919619,-0.00010584,1134.285754879566,1134.334456526003,-1.4,0.378,2.9,0.36070632881485987,long_nclose,1.0460483535630936,0.000922208842933198,2.0
1675931820000.0,56675,1675931820000.0,0.015564304066626122,-6.804e-05,1134.3012511436325,1134.3358384860028,-0.9,0.378,2.0,0.36070632881485987,long_nclose,0.7214126576297197,0.000635997409773085,6.0
1675931880000.0,56676,1675931880000.0,0.010376202711084082,-4.536e-05,1134.3115819863435,1134.3385931260027,-0.6,0.378,1.4,0.36070632881485987,long_nclose,0.5049888603408038,0.0004451941321594331,1.0
1675931940000.0,56677,1675931940000.0,0.014555569829598096,-5.3410000000000005e-05,1134.3260841461731,1134.3416897160027,-0.7,0.3815,0.7,0.36070632881485987,long_nclose,0.2524944301704019,0.00022259422021530858,1.0
1675932120000.0,56680,1675932120000.0,0.017005569829598097,-5.3899999999999996e-05,1134.3430358160026,1134.3430358160026,-0.7,0.385,0.0,0.36070632881485987,long_nclose,0.0,0.0,3.0
1675957320000.0,57100,1675957320000.0,0.0,-0.011341288,1134.3316945280026,1134.5939545280025,145.7,0.3892,145.7,0.3892,long_ientry_normal,56.70643999999999,0.049991056649083265,420.0
1675957680000.0,57106,1675957680000.0,0.07696000000000076,-0.0016344640000000002,1134.4070200640026,1134.8816400640026,-20.8,0.3929,124.9,0.3892,long_nclose,48.61108,0.042851533127199255,6.0
1675959780000.0,57141,1675959780000.0,0.0,-0.011344432000000002,1134.3956756320026,1133.0742356320027,149.9,0.3784,274.8,0.38330873362445417,long_rentry,105.33324,0.09285405636028717,35.0
1675960200000.0,57148,1675960200000.0,0.0,-0.011342950000000001,1134.3843326820027,1131.0782926820027,152.5,0.3719,427.3,0.3792370465714955,long_rentry,162.04799000000003,0.14285104733143938,7.0
1675960560000.0,57154,1675960560000.0,0.0,-0.015539904000000002,1134.3687927780027,1130.0559327780027,211.6,0.3672,638.9,0.37525044607919866,long_rentry,239.74751,0.21134882370386127,6.0
1675962420000.0,57185,1675962420000.0,0.3328393175770833,-0.006911136000000001,1134.6947209595796,1137.2960516420026,-91.2,0.3789,547.7,0.37525044607919866,long_nclose,205.52466931757712,0.18112772142252556,31.0
1675963140000.0,57197,1675963140000.0,0.2853951166066657,-0.005925996000000001,1134.9741900801862,1136.7346056460024,-78.2,0.3789,469.5,0.37525044607919866,long_nclose,176.18008443418378,0.15522827388853364,12.0
1675969620000.0,57305,1675969620000.0,0.0,-0.016888800000000002,1134.9573012801861,1129.8612168460024,232.5,0.3632,702.0,0.3712593795358743,long_rentry,260.62408443418377,0.2296333828067455,108.0
1675970340000.0,57317,1675970340000.0,0.0,-0.024916182000000002,1134.9323850981862,1127.6193906640024,347.7,0.3583,1049.7,0.36696674710315685,long_rentry,385.2049944341838,0.3394078797045329,12.0
1675970640000.0,57322,1675970640000.0,0.0,-0.036663348000000005,1134.895721750186,1119.6579873160022,519.9,0.3526,1569.6,0.3622080367190264,long_rentry,568.5217344341838,0.5009462310400067,5.0
1675971060000.0,57329,1675971060000.0,0.0,-0.053764983999999995,1134.841956766186,1100.1693023320024,777.4,0.3458,2347.0,0.35677318041507616,long_rentry,837.3466544341837,0.7378530987876615,7.0
1675971120000.0,57330,1675971120000.0,0.0,-0.059501250000000006,1134.782455516186,1089.5483010820024,881.5,0.3375,3228.5,0.3515108887824636,long_rentry,1134.8529044341838,1.0000620814303705,1.0
1676011680000.0,58006,1676011680000.0,-0.4325147742125307,-0.0022686200000000003,1134.3476721219736,1094.3753824620023,-33.5,0.3386,3195.0,0.3515108887824636,unstuck_close_long,1123.0772896599713,0.9900644372629431,676.0
1676021040000.0,58162,1676021040000.0,1.5467903596836028,-0.032395272,1135.8620672096572,1156.3717471900022,-456.4,0.3549,2738.6,0.3515108887824636,long_nclose,962.6477200196548,0.8475040656868502,156.0
1676021040000.0,58162,1676021040000.0,3.098550359683609,-0.032705624,1138.9279119453408,1156.0195615660023,-456.4,0.3583,2282.2,0.3515108887824636,long_nclose,802.2181503793385,0.7043625342442554,0.0
1676021160000.0,58164,1676021160000.0,4.604670359683595,-0.033006848,1143.4995754570243,1163.5634947180022,-456.4,0.3616,1825.8,0.3515108887824636,long_nclose,641.7885807390221,0.5612495137853615,2.0
1676021220000.0,58165,1676021220000.0,6.156430359683601,-0.0333172,1149.6226886167078,1168.779377518002,-456.4,0.365,1369.4,0.3515108887824636,long_nclose,481.3590110987057,0.41871043070479463,1.0
1676021640000.0,58172,1676021640000.0,2.762398651361456,-0.019801216,1152.3652860520695,1162.7615563020022,-273.8,0.3616,1095.6,0.3515108887824636,long_nclose,385.11532975006713,0.33419553193019885,7.0
1676022120000.0,58180,1676022120000.0,2.2105242677622168,-0.015845312,1154.5599650078316,1165.5066709900022,-219.1,0.3616,876.5,0.3515108887824636,long_nclose,308.0992940178294,0.2668543023798157,8.0
1676022180000.0,58181,1676022180000.0,2.95546426776222,-0.0159943,1157.4994349755937,1167.024576690002,-219.1,0.365,657.4,0.3515108887824636,long_nclose,231.08325828559157,0.19964006141434018,1.0
1676022240000.0,58182,1676022240000.0,3.700404267762223,-0.016143288000000002,1161.183695955356,1168.4108734020022,-219.1,0.3684,438.3,0.3515108887824636,long_nclose,154.06722255335382,0.13268117963591977,1.0
1676022300000.0,58183,1676022300000.0,2.4674991488820663,-0.010764648,1163.640430456238,1169.042948754002,-146.1,0.3684,292.2,0.3515108887824636,long_nclose,102.71148170223586,0.08826737110016446,1.0
1676022360000.0,58184,1676022360000.0,2.9642391488820685,-0.010863996,1166.5938056091202,1170.3908147580023,-146.1,0.3718,146.1,0.3515108887824636,long_nclose,51.35574085111793,0.044021955717742964,1.0
1676022360000.0,58184,1676022360000.0,3.4463691488820642,-0.010960422000000001,1170.0292143360023,1170.0292143360023,-146.1,0.3751,0.0,0.3515108887824636,long_nclose,0.0,0.0,0.0
1676046060000.0,58579,1676046060000.0,0.0,-0.011700432000000002,1170.0175139040023,1170.1101539040023,154.4,0.3789,154.4,0.3789,long_ientry_normal,58.50216,0.050001097679978825,395.0
1676047860000.0,58609,1676047860000.0,0.07919999999999983,-0.0016830000000000003,1170.0950309040022,1170.3068709040022,-22.0,0.3825,132.4,0.3789,long_nclose,50.166360000000005,0.04287374843498142,30.0
1676048100000.0,58613,1676048100000.0,0.06803999999999985,-0.00144585,1170.1616250540023,1170.5702250540023,-18.9,0.3825,113.5,0.3789,long_nclose,43.00515,0.03675146157524636,4.0
1676048160000.0,58614,1676048160000.0,0.05831999999999987,-0.0012393,1170.2187057540025,1170.6662857540025,-16.2,0.3825,97.3,0.3789,long_nclose,36.86697,0.031504341725802146,1.0
1676048400000.0,58618,1676048400000.0,0.05003999999999989,-0.00106335,1170.2676824040025,1170.7764224040025,-13.9,0.3825,83.4,0.3789,long_nclose,31.600260000000002,0.027002591351651877,4.0
1676048580000.0,58621,1676048580000.0,0.10146999999999963,-0.001073636,1170.3680787680025,1170.7920287680026,-13.9,0.3862,69.5,0.3789,long_nclose,26.333550000000002,0.022500229182361355,3.0
1676048820000.0,58625,1676048820000.0,0.08394999999999969,-0.0008882600000000001,1170.4511405080025,1170.8629405080026,-11.5,0.3862,58.0,0.3789,long_nclose,21.976200000000002,0.018775837144694336,4.0
1676049360000.0,58634,1676049360000.0,0.02951999999999993,-0.0006273,1170.4800332080026,1170.6344132080026,-8.2,0.3825,49.8,0.3789,long_nclose,18.86922,0.01612092429144992,9.0
1676049540000.0,58637,1676049540000.0,0.0,-0.007934166000000001,1170.4720990420026,1170.4102990420026,104.7,0.3789,154.5,0.3789,long_ientry_partial,58.54005,0.050014049927301414,3.0
1676051220000.0,58665,1676051220000.0,0.07919999999999983,-0.0016830000000000003,1170.5496160420025,1171.2253660420026,-22.0,0.3825,132.5,0.3789,long_nclose,50.20425,0.04288946774401277,28.0
1676051700000.0,58673,1676051700000.0,0.1605999999999994,-0.00169928,1170.7085167620025,1171.4378167620025,-22.0,0.3862,110.5,0.3789,long_nclose,41.86845,0.035763342796720755,8.0
1676051760000.0,58674,1676051760000.0,0.1343199999999995,-0.0014212159999999999,1170.8414155460025,1171.5413755460024,-18.4,0.3862,92.1,0.3789,long_nclose,34.89669,0.029804796393990304,1.0
1676052360000.0,58684,1676052360000.0,0.047159999999999896,-0.00100215,1170.8875733960026,1171.2509733960026,-13.1,0.3825,79.0,0.3789,long_nclose,29.9331,0.02556445271101738,10.0
1676052900000.0,58693,1676052900000.0,0.04031999999999991,-0.0008568,1170.9270365960026,1171.1711165960025,-11.2,0.3825,67.8,0.3789,long_nclose,25.68942,0.021939385800401032,9.0
1676052960000.0,58694,1676052960000.0,0.034559999999999924,-0.0007344,1170.9608621960026,1171.2576821960026,-9.6,0.3825,58.2,0.3789,long_nclose,22.05198,0.01883238006660961,1.0
1676053500000.0,58703,1676053500000.0,0.029879999999999938,-0.0006349500000000001,1170.9901072460027,1171.1946972460028,-8.3,0.3825,49.9,0.3789,long_nclose,18.90711,0.016146259377431253,9.0
1676053800000.0,58708,1676053800000.0,0.025559999999999944,-0.0005431500000000001,1171.0151240960026,1171.1692040960027,-7.1,0.3825,42.8,0.3789,long_nclose,16.21692,0.013848599959389163,5.0
1676053860000.0,58709,1676053860000.0,0.021959999999999952,-0.00046665000000000004,1171.0366174460028,1171.2054374460029,-6.1,0.3825,36.7,0.3789,long_nclose,13.905630000000002,0.011874632947283734,1.0
1676053980000.0,58711,1676053980000.0,0.01871999999999996,-0.0003978,1171.0549396460028,1171.1998396460028,-5.2,0.3825,31.5,0.3789,long_nclose,11.93535,0.0101919641819776,2.0
1676054220000.0,58715,1676054220000.0,0.016199999999999964,-0.00034425,1171.070795396003,1171.181495396003,-4.5,0.3825,27.0,0.3789,long_nclose,10.2303,0.008735851017905862,4.0
1676054340000.0,58717,1676054340000.0,0.01367999999999997,-0.0002907,1171.084184696003,1171.190904696003,-3.8,0.3825,23.2,0.3789,long_nclose,8.79048,0.00750627505253338,2.0
1676055000000.0,58728,1676055000000.0,0.011879999999999974,-0.00025245,1171.0958122460029,1171.217202246003,-3.3,0.3825,19.9,0.3789,long_nclose,7.540109999999999,0.0064385082084266795,11.0
1676056800000.0,58758,1676056800000.0,0.010079999999999978,-0.0002142,1171.1056780460028,1171.158688046003,-2.8,0.3825,17.1,0.3789,long_nclose,6.479190000000001,0.005532540847048552,30.0
1676056860000.0,58759,1676056860000.0,0.008639999999999981,-0.0001836,1171.114134446003,1171.167054446003,-2.4,0.3825,14.7,0.3789,long_nclose,5.56983,0.0047560095435401906,1.0
1676056920000.0,58760,1676056920000.0,0.007559999999999983,-0.00016065,1171.121533796003,1171.185793796003,-2.1,0.3825,12.6,0.3789,long_nclose,4.77414,0.004076553852208139,1.0
1676057340000.0,58767,1676057340000.0,0.015329999999999944,-0.000162204,1171.136701592003,1171.2217515920029,-2.1,0.3862,10.5,0.3789,long_nclose,3.97845,0.0033970842127924363,7.0
1676057460000.0,58769,1676057460000.0,0.022889999999999928,-0.000163716,1171.1594278760028,1171.2694678760029,-2.1,0.3898,8.4,0.3789,long_nclose,3.1827600000000005,0.0027176146340487616,2.0
1676057820000.0,58775,1676057820000.0,0.030660000000000007,-0.00016527000000000002,1171.1899226060027,1171.2882026060026,-2.1,0.3935,6.3,0.3789,long_nclose,2.38707,0.0020381579058403737,6.0
1676058060000.0,58779,1676058060000.0,0.021900000000000003,-0.00011805000000000001,1171.2117045560026,1171.2889845560026,-1.5,0.3935,4.8,0.3789,long_nclose,1.81872,0.0015528533337954154,4.0
1676058180000.0,58781,1676058180000.0,0.029119999999999993,-0.00012707200000000002,1171.2406974840026,1171.2970174840025,-1.6,0.3971,3.2,0.3789,long_nclose,1.2124800000000002,0.0010352099296110405,2.0
1676058240000.0,58782,1676058240000.0,0.018199999999999994,-7.942000000000001e-05,1171.2588180640025,1171.3041380640025,-1.0,0.3971,2.2,0.3789,long_nclose,0.8335800000000001,0.0007116958157701143,1.0
1676058300000.0,58783,1676058300000.0,0.023979999999999987,-8.815400000000001e-05,1171.2827099100025,1171.3075699100025,-1.1,0.4007,1.1,0.3789,long_nclose,0.41679000000000005,0.000355840649292966,1.0
1676058840000.0,58792,1676058840000.0,0.0029200000000000007,-1.5740000000000002e-05,1171.2856141700024,1171.2983041700024,-0.2,0.3935,0.9,0.3789,long_nclose,0.34101000000000004,0.0002911416275198145,9.0
1676058960000.0,58794,1676058960000.0,0.0029200000000000007,-1.5740000000000002e-05,1171.2885184300023,1171.2983884300024,-0.2,0.3935,0.7,0.3789,long_nclose,0.26522999999999997,0.00022644292659464879,2.0
1676059740000.0,58807,1676059740000.0,0.0010899999999999966,-7.796000000000001e-06,1171.2896006340022,1171.2959606340023,-0.1,0.3898,0.6,0.3789,long_nclose,0.22734,0.0001940937577495302,13.0
1676059800000.0,58808,1676059800000.0,0.0010899999999999966,-7.796000000000001e-06,1171.290682838002,1171.295482838002,-0.1,0.3898,0.5,0.3789,long_nclose,0.18945,0.00016174464868188684,1.0
1676059980000.0,58811,1676059980000.0,0.0010899999999999966,-7.796000000000001e-06,1171.291765042002,1171.296205042002,-0.1,0.3898,0.4,0.3789,long_nclose,0.15156000000000003,0.0001293955993915531,3.0
1676060280000.0,58816,1676060280000.0,0.0010899999999999966,-7.796000000000001e-06,1171.2928472460019,1171.296327246002,-0.1,0.3898,0.3,0.3789,long_nclose,0.11367,9.704660987836319e-05,5.0
1676060400000.0,58818,1676060400000.0,0.0010899999999999966,-7.796000000000001e-06,1171.2939294500018,1171.2960494500019,-0.1,0.3898,0.2,0.3789,long_nclose,0.07578000000000001,6.469768014215152e-05,2.0
1676060460000.0,58819,1676060460000.0,0.0010899999999999966,-7.796000000000001e-06,1171.2950116540017,1171.2960216540016,-0.1,0.3898,0.1,0.3789,long_nclose,0.03789000000000001,3.234881018275236e-05,1.0
1676061360000.0,58834,1676061360000.0,0.0010899999999999966,-7.796000000000001e-06,1171.2960938580015,1171.2960938580015,-0.1,0.3898,0.0,0.3789,long_nclose,0.0,0.0,15.0
1676064480000.0,58886,1676064480000.0,0.0,-0.011710620000000001,1171.2843832380015,1171.3302832380016,153.0,0.3827,153.0,0.3827,long_ientry_normal,58.5531,0.049990506864038144,52.0
1676067360000.0,58934,1676067360000.0,0.0806600000000008,-0.001684704,1171.3633585340017,1171.9275185340016,-21.8,0.3864,131.2,0.3827,long_nclose,50.21023999999999,0.04286478626311113,48.0
1676067720000.0,58940,1676067720000.0,0.16132000000000038,-0.001700836,1171.5229776980016,1172.6497976980015,-21.8,0.3901,109.4,0.3827,long_nclose,41.86738,0.03573756622534866,6.0
1676067780000.0,58941,1676067780000.0,0.2398000000000002,-0.0017165320000000002,1171.7610611660016,1172.7947411660016,-21.8,0.3937,87.6,0.3827,long_nclose,33.524519999999995,0.028610372123682157,1.0
1676067840000.0,58942,1676067840000.0,0.32192999999999977,-0.0017406119999999999,1172.0812505540016,1172.8565105540015,-21.9,0.3974,65.7,0.3827,long_nclose,25.14339,0.021451917252422223,1.0
1676068320000.0,58950,1676068320000.0,0.03441000000000034,-0.0007187040000000001,1172.1149418500015,1172.3292618500016,-9.3,0.3864,56.4,0.3827,long_nclose,21.58428,0.018414815159622965,8.0
1676068560000.0,58954,1676068560000.0,0.029600000000000293,-0.00061824,1172.1439236100016,1172.3278436100015,-8.0,0.3864,48.4,0.3827,long_nclose,18.522679999999998,0.015802393909916224,4.0
1676068800000.0,58958,1676068800000.0,0.05920000000000014,-0.00062416,1172.2024994500016,1172.4974194500016,-8.0,0.3901,40.4,0.3827,long_nclose,15.461079999999999,0.013189768838792231,4.0
1676068860000.0,58959,1676068860000.0,0.04958000000000012,-0.000522734,1172.2515567160017,1172.5144167160017,-6.7,0.3901,33.7,0.3827,long_nclose,12.89699,0.011001896244975105,1.0
1676068920000.0,58960,1676068920000.0,0.07370000000000007,-0.000527558,1172.3247291580017,1172.6163291580017,-6.7,0.3937,27.0,0.3827,long_nclose,10.3329,0.008814025451311084,1.0
1676068980000.0,58961,1676068980000.0,0.05940000000000006,-0.0004251960000000001,1172.3837039620018,1172.6385839620018,-5.4,0.3937,21.6,0.3827,long_nclose,8.26632,0.007050865661186229,1.0
1676069100000.0,58963,1676069100000.0,0.04730000000000004,-0.000338582,1172.4306653800018,1172.5742553800017,-4.3,0.3937,17.3,0.3827,long_nclose,6.62071,0.0056469949102313285,2.0
1676069520000.0,58970,1676069520000.0,0.020720000000000047,-0.00021845599999999998,1172.4511669240017,1172.5642669240017,-2.8,0.3901,14.5,0.3827,long_nclose,5.54915,0.004732947654066087,7.0
1676070360000.0,58984,1676070360000.0,0.017760000000000043,-0.000187248,1172.4687396760016,1172.5570696760017,-2.4,0.3901,12.1,0.3827,long_nclose,4.630669999999999,0.003949504019424546,14.0
1676070420000.0,58985,1676070420000.0,0.014800000000000035,-0.00015604,1172.4833836360015,1172.5621636360015,-2.0,0.3901,10.1,0.3827,long_nclose,3.8652699999999998,0.0032966522630055255,1.0
1676071440000.0,59002,1676071440000.0,0.01184000000000003,-0.00012483200000000001,1172.4950988040014,1172.5783988040014,-1.6,0.3901,8.5,0.3827,long_nclose,3.25295,0.002774382599396925,17.0
1676071620000.0,59005,1676071620000.0,0.010360000000000024,-0.00010922799999999999,1172.5053495760014,1172.5607295760014,-1.4,0.3901,7.1,0.3827,long_nclose,2.71717,0.0023174052050019016,3.0
1676071920000.0,59010,1676071920000.0,0.00814000000000002,-8.582200000000002e-05,1172.5134037540013,1172.5542037540013,-1.1,0.3901,6.0,0.3827,long_nclose,2.2962,0.0019583571434222623,5.0
1676072220000.0,59015,1676072220000.0,0.007400000000000018,-7.802e-05,1172.5207257340012,1172.5597257340012,-1.0,0.3901,5.0,0.3827,long_nclose,1.9135,0.0016319540951415966,5.0
1676072520000.0,59020,1676072520000.0,0.005920000000000015,-6.241600000000001e-05,1172.5265833180013,1172.5593433180013,-0.8,0.3901,4.2,0.3827,long_nclose,1.60734,0.0013708345916146048,5.0
1676072700000.0,59023,1676072700000.0,0.005180000000000012,-5.4613999999999996e-05,1172.5317087040014,1172.5537587040014,-0.7,0.3901,3.5,0.3827,long_nclose,1.33945,0.001142357166170366,3.0
1676073000000.0,59028,1676073000000.0,0.0018500000000000183,-3.864e-05,1172.5335200640016,1172.5419200640015,-0.5,0.3864,3.0,0.3827,long_nclose,1.1481,0.000979161772652207,5.0
1676073060000.0,59029,1676073060000.0,0.0014800000000000147,-3.0912000000000005e-05,1172.5349691520014,1172.5448491520015,-0.4,0.3864,2.6,0.3827,long_nclose,0.99502,0.0008486058208733993,1.0
1676073180000.0,59031,1676073180000.0,0.001110000000000011,-2.3184e-05,1172.5360559680014,1172.5436459680013,-0.3,0.3864,2.3,0.3827,long_nclose,0.8802099999999999,0.0007506890688093441,2.0
1676073240000.0,59032,1676073240000.0,0.001110000000000011,-2.3184e-05,1172.5371427840014,1172.5427427840013,-0.3,0.3864,2.0,0.3827,long_nclose,0.7654,0.0006527724982619147,1.0
1676073420000.0,59035,1676073420000.0,0.0,-0.011569092,1172.5255736920014,1172.5131136920015,150.6,0.3841,152.6,0.38408165137614675,long_ientry_partial,58.61085999999999,0.04998685002276621,3.0
1676076300000.0,59083,1676076300000.0,0.0,-0.01172162,1172.5138520720016,1170.3112920720016,157.0,0.3733,309.6,0.37861421188630484,long_rentry,117.21895999999998,0.09997234556577488,48.0
1676077560000.0,59104,1676077560000.0,0.16291183462532485,-0.0033795319999999998,1172.6733843746267,1173.8373725400015,-44.2,0.3823,265.4,0.37861421188630484,long_nclose,100.4842118346253,0.08568814912450015,21.0
1676077740000.0,59107,1676077740000.0,0.1396913695090455,-0.0028978339999999997,1172.810177910136,1173.8079447060015,-37.9,0.3823,227.5,0.37861421188630484,long_nclose,86.13473320413435,0.0734430301053665,3.0
1676077980000.0,59111,1676077980000.0,0.2761313695090473,-0.002925122,1173.083384157645,1174.8629295840017,-37.9,0.3859,189.6,0.37861421188630484,long_nclose,71.7852545736434,0.06119365046261411,4.0
1676078220000.0,59115,1676078220000.0,0.2302309043927677,-0.0024388880000000006,1173.3111761740379,1174.8731306960017,-31.6,0.3859,158.0,0.37861421188630484,long_nclose,59.82104547803616,0.050984808372065545,4.0
1676078340000.0,59117,1676078340000.0,0.19161622739018322,-0.0020298340000000003,1173.500762567428,1174.4734708620017,-26.3,0.3859,131.7,0.37861421188630484,long_nclose,49.86349170542634,0.04249123076523032,2.0
1676079060000.0,59129,1676079060000.0,0.15955875968992442,-0.001690242,1173.6586310851178,1174.4695906200016,-21.9,0.3859,109.8,0.37861421188630484,long_nclose,41.57184046511627,0.035420725723867945,12.0
1676079360000.0,59134,1676079360000.0,0.0,-0.0033303599999999997,1173.6553007251177,1174.0689102600015,43.5,0.3828,153.3,0.37980195998118893,long_ientry_partial,58.22364046511627,0.04960880799425866,5.0
1676081160000.0,59164,1676081160000.0,0.0809870764119626,-0.0016797300000000002,1173.7346080715297,1174.2862305300014,-21.9,0.3835,131.4,0.37980195998118893,long_nclose,49.90597754152823,0.04251896229210178,30.0
1676081340000.0,59167,1676081340000.0,0.15982707641196242,-0.001695498,1173.8927396499419,1174.6809250320016,-21.9,0.3871,109.5,0.37980195998118893,long_nclose,41.588314617940185,0.035427695574931264,3.0
1676081580000.0,59171,1676081580000.0,0.13282432834236146,-0.001409044,1174.0241549342843,1174.7269859880018,-18.2,0.3871,91.3,0.37980195998118893,long_nclose,34.67591894628255,0.029535950176615852,4.0
1676081760000.0,59174,1676081760000.0,0.11093020828592826,-0.001176784,1174.1339083585701,1174.7958292040016,-15.2,0.3871,76.1,0.37980195998118893,long_nclose,28.902929154568476,0.02461638229575921,3.0
1676081880000.0,59176,1676081880000.0,0.16565020828592814,-0.0011877279999999999,1174.298370838856,1175.0107814760017,-15.2,0.3907,60.9,0.37980195998118893,long_nclose,23.129939362854405,0.019696816360506072,2.0
1676082120000.0,59180,1676082120000.0,0.22189020828592784,-0.0011989759999999998,1174.519062071142,1175.1907625000015,-15.2,0.3944,45.7,0.37980195998118893,long_nclose,17.356949571140333,0.014777920709548266,4.0
1676082300000.0,59183,1676082300000.0,0.1664176562144459,-0.000899232,1174.6845804953564,1175.1715732680016,-11.4,0.3944,34.3,0.37980195998118893,long_nclose,13.02720722735478,0.011089961887353025,3.0
1676082360000.0,59184,1676082360000.0,0.12408334015989386,-0.00067048,1174.8079933555161,1175.1872027880015,-8.5,0.3944,25.8,0.37980195998118893,long_nclose,9.798890567514675,0.008340844310674835,1.0
1676082660000.0,59189,1676082660000.0,0.09342745612039068,-0.0005048320000000001,1174.9009159796367,1175.2151579560016,-6.4,0.3944,19.4,0.37980195998118893,long_nclose,7.368158023635065,0.006271301625032327,5.0
1676082900000.0,59193,1676082900000.0,0.070070592090293,-0.00037862399999999993,1174.970607947727,1175.2070993320017,-4.8,0.3944,14.6,0.37980195998118893,long_nclose,5.545108615725359,0.004719359427561147,4.0
1676083020000.0,59195,1676083020000.0,0.08735059209029324,-0.00038208000000000003,1175.0575764598175,1175.2408172520018,-4.8,0.398,9.8,0.37980195998118893,long_nclose,3.7220592078156516,0.0031675547499803148,2.0
1676083320000.0,59200,1676083320000.0,0.0350352960451465,-0.00018931199999999997,1175.0924224438627,1175.208587940002,-2.4,0.3944,7.4,0.37980195998118893,long_nclose,2.810534503860798,0.0023917561292886858,5.0
1676083440000.0,59202,1676083440000.0,0.02627647203385988,-0.000141984,1175.1185569318966,1175.2120659560019,-1.8,0.3944,5.6,0.37980195998118893,long_nclose,2.126890975894658,0.001809937357680516,2.0
1676083680000.0,59206,1676083680000.0,0.02043725602633546,-0.00011043199999999998,1175.138883755923,1175.200615524002,-1.4,0.3944,4.2,0.37980195998118893,long_nclose,1.5951682319209937,0.0013574295378794656,4.0
1676083800000.0,59208,1676083800000.0,0.025477256026335524,-0.00011144000000000002,1175.1642495719493,1175.215204084002,-1.4,0.398,2.8,0.37980195998118893,long_nclose,1.063445487947329,0.0009049334919222453,2.0
1676083860000.0,59209,1676083860000.0,0.016378236016929983,-7.164000000000001e-05,1175.1805561679662,1175.217032444002,-0.9,0.398,1.9,0.37980195998118893,long_nclose,0.7216237239642589,0.0006140534917607322,1.0
1676084040000.0,59212,1676084040000.0,0.010918824011286654,-4.7760000000000004e-05,1175.1914272319775,1175.218334684002,-0.6,0.398,1.3,0.37980195998118893,long_nclose,0.4937425479755456,0.00042013797627719,3.0
1676084280000.0,59216,1676084280000.0,0.007279216007524437,-3.184e-05,1175.198674607985,1175.2141528440018,-0.4,0.398,0.9,0.37980195998118893,long_nclose,0.34182176398307007,0.0002908629590627242,4.0
1676084520000.0,59220,1676084520000.0,0.005459412005643327,-2.3880000000000002e-05,1175.2041101399905,1175.2159289640017,-0.3,0.398,0.6,0.37980195998118893,long_nclose,0.22788117598871335,0.00019390774251254797,4.0
1676084580000.0,59221,1676084580000.0,0.006569412005643321,-2.4102e-05,1175.210655449996,1175.2168648620016,-0.3,0.4017,0.3,0.37980195998118893,long_nclose,0.11394058799435668,9.695333127381156e-05,1.0
1676084700000.0,59223,1676084700000.0,0.0021898040018811073,-8.034000000000001e-06,1175.2128372199977,1175.2172768280016,-0.1,0.4017,0.2,0.37980195998118893,long_nclose,0.07596039199623779,6.463543418732937e-05,2.0
1676084760000.0,59224,1676084760000.0,0.005099608003762213,-1.6212000000000003e-05,1175.2179206160015,1175.2179206160015,-0.2,0.4053,0.0,0.37980195998118893,long_nclose,0.0,0.0,1.0
1676094660000.0,59389,1676094660000.0,0.0,-0.011750336000000002,1175.2061702800015,1175.2664902800016,150.8,0.3896,150.8,0.3896,long_ientry_normal,58.75168000000001,0.04999265787210936,165.0
1676100660000.0,59489,1676100660000.0,0.0795499999999996,-0.00169119,1175.2840290900015,1175.7882990900014,-21.5,0.3933,129.3,0.3896,long_nclose,50.375280000000004,0.04286221777301318,100.0
1676101020000.0,59495,1676101020000.0,0.06807999999999964,-0.001447344,1175.3506617460014,1175.7831717460015,-18.4,0.3933,110.9,0.3896,long_nclose,43.20664,0.03676063783025899,6.0
1676101320000.0,59500,1676101320000.0,0.13800000000000012,-0.001461328,1175.4872004180013,1176.2642004180013,-18.4,0.3971,92.5,0.3896,long_nclose,36.038,0.030657926336573417,5.0
1676101500000.0,59503,1676101500000.0,0.20719999999999977,-0.00148296,1175.6929174580014,1176.4625174580015,-18.5,0.4008,74.0,0.3896,long_nclose,28.8304,0.024522049569146862,3.0
1676101560000.0,59504,1676101560000.0,0.16575999999999982,-0.0011863680000000001,1175.8574910900015,1176.4731710900016,-14.8,0.4008,59.2,0.3896,long_nclose,23.064320000000002,0.01961489396016837,1.0
1676101620000.0,59505,1676101620000.0,0.13215999999999986,-0.0009458880000000001,1175.9887052020017,1176.5764652020016,-11.8,0.4008,47.4,0.3896,long_nclose,18.46704,0.015703416128327426,1.0
1676101800000.0,59508,1676101800000.0,0.10527999999999989,-0.0007535040000000001,1176.0932316980018,1176.5264316980017,-9.4,0.4008,38.0,0.3896,long_nclose,14.8048,0.01258811767722305,3.0
1676102040000.0,59512,1676102040000.0,0.0851199999999999,-0.000609216,1176.1777424820018,1176.6003024820018,-7.6,0.4008,30.4,0.3896,long_nclose,11.84384,0.010069770556112387,4.0
1676103120000.0,59530,1676103120000.0,0.03750000000000003,-0.0003971,1176.2148453820016,1176.4409053820016,-5.0,0.3971,25.4,0.3896,long_nclose,9.89584,0.008413292893600665,18.0
1676103300000.0,59533,1676103300000.0,0.05599999999999994,-0.00040080000000000004,1176.2704445820016,1176.5132045820017,-5.0,0.4008,20.4,0.3896,long_nclose,7.947839999999999,0.006756813483334895,3.0
1676103540000.0,59537,1676103540000.0,0.04479999999999995,-0.00032064,1176.3149239420015,1176.5182839420015,-4.0,0.4008,16.4,0.3896,long_nclose,6.38944,0.005431742699130316,4.0
1676103660000.0,59539,1676103660000.0,0.06150000000000005,-0.00033177200000000003,1176.3760921700016,1176.5716621700017,-4.1,0.4046,12.3,0.3896,long_nclose,4.79208,0.004073595197910128,2.0
1676103840000.0,59542,1676103840000.0,0.04500000000000004,-0.00024276,1176.4208494100017,1176.5780194100016,-3.0,0.4046,9.3,0.3896,long_nclose,3.6232800000000003,0.003079918212786816,3.0
1676103900000.0,59543,1676103900000.0,0.05796999999999999,-0.000253146,1176.4785662640018,1176.5926462640018,-3.1,0.4083,6.2,0.3896,long_nclose,2.41552,0.0020531780767334075,1.0
1676103960000.0,59544,1676103960000.0,0.03739999999999999,-0.00016332,1176.5158029440017,1176.5972829440018,-2.0,0.4083,4.2,0.3896,long_nclose,1.63632,0.0013908185473628385,1.0
1676104140000.0,59547,1676104140000.0,0.04725000000000004,-0.00017308200000000002,1176.5628798620019,1176.615169862002,-2.1,0.4121,2.1,0.3896,long_nclose,0.81816,0.0006953814487976719,3.0
1676104200000.0,59548,1676104200000.0,0.055020000000000006,-0.000174636,1176.6177252260018,1176.6177252260018,-2.1,0.4158,0.0,0.3896,long_nclose,0.0,0.0,1.0
1676160000000.0,60478,1676160000000.0,0.0,-0.011765712000000001,1176.6059595140018,1176.5108995140017,135.8,0.4332,135.8,0.4332,long_ientry_normal,58.82856,0.04999852289061938,930.0
1676162820000.0,60525,1676162820000.0,0.08148000000000072,-0.001697112,1176.6857424020018,1177.1862624020018,-19.4,0.4374,116.4,0.4332,long_nclose,50.42448,0.04285297100402278,47.0
1676163240000.0,60532,1676163240000.0,0.16102000000000055,-0.00171302,1176.845049382002,1177.553149382002,-19.4,0.4415,97.0,0.4332,long_nclose,42.020399999999995,0.03570597507468483,7.0
1676163660000.0,60539,1676163660000.0,0.05796000000000051,-0.0012072240000000002,1176.901802158002,1177.3011621580022,-13.8,0.4374,83.2,0.4332,long_nclose,36.04224,0.03062467908020183,7.0
1676164080000.0,60546,1676164080000.0,0.04956000000000044,-0.0010322640000000002,1176.950329894002,1177.221649894002,-11.8,0.4374,71.4,0.4332,long_nclose,30.93048,0.0262801914527571,7.0
1676164140000.0,60547,1676164140000.0,0.04284000000000038,-0.000892296,1176.992277598002,1177.255437598002,-10.2,0.4374,61.2,0.4332,long_nclose,26.51184,0.022525075571528122,1.0
1676164320000.0,60550,1676164320000.0,0.03654000000000032,-0.0007610760000000001,1177.028056522002,1177.280056522002,-8.7,0.4374,52.5,0.4332,long_nclose,22.743,0.019322394121345964,3.0
1676164920000.0,60560,1676164920000.0,0.0,-0.007225776000000001,1177.020830746002,1177.197500746002,83.4,0.4332,135.9,0.4331999999999999,long_ientry_partial,58.87187999999999,0.050017704412832424,10.0
1676181720000.0,60840,1676181720000.0,0.0,-0.011771160000000001,1177.009059586002,1175.764629586002,139.8,0.421,275.7,0.427013710554951,long_rentry,117.72767999999999,0.10002274752363352,280.0
1676185380000.0,60901,1676185380000.0,0.16059117519042423,-0.003388446,1177.1662623151924,1178.345021140002,-39.3,0.4311,236.4,0.427013710554951,long_nclose,100.94604117519043,0.08575342702793295,61.0
1676185560000.0,60904,1676185560000.0,0.13770795429815005,-0.0029056140000000004,1177.3010646554906,1178.210435526002,-33.7,0.4311,202.7,0.427013710554951,long_nclose,86.55567912948857,0.07352042882490474,3.0
1676186280000.0,60916,1676186280000.0,0.11809376496191502,-0.0024917579999999997,1177.4166666624526,1178.283283768002,-28.9,0.4311,173.8,0.427013710554951,long_nclose,74.21498289445049,0.06303204718922735,12.0
1676190720000.0,60990,1676190720000.0,0.10133997823721429,-0.002138256,1177.5158683846898,1178.109825512002,-24.8,0.4311,149.0,0.427013710554951,long_nclose,63.6250428726877,0.0540332785153615,74.0
1676190780000.0,60991,1676190780000.0,0.086629336235038,-0.001827864,1177.600669856925,1178.1740176480023,-21.2,0.4311,127.8,0.427013710554951,long_nclose,54.57235220892274,0.04634198468616116,1.0
1676191320000.0,61000,1676191320000.0,0.07437046789989112,-0.001569204,1177.6734711208248,1178.1651684440021,-18.2,0.4311,109.6,0.427013710554951,long_nclose,46.80070267682263,0.03973996512996178,9.0
1676191440000.0,61002,1676191440000.0,0.06374611534276382,-0.0013450320000000001,1177.7358722041677,1178.1575834120022,-15.6,0.4311,94.0,0.427013710554951,long_nclose,40.139288792165395,0.034081740855055664,2.0
1676192220000.0,61015,1676192220000.0,0.0,-0.0037431480000000004,1177.7321290561677,1177.5799002640022,43.8,0.4273,137.8,0.42710470821600427,long_ientry_partial,58.85502879216539,0.04997318773950041,13.0
1676193540000.0,61037,1676193540000.0,0.08026771896631686,-0.0016903040000000001,1177.810706471134,1178.3302299600023,-19.6,0.4312,118.2,0.42710470821600427,long_nclose,50.48377651113171,0.04286238546972232,22.0
1676193840000.0,61042,1676193840000.0,0.06880090197112874,-0.0014488320000000002,1177.878058541105,1178.2730411280022,-16.8,0.4312,101.4,0.42710470821600427,long_nclose,43.30841741310284,0.03676816721311859,5.0
1676193900000.0,61043,1676193900000.0,0.05897220168953892,-0.0012418560000000002,1177.9357888867946,1178.1876792720022,-14.4,0.4312,87.0,0.42710470821600427,long_nclose,37.15810961479237,0.031545106248880135,1.0
1676194620000.0,61055,1676194620000.0,0.050781618121547405,-0.0010693760000000001,1177.9855011289162,1178.3506898960022,-12.4,0.4312,74.6,0.42710470821600427,long_nclose,31.862011232913915,0.027047880642316162,12.0
1676194680000.0,61056,1676194680000.0,0.10162161812154731,-0.0010795440000000002,1178.0860432030377,1178.6082303520022,-12.4,0.4353,62.2,0.42710470821600427,long_nclose,26.565912851035467,0.022550061605692884,1.0
1676194740000.0,61057,1676194740000.0,0.1524616181215472,-0.001089712,1178.2374151091592,1178.7800006400023,-12.4,0.4394,49.8,0.42710470821600427,long_nclose,21.269814469157012,0.0180522314063388,1.0
1676194800000.0,61058,1676194800000.0,0.12172338866155787,-0.0008700120000000001,1178.3582684858209,1178.9126906280023,-9.9,0.4394,39.9,0.42710470821600427,long_nclose,17.04147785781857,0.014462051409641914,1.0
1676194980000.0,61061,1676194980000.0,0.09713280509356638,-0.0006942520000000001,1178.4547070389146,1178.8833563760024,-7.9,0.4394,32.0,0.42710470821600427,long_nclose,13.667350662912137,0.011597688550333753,3.0
1676195520000.0,61070,1676195520000.0,0.13116233427196589,-0.0007096,1178.5851597731867,1178.9546467760026,-8.0,0.4435,24.0,0.42710470821600427,long_nclose,10.250512997184103,0.008697303637487483,9.0
1676195580000.0,61071,1676195580000.0,0.09837175070397441,-0.0005322,1178.6829993238907,1178.9241145760027,-6.0,0.4435,18.0,0.42710470821600427,long_nclose,7.687884747888077,0.0065224362719221,1.0
1676195700000.0,61073,1676195700000.0,0.044263050422384674,-0.00031636800000000003,1178.726946006313,1178.9342382080026,-3.6,0.4394,14.4,0.42710470821600427,long_nclose,6.150307798310462,0.005217754475833899,2.0
1676195940000.0,61077,1676195940000.0,0.03442681699518808,-0.000246064,1178.7611267593081,1178.8991121440024,-2.8,0.4394,11.6,0.42710470821600427,long_nclose,4.954414615305649,0.00420306922482802,4.0
1676196000000.0,61078,1676196000000.0,0.02827917110319021,-0.00020212399999999998,1178.7892038064113,1178.9230800200023,-2.3,0.4394,9.3,0.42710470821600427,long_nclose,3.97207378640884,0.003369621789530031,1.0
1676196060000.0,61079,1676196060000.0,0.03770917110319019,-0.00020401,1178.8267089675144,1178.9449760100024,-2.3,0.4435,7.0,0.42710470821600427,long_nclose,2.9897329575120297,0.0025361937719672245,1.0
1676196540000.0,61087,1676196540000.0,0.009014820962395326,-9.576600000000002e-05,1178.8356280224768,1178.8851602440025,-1.1,0.4353,5.9,0.42710470821600427,long_nclose,2.5199177784744253,0.00213763286294769,8.0
1676197020000.0,61095,1676197020000.0,0.007375762605596176,-7.8354e-05,1178.8429254310824,1178.8849018900025,-0.9,0.4353,5.0,0.42710470821600427,long_nclose,2.1355235410800213,0.001811542059599753,8.0
1676197200000.0,61098,1676197200000.0,0.012295291783995743,-8.788e-05,1178.8551328428666,1178.9047140100026,-1.0,0.4394,4.0,0.42710470821600427,long_nclose,1.708418832864017,0.00144921864041435,3.0
1676197500000.0,61103,1676197500000.0,0.009836233427196596,-7.030400000000001e-05,1178.8648987722938,1178.9029637060025,-0.8,0.4394,3.2,0.42710470821600427,long_nclose,1.3667350662912137,0.0011593653078606153,5.0
1676197560000.0,61104,1676197560000.0,0.007377175070397445,-5.2728e-05,1178.8722232193643,1178.9031509780027,-0.6,0.4394,2.6,0.42710470821600427,long_nclose,1.110472241361611,0.0009419784599971651,1.0
1676197620000.0,61105,1676197620000.0,0.006147645891997872,-4.394e-05,1178.8783269252563,1178.9012070380027,-0.5,0.4394,2.1,0.42710470821600427,long_nclose,0.896919887253609,0.0007608248169197838,1.0
1676197680000.0,61106,1676197680000.0,0.004918116713598298,-3.5152000000000005e-05,1178.8832098899697,1178.9051318860024,-0.4,0.4394,1.7,0.42710470821600427,long_nclose,0.7260780039672072,0.0006159032530754045,1.0
1676197860000.0,61109,1676197860000.0,0.0036885875351987227,-2.6364e-05,1178.886872113505,1178.9049255220025,-0.3,0.4394,1.4,0.42710470821600427,long_nclose,0.5979465915024059,0.0005072128680425536,3.0
1676198400000.0,61118,1676198400000.0,0.002459058356799149,-1.7576000000000002e-05,1178.889313595862,1178.9029879460027,-0.2,0.4394,1.2,0.42710470821600427,long_nclose,0.5125256498592051,0.000434752986517363,9.0
1676198520000.0,61120,1676198520000.0,0.002459058356799149,-1.7576000000000002e-05,1178.891755078219,1178.9036503700029,-0.2,0.4394,1.0,0.42710470821600427,long_nclose,0.42710470821600427,0.00036229340512069835,2.0
1676199060000.0,61129,1676199060000.0,0.0008195291783995751,-8.706000000000001e-06,1178.8925659013973,1178.9001216640029,-0.1,0.4353,0.9,0.42710470821600427,long_nclose,0.38439423739440387,0.00032606384034705553,9.0
1676199240000.0,61132,1676199240000.0,0.0008195291783995751,-8.706000000000001e-06,1178.8933767245758,1178.899292958003,-0.1,0.4353,0.8,0.42710470821600427,long_nclose,0.3416837665728034,0.000289834325409592,3.0
1676199780000.0,61141,1676199780000.0,0.0008195291783995751,-8.706000000000001e-06,1178.8941875477542,1178.900064252003,-0.1,0.4353,0.7,0.42710470821600427,long_nclose,0.29897329575120296,0.00025360486030820493,9.0
1676199960000.0,61144,1676199960000.0,0.0008195291783995751,-8.706000000000001e-06,1178.8949983709326,1178.899735546003,-0.1,0.4353,0.6,0.42710470821600427,long_nclose,0.25626282492960256,0.0002173754450427916,3.0
1676200020000.0,61145,1676200020000.0,0.0008195291783995751,-8.706000000000001e-06,1178.895809194111,1178.900006840003,-0.1,0.4353,0.5,0.42710470821600427,long_nclose,0.21355235410800213,0.00018114607961324907,1.0
1676200140000.0,61147,1676200140000.0,0.0008195291783995751,-8.706000000000001e-06,1178.8966200172895,1178.899778134003,-0.1,0.4353,0.4,0.42710470821600427,long_nclose,0.1708418832864017,0.00014491676401947456,2.0
1676202240000.0,61182,1676202240000.0,0.0004095291783995758,-8.624e-06,1178.8970209224678,1178.898189510003,-0.1,0.4312,0.3,0.42710470821600427,long_nclose,0.12813141246480128,0.00010868753605343792,35.0
1676202300000.0,61183,1676202300000.0,0.0004095291783995758,-8.624e-06,1178.8974218276462,1178.898400886003,-0.1,0.4312,0.2,0.42710470821600427,long_nclose,0.08542094164320085,7.245833272819671e-05,1.0
1676203140000.0,61197,1676203140000.0,0.0008195291783995751,-8.706000000000001e-06,1178.8982326508246,1178.8991221800031,-0.1,0.4353,0.1,0.42710470821600427,long_nclose,0.04271047082160043,3.622914144638535e-05,14.0
1676203320000.0,61200,1676203320000.0,0.0012295291783995744,-8.788000000000001e-06,1178.899453392003,1178.899453392003,-0.1,0.4394,0.0,0.42710470821600427,long_nclose,0.0,0.0,3.0
1676205660000.0,61239,1676205660000.0,0.0,-0.011792566,1178.887660826003,1178.860280826003,136.9,0.4307,136.9,0.4307,long_ientry_normal,58.962830000000004,0.050015647766375744,39.0
1676207100000.0,61263,1676207100000.0,0.07994999999999985,-0.0016957200000000002,1178.965915106003,1179.470735106003,-19.5,0.4348,117.4,0.4307,long_nclose,50.56418000000001,0.042888585116944364,24.0
1676207340000.0,61267,1676207340000.0,0.06846999999999988,-0.0014522320000000001,1179.0329328740029,1179.4659428740028,-16.7,0.4348,100.7,0.4307,long_nclose,43.37149,0.03678564761908554,4.0
1676207520000.0,61270,1676207520000.0,0.0586299999999999,-0.001243528,1179.0903193460028,1179.721039346003,-14.3,0.4348,86.4,0.4307,long_nclose,37.212480000000006,0.03156033035759328,3.0
1676207700000.0,61273,1676207700000.0,0.11951999999999963,-0.00126432,1179.2085750260028,1179.8781750260027,-14.4,0.439,72.0,0.4307,long_nclose,31.0104,0.02629763780280871,3.0
1676207940000.0,61277,1676207940000.0,0.09959999999999969,-0.0010536,1179.3071214260028,1179.5951214260028,-12.0,0.439,60.0,0.4307,long_nclose,25.842000000000002,0.021912866911845824,4.0
1676208120000.0,61280,1676208120000.0,0.03484999999999994,-0.0007391600000000001,1179.3412322660029,1179.5884322660029,-8.5,0.4348,51.5,0.4307,long_nclose,22.181050000000003,0.01880800008779564,3.0
1676208420000.0,61285,1676208420000.0,0.029929999999999946,-0.000634808,1179.3705274580027,1179.5826874580027,-7.3,0.4348,44.2,0.4307,long_nclose,19.03694,0.016141610763355206,5.0
1676209080000.0,61296,1676209080000.0,0.025829999999999954,-0.0005478480000000001,1179.3958096100027,1179.5398296100027,-6.3,0.4348,37.9,0.4307,long_nclose,16.32353,0.013840586736862998,11.0
1676209500000.0,61303,1676209500000.0,0.022139999999999962,-0.00046958400000000005,1179.4174800260027,1179.5247300260028,-5.4,0.4348,32.5,0.4307,long_nclose,13.997750000000002,0.011868358945885211,7.0
1676209560000.0,61304,1676209560000.0,0.018859999999999964,-0.00040001600000000005,1179.4359400100027,1179.5559100100027,-4.6,0.4348,27.9,0.4307,long_nclose,12.01653,0.010188370213559957,1.0
1676209800000.0,61308,1676209800000.0,0.01598999999999997,-0.00033914400000000004,1179.4515908660028,1179.5787908660027,-3.9,0.4348,24.0,0.4307,long_nclose,10.3368,0.008764073133692828,4.0
1676210640000.0,61322,1676210640000.0,0.033199999999999896,-0.0003512,1179.4844396660028,1179.6504396660027,-4.0,0.439,20.0,0.4307,long_nclose,8.614,0.007303190877566173,14.0
1676210700000.0,61323,1676210700000.0,0.027389999999999914,-0.00028974,1179.5115399260028,1179.6584999260028,-3.3,0.439,16.7,0.4307,long_nclose,7.19269,0.006098024272362131,1.0
1676211240000.0,61332,1676211240000.0,0.02240999999999993,-0.00023706,1179.5337128660028,1179.6569128660028,-2.7,0.439,14.0,0.4307,long_nclose,6.029800000000001,0.005112020058628877,9.0
1676211960000.0,61344,1676211960000.0,0.01908999999999994,-0.00020193999999999998,1179.552600926003,1179.6614109260029,-2.3,0.439,11.7,0.4307,long_nclose,5.03919,0.004272119781724024,12.0
1676212380000.0,61351,1676212380000.0,0.02851999999999992,-0.000203826,1179.580917100003,1179.701237100003,-2.3,0.4431,9.4,0.4307,long_nclose,4.04858,0.0034322189697281852,7.0
1676212740000.0,61357,1676212740000.0,0.012449999999999961,-0.0001317,1179.5932354000029,1179.6627554000029,-1.5,0.439,7.9,0.4307,long_nclose,3.4025300000000005,0.002884494330663226,6.0
1676213520000.0,61370,1676213520000.0,0.004509999999999992,-9.565600000000001e-05,1179.5976497440029,1179.6200897440028,-1.1,0.4348,6.8,0.4307,long_nclose,2.92876,0.00248284658810197,13.0
1676213580000.0,61371,1676213580000.0,0.003689999999999993,-7.826400000000001e-05,1179.601261480003,1179.626631480003,-0.9,0.4348,5.9,0.4307,long_nclose,2.5411300000000003,0.0021542279437813897,1.0
1676214480000.0,61386,1676214480000.0,0.0,-0.011286451999999999,1179.589975028003,1179.652835028003,130.6,0.4321,136.5,0.43203948717948715,long_ientry_partial,58.973389999999995,0.04999482129254277,15.0
1676218020000.0,61445,1676218020000.0,0.0,-0.011799190000000001,1179.578175838003,1178.3643358380032,140.5,0.4199,277.0,0.42588209386281584,long_rentry,117.96933999999999,0.10000976825142725,59.0
1676226720000.0,61590,1676226720000.0,0.16265729241877422,-0.003397,1179.7374361304219,1180.4779388380032,-39.5,0.43,237.5,0.42588209386281584,long_nclose,101.14699729241876,0.08573687177732045,145.0
1676226840000.0,61592,1676226840000.0,0.13959701805054292,-0.0029154000000000003,1179.8741177484726,1180.9161234380033,-33.9,0.43,203.6,0.42588209386281584,long_nclose,86.7095943104693,0.0734905470050782,2.0
1676227020000.0,61595,1676227020000.0,0.11941927797834057,-0.002494,1179.9910430264508,1180.5354294380031,-29.0,0.43,174.6,0.42588209386281584,long_nclose,74.35901358844764,0.06301659154778923,3.0
1676227500000.0,61603,1676227500000.0,0.10253586281588552,-0.0021414,1180.0914374892666,1180.7827380380031,-24.9,0.43,149.7,0.42588209386281584,long_nclose,63.75454945126353,0.054025092824083305,8.0
1676227800000.0,61608,1676227800000.0,0.08771140072202256,-0.0018318000000000002,1180.1773170899887,1180.8344562380032,-21.3,0.43,128.4,0.42588209386281584,long_nclose,54.68326085198556,0.04633478381606274,5.0
1676228280000.0,61616,1676228280000.0,0.07535768231047009,-0.0015738,1180.2511009722991,1180.7595324380031,-18.3,0.43,110.1,0.42588209386281584,long_nclose,46.88961853429602,0.03972851073442594,8.0
1676228460000.0,61619,1676228460000.0,0.06465112635379126,-0.0013502,1180.314401898653,1180.7975322380032,-15.7,0.43,94.4,0.42588209386281584,long_nclose,40.203269660649816,0.034061492087175134,3.0
1676228700000.0,61623,1676228700000.0,0.0,-0.003733728000000001,1180.310668170653,1180.4074585100032,43.7,0.4272,138.1,0.42629912860716745,long_ientry_partial,58.87190966064982,0.04987831699589276,4.0
1676232840000.0,61692,1676232840000.0,0.08078716643880124,-0.0016957760000000002,1180.3897595610918,1181.183142734003,-19.7,0.4304,118.4,0.42629912860716745,long_nclose,50.473816827088626,0.04276029711224916,69.0
1676232900000.0,61693,1676232900000.0,0.16155716643880108,-0.00171193,1180.5496047975305,1181.4083808040032,-19.7,0.4345,98.7,0.42629912860716745,long_nclose,42.075723993527426,0.03564079291758655,1.0
1676233020000.0,61695,1676233020000.0,0.13449429084245368,-0.00142516,1180.6826739283729,1181.481055644003,-16.4,0.4345,82.3,0.42629912860716745,long_nclose,35.08441828436988,0.029715366422407845,2.0
1676233500000.0,61703,1676233500000.0,0.20173429084245356,-0.0014386079999999999,1180.8829696112155,1181.719957036003,-16.4,0.4386,65.9,0.42629912860716745,long_nclose,28.093112575212338,0.0237899210151718,8.0
1676233800000.0,61708,1676233800000.0,0.1611414152461062,-0.001149132,1181.0429618944615,1181.7399679040032,-13.1,0.4386,52.8,0.42629912860716745,long_nclose,22.50859399045844,0.019058234727002094,5.0
1676234760000.0,61724,1676234760000.0,0.12915914962474162,-0.00092106,1181.1711999840861,1181.6238468440029,-10.5,0.4386,42.3,0.42629912860716745,long_nclose,18.03245314008318,0.015266587214729017,16.0
1676235060000.0,61729,1676235060000.0,0.0574060997498278,-0.0006083000000000001,1181.227997783836,1181.4468885440028,-7.0,0.4345,35.3,0.42629912860716745,long_nclose,15.04835923983301,0.012739589027745727,5.0
1676235840000.0,61742,1676235840000.0,0.02050435696416275,-0.00043040000000000005,1181.2480717408002,1181.375358144003,-5.0,0.4304,30.3,0.42629912860716745,long_nclose,12.916863596797175,0.0109349288314703,13.0
1676236260000.0,61749,1676236260000.0,0.0,-0.00921912,1181.2388526208003,1181.428389024003,107.7,0.428,138.0,0.4276265478028781,long_ientry_partial,59.01246359679718,0.04995811259159563,7.0
1676239620000.0,61805,1676239620000.0,0.0,-0.011811352,1181.2270412688003,1178.979167672003,142.1,0.4156,280.1,0.42152525382648043,long_rentry,118.06922359679717,0.09995472459720747,56.0
1676239680000.0,61806,1676239680000.0,0.0,-0.011809032,1181.2152322368004,1178.3580986400032,144.4,0.4089,424.5,0.4172305856226082,long_rentry,177.11438359679718,0.14994251577792958,1.0
1676251500000.0,62003,1676251500000.0,0.0,-0.016979956,1181.1982522808005,1175.2855386840033,210.2,0.4039,634.7,0.4128157611419523,long_rentry,262.0141635967971,0.2218206495741663,197.0
1676275380000.0,62401,1676275380000.0,0.0,-0.025049710000000003,1181.1732025708004,1171.6124889740033,314.3,0.3985,949.0,0.4080745138006293,long_rentry,387.2627135967972,0.3278627662343909,398.0
1676276460000.0,62419,1676276460000.0,0.0,-0.036876200000000005,1181.1363263708004,1166.4501127740032,470.0,0.3923,1419.0,0.40284969245722146,long_rentry,571.6437135967973,0.4839777600890908,18.0
1676277720000.0,62440,1676277720000.0,0.0,-0.054101544,1181.0822248268003,1155.823791230003,702.8,0.3849,2121.8,0.3969042480897338,long_rentry,842.1514335967972,0.7130337040846538,21.0
1676298060000.0,62779,1676298060000.0,0.0,-0.067786804,1181.0144380228003,1136.840184426003,901.9,0.3758,3023.7,0.39060933743321014,long_rentry,1181.0854535967974,1.0000601309956176,339.0
1676311020000.0,62995,1676311020000.0,-0.21896759294287194,-0.00236236,1180.7931080698575,1161.0120220660028,-30.8,0.3835,2992.9,0.39060933743321014,unstuck_close_long,1169.0546860038546,0.9900588663790639,216.0
1676331000000.0,63328,1676331000000.0,1.6205082473026555,-0.0337212,1182.3798951171602,1187.230200866003,-427.5,0.3944,2565.4,0.39060933743321014,long_nclose,1002.0691942511573,0.8475018886817792,333.0
1676331900000.0,63343,1676331900000.0,1.3888987644717963,-0.028901631999999997,1183.739892249632,1191.1959592340029,-366.4,0.3944,2199.0,0.39060933743321014,long_nclose,858.9499330156291,0.7256238795697274,15.0
1676332020000.0,63345,1676332020000.0,1.1906471122286881,-0.024776208,1184.9057631538606,1191.2968230260028,-314.1,0.3944,1884.9,0.39060933743321014,long_nclose,736.2595401278578,0.6213654815621436,2.0
1676332080000.0,63346,1676332080000.0,1.0204463629798242,-0.021234496,1185.9049750208403,1192.1911185300028,-269.2,0.3944,1615.7,0.39060933743321014,long_nclose,631.1075064908376,0.5321737574123483,1.0
1676332440000.0,63352,1676332440000.0,0.8748849204150946,-0.018205504,1186.7616544372554,1192.8422830260026,-230.8,0.3944,1384.9,0.39060933743321014,long_nclose,540.9548714112527,0.4558243598355606,6.0
1676333040000.0,63362,1676333040000.0,0.7497930557110299,-0.015602464000000002,1187.4958450289664,1193.3015505620026,-197.8,0.3944,1187.1,0.39060933743321014,long_nclose,463.69234446696373,0.3904791300180532,10.0
1676334060000.0,63379,1676334060000.0,0.6425173050708775,-0.013370159999999999,1188.1249921740373,1192.0841304020028,-169.5,0.3944,1017.6,0.39060933743321014,long_nclose,397.48406177203464,0.3345473450943206,17.0
1676334600000.0,63388,1676334600000.0,0.5507832709545635,-0.011461264,1188.6643141809918,1192.0581391380026,-145.3,0.3944,872.3,0.39060933743321014,long_nclose,340.7285250429892,0.2866482327920784,9.0
1676335920000.0,63410,1676335920000.0,1.0883932709545687,-0.011568786000000003,1189.7411386659464,1194.7506503520026,-145.3,0.3981,727.0,0.39060933743321014,long_nclose,283.97298831394374,0.23868468449562222,22.0
1676336340000.0,63417,1676336340000.0,0.9071192368382537,-0.009641982,1190.6386159207848,1195.7225183700027,-121.1,0.3981,605.9,0.39060933743321014,long_nclose,236.670197550782,0.1987758454883913,7.0
1676365020000.0,63895,1676365020000.0,0.0,-0.022651548000000004,1190.6159643727847,1182.2500268220026,300.1,0.3774,906.0,0.38623392665649237,long_rentry,349.9279375507821,0.293904960139791,478.0
1676370780000.0,63991,1676370780000.0,0.47438989064989107,-0.010090612000000002,1191.0802636514345,1194.7815962100026,-129.4,0.3899,776.6,0.38623392665649237,long_nclose,299.94926744143197,0.2518296009052259,96.0
1676371320000.0,64000,1676371320000.0,0.4065675337949994,-0.008647982,1191.4781832032295,1193.3195582280025,-110.9,0.3899,665.7,0.38623392665649237,long_nclose,257.11592497522696,0.21579574733293366,9.0
1676381400000.0,64168,1676381400000.0,0.0,-0.024589026,1191.4535941772294,1187.6537392020025,329.7,0.3729,995.4,0.3818174150846162,long_rentry,380.06105497522697,0.3189893897946416,168.0
1676381520000.0,64170,1676381520000.0,0.5236635749675782,-0.010963619999999999,1191.966294132197,1196.8146755820023,-142.2,0.3855,853.2,0.3818174150846162,long_nclose,325.76661855019455,0.2733018711635355,2.0
1676381580000.0,64171,1676381580000.0,1.0498035749675754,-0.011068848,1193.0050288591647,1195.9788467340027,-142.2,0.3892,711.0,0.3818174150846162,long_nclose,271.47218212516213,0.22755325883643837,1.0
1676381700000.0,64173,1676381700000.0,0.8748363124729797,-0.00922404,1193.8706411316377,1198.1263226940027,-118.5,0.3892,592.5,0.3818174150846162,long_nclose,226.2268184376351,0.18949022669926854,2.0
1676381760000.0,64174,1676381760000.0,0.7286611311483805,-0.007682808,1194.591619454786,1198.6321798860026,-98.7,0.3892,493.8,0.3818174150846162,long_nclose,188.5414395687835,0.15782919995272876,1.0
1676382120000.0,64180,1676382120000.0,0.25962223653455885,-0.00543555,1194.8458061413207,1196.6162943360027,-70.5,0.3855,423.3,0.3818174150846162,long_nclose,161.62331180531805,0.13526708716271127,6.0
1676382300000.0,64183,1676382300000.0,0.2224281288891823,-0.00465684,1195.0635774302098,1196.7628874960026,-60.4,0.3855,362.9,0.3818174150846162,long_nclose,138.56153993420722,0.11594491084077829,3.0
1676382420000.0,64185,1676382420000.0,0.44590812888918113,-0.004701536,1195.5047840230989,1197.6775159600024,-60.4,0.3892,302.5,0.3818174150846162,long_nclose,115.4997680630964,0.09661171549177572,2.0
1676382480000.0,64186,1676382480000.0,0.3720822797353432,-0.003923136,1195.8729431668344,1198.0618228240025,-50.4,0.3892,252.1,0.3818174150846162,long_nclose,96.25617034283174,0.08049029864989862,1.0
1676382660000.0,64189,1676382660000.0,0.5535222797353428,-0.0039594240000000005,1196.4225060225697,1198.3754834000026,-50.4,0.3928,201.7,0.3818174150846162,long_nclose,77.01257262256708,0.06436904374073542,3.0
1676382780000.0,64191,1676382780000.0,0.44259817208996655,-0.003165968,1196.8619382266595,1198.5861074320026,-40.3,0.3928,161.4,0.3818174150846162,long_nclose,61.62533079465705,0.051489088947021526,2.0
1676382840000.0,64192,1676382840000.0,0.3536392342753579,-0.0025296320000000004,1197.2130478289348,1198.6578378000024,-32.2,0.3928,129.2,0.3818174150846162,long_nclose,49.33081002893241,0.04120470464165966,1.0
1676382960000.0,64194,1676382960000.0,0.2833506908169017,-0.002026848,1197.4943716717517,1198.8574509520024,-25.8,0.3928,103.4,0.3818174150846162,long_nclose,39.479920719749316,0.032968773510504035,2.0
1676383020000.0,64195,1676383020000.0,0.37881069081690266,-0.0020459400000000004,1197.8711364225685,1199.0105050120023,-25.8,0.3965,77.6,0.3818174150846162,long_nclose,29.629031410566213,0.024734740248482028,1.0
1676383080000.0,64196,1676383080000.0,0.28484214735844615,-0.00153842,1198.1544401499268,1198.950766592002,-19.4,0.3965,58.2,0.3818174150846162,long_nclose,22.221773557924664,0.01854666878765981,1.0
1676384100000.0,64213,1676384100000.0,0.030565454797685652,-0.0006399300000000001,1198.1843656747244,1198.4429766620021,-8.3,0.3855,49.9,0.3818174150846162,long_nclose,19.052689012722347,0.015901299965630375,17.0
1676384820000.0,64225,1676384820000.0,0.0,-0.008140252,1198.1762254227244,1197.899676410002,105.8,0.3847,155.7,0.3837761657849862,long_ientry_partial,59.753949012722344,0.04987075168482896,12.0
1676385960000.0,64244,1676385960000.0,0.08266911957330683,-0.0017204999999999998,1198.2571740422977,1198.821055910002,-22.2,0.3875,133.5,0.3837761657849862,long_nclose,51.234118132295656,0.04275719707102469,19.0
1676386200000.0,64248,1676386200000.0,0.1648091195733064,-0.001736928,1198.4202462338712,1199.5581589820022,-22.2,0.3912,111.3,0.3837761657849862,long_nclose,42.71428725186896,0.035642160908163835,4.0
1676386440000.0,64252,1676386440000.0,0.24472911957330623,-0.001752912,1198.6632224414445,1199.7523660700022,-22.2,0.3948,89.1,0.3837761657849862,long_nclose,34.194456371442264,0.02852715903120377,4.0
1676386620000.0,64255,1676386620000.0,0.32686911957330705,-0.00176934,1198.9883222210178,1199.9398967300021,-22.2,0.3985,66.9,0.3837761657849862,long_nclose,25.67462549101558,0.02141357427356394,3.0
1676386680000.0,64256,1676386680000.0,0.24588803139073098,-0.0013309900000000002,1199.2328792624085,1199.9720157400022,-16.7,0.3985,50.2,0.3837761657849862,long_nclose,19.265563522406307,0.016064906037479263,1.0
1676386980000.0,64261,1676386980000.0,0.1840479276876729,-0.0009962500000000002,1199.4159309400961,1199.9521694900022,-12.5,0.3985,37.7,0.3837761657849862,long_nclose,14.46836145009398,0.012062839151013903,5.0
1676387040000.0,64262,1676387040000.0,0.13840404162113001,-0.0007491800000000001,1199.5535858017174,1200.0268703100023,-9.4,0.3985,28.3,0.3837761657849862,long_nclose,10.86086549171511,0.009054089471506425,1.0
1676387100000.0,64263,1676387100000.0,0.17318404162112985,-0.0007561360000000001,1199.7260137073386,1200.0987941740023,-9.4,0.4022,18.9,0.3837761657849862,long_nclose,7.2533695333362385,0.006045855012280852,1.0
1676387280000.0,64266,1676387280000.0,0.11607015555458701,-0.000506772,1199.841577090893,1200.077497402002,-6.3,0.4022,12.6,0.3837761657849862,long_nclose,4.835579688890826,0.004030181801680065,3.0
1676387400000.0,64268,1676387400000.0,0.07738010370305802,-0.000337848,1199.918619346596,1200.0800995540021,-4.2,0.4022,8.4,0.3837761657849862,long_nclose,3.2237197925938843,0.002686615359256055,2.0
1676387760000.0,64274,1676387760000.0,0.09292010370305794,-0.000340956,1200.0111984942992,1200.0961385980022,-4.2,0.4059,4.2,0.3837761657849862,long_nclose,1.6118598962969422,0.001343204045361748,6.0
1676388000000.0,64278,1676388000000.0,0.025793367901019337,-0.000112616,1200.0368792462002,1200.0851059820022,-1.4,0.4022,2.8,0.3837761657849862,long_nclose,1.0745732641979613,0.0008954502005579624,4.0
1676388120000.0,64280,1676388120000.0,0.01658145079351243,-7.2396e-05,1200.0533883009937,1200.0870635860022,-0.9,0.4022,1.9,0.3837761657849862,long_nclose,0.7291747149914737,0.0006076185627239647,2.0
1676388840000.0,64292,1676388840000.0,0.0033071502645041382,-2.3687999999999997e-05,1200.056671763258,1200.073029898002,-0.3,0.3948,1.6,0.3837761657849862,long_nclose,0.6140418652559779,0.0005116773896634054,12.0
1676389080000.0,64296,1676389080000.0,0.0014847668430027607,-1.5648e-05,1200.058140882101,1200.067554250002,-0.2,0.3912,1.4,0.3837761657849862,long_nclose,0.5372866320989806,0.0004477171678565914,4.0
1676389440000.0,64302,1676389440000.0,0.0014847668430027607,-1.5648e-05,1200.059610000944,1200.0694786020022,-0.2,0.3912,1.2,0.3837761657849862,long_nclose,0.4605313989419834,0.0003837571026506101,6.0
1676389620000.0,64305,1676389620000.0,0.0014847668430027607,-1.5648e-05,1200.061079119787,1200.0688029540022,-0.2,0.3912,1.0,0.3837761657849862,long_nclose,0.3837761657849862,0.0003197971940448863,3.0
1676389740000.0,64307,1676389740000.0,0.002204766843002759,-1.5792e-05,1200.06326809463,1200.071047162002,-0.2,0.3948,0.8,0.3837761657849862,long_nclose,0.30702093262798896,0.0002558372885751712,2.0
1676390340000.0,64317,1676390340000.0,0.0011023834215013796,-7.896e-06,1200.0643625820517,1200.0725692660021,-0.1,0.3948,0.7,0.3837761657849862,long_nclose,0.2686433160494903,0.00022385742333976062,10.0
1676390400000.0,64318,1676390400000.0,0.0014723834215013831,-7.970000000000002e-06,1200.0658269954731,1200.0758612960021,-0.1,0.3985,0.6,0.3837761657849862,long_nclose,0.2302656994709917,0.00019187755728991383,1.0
1676390400000.0,64318,1676390400000.0,0.0018423834215013813,-8.044000000000001e-06,1200.0676613348946,1200.0760232520022,-0.1,0.4022,0.5,0.3837761657849862,long_nclose,0.1918880828924931,0.0001598977199994261,0.0
1676390460000.0,64319,1676390460000.0,0.0018423834215013813,-8.044000000000001e-06,1200.0694956743162,1200.0771852080022,-0.1,0.4022,0.4,0.3837761657849862,long_nclose,0.15351046631399448,0.0001279179804730703,1.0
1676390580000.0,64321,1676390580000.0,0.004424766843002759,-1.6236000000000002e-05,1200.0739042051591,1200.0787489720021,-0.2,0.4059,0.2,0.3837761657849862,long_nclose,0.07675523315699724,6.395875528002109e-05,2.0
1676390640000.0,64322,1676390640000.0,0.005164766843002766,-1.6384e-05,1200.0790525880022,1200.0790525880022,-0.2,0.4096,0.0,0.3837761657849862,long_nclose,0.0,0.0,1.0
1676426760000.0,64924,1676426760000.0,0.0,-0.011999148,1200.0670534400022,1200.3329134400021,147.7,0.4062,147.7,0.4062,long_ientry_normal,59.99574,0.04999365646112999,602.0
1676441340000.0,65167,1676441340000.0,0.08229000000000031,-0.0017306220000000005,1200.1476128180022,1200.6286928180023,-21.1,0.4101,126.6,0.4062,long_nclose,51.42492,0.042848829136319246,243.0
1676441400000.0,65168,1676441400000.0,0.07020000000000026,-0.0014763600000000001,1200.2163364580024,1200.6833164580023,-18.0,0.4101,108.6,0.4062,long_nclose,44.11332,0.03675447388941919,1.0
1676441760000.0,65174,1676441760000.0,0.060450000000000226,-0.00127131,1200.2755151480023,1200.6292951480023,-15.5,0.4101,93.1,0.4062,long_nclose,37.81722,0.03150711609353864,6.0
1676442360000.0,65184,1676442360000.0,0.051870000000000194,-0.0010908660000000002,1200.3262942820024,1200.6694342820024,-13.3,0.4101,79.8,0.4062,long_nclose,32.41476,0.02700495703077928,10.0
1676442780000.0,65191,1676442780000.0,0.044460000000000166,-0.0009350280000000002,1200.3698192540026,1200.6639392540026,-11.4,0.4101,68.4,0.4062,long_nclose,27.784080000000003,0.02314626672075699,7.0
1676443200000.0,65198,1676443200000.0,0.03783000000000014,-0.000795594,1200.4068536600025,1200.6886136600026,-9.7,0.4101,58.7,0.4062,long_nclose,23.84394,0.019863215481734864,7.0
1676443560000.0,65204,1676443560000.0,0.07565999999999974,-0.0008031599999999999,1200.4817105000025,1200.8639105000025,-9.7,0.414,49.0,0.4062,long_nclose,19.9038,0.01657984442904177,6.0
1676443620000.0,65205,1676443620000.0,0.06317999999999978,-0.00067068,1200.5442198200026,1200.8427898200025,-8.1,0.414,40.9,0.4062,long_nclose,16.61358,0.013838374068795959,1.0
1676443680000.0,65206,1676443680000.0,0.053039999999999816,-0.00056304,1200.5966967800025,1200.8626767800024,-6.8,0.414,34.1,0.4062,long_nclose,13.851420000000001,0.011537113201418491,1.0
1676444520000.0,65220,1676444520000.0,0.04367999999999985,-0.00046367999999999995,1200.6399131000026,1200.8479631000025,-5.6,0.414,28.5,0.4062,long_nclose,11.5767,0.00964210824052104,14.0
1676444700000.0,65223,1676444700000.0,0.03665999999999988,-0.00038916,1200.6761839400026,1200.8975239400027,-4.7,0.414,23.8,0.4062,long_nclose,9.66756,0.00805176293934309,3.0
1676445240000.0,65232,1676445240000.0,0.030419999999999895,-0.00032292,1200.7062810200027,1200.8814010200028,-3.9,0.414,19.9,0.4062,long_nclose,8.08338,0.006732187653031306,9.0
1676446500000.0,65253,1676446500000.0,0.01092000000000004,-0.000229656,1200.7169713640026,1200.7819513640027,-2.8,0.4101,17.1,0.4062,long_nclose,6.946020000000001,0.005784893664082544,21.0
1676446560000.0,65254,1676446560000.0,0.009360000000000035,-0.000196848,1200.7261345160025,1200.7746445160026,-2.4,0.4101,14.7,0.4062,long_nclose,5.97114,0.00497294081335782,1.0
1676446680000.0,65256,1676446680000.0,0.00819000000000003,-0.00017224200000000002,1200.7341522740026,1200.7883322740026,-2.1,0.4101,12.6,0.4062,long_nclose,5.11812,0.004262492234694151,2.0
1676446860000.0,65259,1676446860000.0,0.007020000000000026,-0.000147636,1200.7410246380025,1200.7982646380026,-1.8,0.4101,10.8,0.4062,long_nclose,4.38696,0.003653543861652078,3.0
1676448000000.0,65278,1676448000000.0,0.005850000000000022,-0.00012303000000000002,1200.7467516080026,1200.7867416080026,-1.5,0.4101,9.3,0.4062,long_nclose,3.7776600000000005,0.0031460922088201162,19.0
1676450340000.0,65317,1676450340000.0,0.0,-0.01124948,1200.7355021280025,1200.5954421280026,138.2,0.407,147.5,0.40694955932203386,long_ientry_partial,60.025059999999996,0.04999024339133858,39.0
1676453880000.0,65376,1676453880000.0,0.08295925423728867,-0.0017257800000000001,1200.8167356022398,1201.3291163480026,-21.0,0.4109,126.5,0.40694955932203386,long_nclose,51.47911925423728,0.04287008810584174,59.0
1676455020000.0,65395,1676455020000.0,0.16485925423728898,-0.0017421600000000002,1200.979852696477,1201.8819241880026,-21.0,0.4148,105.5,0.40694955932203386,long_nclose,42.93317850847457,0.0357484585707909,19.0
1676456580000.0,65421,1676456580000.0,0.13738271186440748,-0.0014518,1201.1157836083414,1201.8242223880025,-17.5,0.4148,88.0,0.40694955932203386,long_nclose,35.81156122033898,0.029815244882350475,26.0
1676456700000.0,65423,1676456700000.0,0.11461643389830567,-0.001211216,1201.2291888262398,1201.7099911720024,-14.6,0.4148,73.4,0.40694955932203386,long_nclose,29.870097654237288,0.024866276920413776,2.0
1676459340000.0,65467,1676459340000.0,0.04108458305084772,-0.0008546720000000001,1201.2694187372906,1201.4930965000024,-10.4,0.4109,63.0,0.40694955932203386,long_nclose,25.637822237288134,0.021342274961296547,44.0
1676459640000.0,65472,1676459640000.0,0.035553966101695145,-0.00073962,1201.304233083392,1201.4959568800023,-9.0,0.4109,54.0,0.40694955932203386,long_nclose,21.97527620338983,0.018292848387777512,5.0
1676459700000.0,65473,1676459700000.0,0.03041839322033918,-0.0006327860000000001,1201.3340186906123,1201.544704094002,-7.7,0.4109,46.3,0.40694955932203386,long_nclose,18.841764596610165,0.015684034834164313,1.0
1676459820000.0,65475,1676459820000.0,0.02607290847457644,-0.000542388,1201.359549211087,1201.5203517060022,-6.6,0.4109,39.7,0.40694955932203386,long_nclose,16.155897505084745,0.013448011892604556,2.0
1676460660000.0,65489,1676460660000.0,0.022122467796610312,-0.00046020800000000004,1201.3812114708835,1201.502281498002,-5.6,0.4109,34.1,0.40694955932203386,long_nclose,13.876979972881355,0.011550854833072837,14.0
1676460720000.0,65490,1676460720000.0,0.01896211525423741,-0.00039446399999999997,1201.3997791221377,1201.5331070340021,-4.8,0.4109,29.3,0.40694955932203386,long_nclose,11.923622088135593,0.009924774663141837,1.0
1676461080000.0,65496,1676461080000.0,0.01619680677966112,-0.00033693799999999995,1201.4156389909174,1201.530310096002,-4.1,0.4109,25.2,0.40694955932203386,long_nclose,10.255128894915252,0.00853587098593843,6.0
1676461920000.0,65510,1676461920000.0,0.032971850847457795,-0.00034843200000000003,1201.4482624097648,1201.627821664002,-4.2,0.4148,21.0,0.40694955932203386,long_nclose,8.545940745762712,0.0071130326732688235,14.0
1676462520000.0,65520,1676462520000.0,0.027476542372881496,-0.00029036000000000003,1201.4754485921376,1201.616331304002,-3.5,0.4148,17.5,0.40694955932203386,long_nclose,7.121617288135592,0.00592739310360486,10.0
1676463540000.0,65537,1676463540000.0,0.02276627796610181,-0.000240584,1201.4979742861037,1201.615510720002,-2.9,0.4148,14.6,0.40694955932203386,long_nclose,5.941463566101694,0.0049450466777789985,17.0
1676464620000.0,65555,1676464620000.0,0.03407627796610185,-0.00024284599999999999,1201.5318077180698,1201.678647874002,-2.9,0.4187,11.7,0.40694955932203386,long_nclose,4.761309844067796,0.003962699791618834,18.0
1676464980000.0,65561,1676464980000.0,0.027026013559322156,-0.000192602,1201.5586411296292,1201.6813152720022,-2.3,0.4187,9.4,0.40694955932203386,long_nclose,3.8253258576271185,0.0031836364257934093,6.0
1676465160000.0,65564,1676465160000.0,0.02115079322033908,-0.00015073200000000002,1201.5796411908495,1201.6712245400022,-1.8,0.4187,7.6,0.40694955932203386,long_nclose,3.0928166508474573,0.002573958932744782,3.0
1676467200000.0,65598,1676467200000.0,0.00942052881355937,-9.9552e-05,1201.588962167663,1201.6372849880022,-1.2,0.4148,6.4,0.40694955932203386,long_nclose,2.604477179661017,0.0021675275503218235,34.0
1676467260000.0,65599,1676467260000.0,0.007850440677966142,-8.296e-05,1201.596729648341,1201.640202028002,-1.0,0.4148,5.4,0.40694955932203386,long_nclose,2.197527620338983,0.0018288395483417393,1.0
1676467860000.0,65609,1676467860000.0,0.007065396610169528,-7.4664e-05,1201.603720380951,1201.644447364002,-0.9,0.4148,4.5,0.40694955932203386,long_nclose,1.8312730169491525,0.0015240240903786266,10.0
1676468160000.0,65614,1676468160000.0,0.005495308474576299,-5.8072e-05,1201.6091576174256,1201.6378492920019,-0.7,0.4148,3.8,0.40694955932203386,long_nclose,1.5464083254237286,0.0012869478529025009,5.0
1676468640000.0,65622,1676468640000.0,0.004710264406779685,-4.9776e-05,1201.6138181058325,1201.639579516002,-0.6,0.4148,3.2,0.40694955932203386,long_nclose,1.3022385898305084,0.0010837413570054446,8.0
1676470080000.0,65646,1676470080000.0,0.0,-0.011753466000000002,1201.6020646398324,1201.670746050002,143.3,0.4101,146.5,0.4100311849135189,long_ientry_partial,60.069568589830524,0.049991232836168395,24.0
1676474640000.0,65722,1676474640000.0,0.08294823530745413,-0.00173052,1201.68328235514,1202.181765530002,-20.9,0.414,125.6,0.4100311849135189,long_nclose,51.49991682513797,0.042856481055644685,76.0
1676474700000.0,65723,1676474700000.0,0.07104179004801095,-0.0014821199999999997,1201.7528420251879,1202.287983410002,-17.9,0.414,107.7,0.4100311849135189,long_nclose,44.16035861518599,0.03674662299176857,1.0
1676474880000.0,65726,1676474880000.0,0.060722870823160205,-0.00126684,1201.812298056011,1202.179016570002,-15.3,0.414,92.4,0.4100311849135189,long_nclose,37.88688148600915,0.03152479097384259,3.0
1676475000000.0,65728,1676475000000.0,0.052388359141549976,-0.00109296,1201.8635934551526,1202.2571236100018,-13.2,0.414,79.2,0.4100311849135189,long_nclose,32.4744698451507,0.02702009614235185,2.0
1676475300000.0,65733,1676475300000.0,0.04484761047723597,-0.0009356400000000002,1201.9075054256298,1202.2109379700019,-11.3,0.414,67.9,0.4100311849135189,long_nclose,27.841117455627938,0.023164109825380117,5.0
1676475480000.0,65736,1676475480000.0,0.03849750633886627,-0.0008031599999999999,1201.9451997719686,1202.2052848100018,-9.7,0.414,58.2,0.4100311849135189,long_nclose,23.863814961966803,0.01985432860540914,3.0
1676475600000.0,65738,1676475600000.0,0.03294116521779279,-0.00068724,1201.9774536971865,1202.2503475700018,-8.3,0.414,49.9,0.4100311849135189,long_nclose,20.460556127184592,0.01702241257874643,2.0
1676475720000.0,65740,1676475720000.0,0.06531116521779291,-0.0006937140000000001,1202.0420711484044,1202.352773856002,-8.3,0.4179,41.6,0.4100311849135189,long_nclose,17.05729729240239,0.014190266465554092,2.0
1676475780000.0,65741,1676475780000.0,0.05429482409671941,-0.0005767020000000001,1202.0957892705012,1202.3376071540022,-6.9,0.4179,34.7,0.4100311849135189,long_nclose,14.228082116499108,0.011836063517977634,1.0
1676476080000.0,65746,1676476080000.0,0.04485224599294212,-0.000476406,1202.140165110494,1202.414760748002,-5.7,0.4179,29.0,0.4100311849135189,long_nclose,11.890904362492048,0.009891445862637075,5.0
1676476440000.0,65752,1676476440000.0,0.06825912750159031,-0.000489288,1202.2079349499957,1202.474011460002,-5.8,0.4218,23.2,0.4100311849135189,long_nclose,9.512723489993638,0.007912710616395414,6.0
1676476500000.0,65753,1676476500000.0,0.054136549397813004,-0.00038805599999999996,1202.2616834433934,1202.4750034040019,-4.6,0.4218,18.6,0.4100311849135189,long_nclose,7.6265800393914525,0.006343527490245045,1.0
1676476560000.0,65754,1676476560000.0,0.04354461581998003,-0.00031213200000000007,1202.3049159272132,1202.5056012720017,-3.7,0.4218,14.9,0.4100311849135189,long_nclose,6.109464655211432,0.005081460263763319,1.0
1676476860000.0,65759,1676476860000.0,0.058344615819980045,-0.00031509200000000005,1202.3629454510333,1202.541796180002,-3.7,0.4258,11.2,0.4100311849135189,long_nclose,4.592349271031412,0.00381943679186547,5.0
1676476980000.0,65761,1676476980000.0,0.04415268224214705,-0.00023844800000000002,1202.4068596852755,1202.561997732002,-2.8,0.4258,8.4,0.4100311849135189,long_nclose,3.444261953273559,0.00286447297396081,2.0
1676477040000.0,65762,1676477040000.0,0.05507268224214709,-0.000240632,1202.4616917355177,1202.5819171000019,-2.8,0.4297,5.6,0.4100311849135189,long_nclose,2.296174635515706,0.0019095615696510283,1.0
1676477160000.0,65764,1676477160000.0,0.06627268224214694,-0.000242872,1202.52772154576,1202.585034228002,-2.8,0.4337,2.8,0.4100311849135189,long_nclose,1.148087317757853,0.0009547283585962344,2.0
1676477700000.0,65773,1676477700000.0,0.03313634112107347,-0.000121436,1202.560736450881,1202.5949927920021,-1.4,0.4337,1.4,0.4100311849135189,long_nclose,0.5740436588789265,0.0004773510738202731,9.0
1676477940000.0,65777,1676477940000.0,0.007867526034592443,-3.437600000000001e-05,1202.5685696009155,1202.586538416002,-0.4,0.4297,1.0,0.4100311849135189,long_nclose,0.4100311849135189,0.00034096283179061625,4.0
1676478540000.0,65787,1676478540000.0,0.0059006445259443315,-2.5782e-05,1202.5744444634415,1202.5877226340021,-0.3,0.4297,0.7,0.4100311849135189,long_nclose,0.28702182943946325,0.00023867281627419347,10.0
1676478600000.0,65788,1676478600000.0,0.003933763017296222,-1.7188000000000006e-05,1202.578361038459,1202.5883454460022,-0.2,0.4297,0.5,0.4100311849135189,long_nclose,0.20501559245675946,0.00017048002782930747,1.0
1676479200000.0,65798,1676479200000.0,0.0015768815086481093,-8.516000000000001e-06,1202.5799294039678,1202.5859169300024,-0.1,0.4258,0.4,0.4100311849135189,long_nclose,0.16401247396540758,0.0001363838443958538,10.0
1676479260000.0,65799,1676479260000.0,0.0015768815086481093,-8.516000000000001e-06,1202.5814977694765,1202.5864384140025,-0.1,0.4258,0.3,0.4100311849135189,long_nclose,0.12300935547405567,0.00010228774989654414,1.0
1676479800000.0,65808,1676479800000.0,0.001966881508648111,-8.594000000000003e-06,1202.5834560569851,1202.5872498200024,-0.1,0.4297,0.2,0.4100311849135189,long_nclose,0.08200623698270379,6.819172222074696e-05,9.0
1676479860000.0,65809,1676479860000.0,0.001966881508648111,-8.594000000000003e-06,1202.5854143444938,1202.5873612260025,-0.1,0.4297,0.1,0.4100311849135189,long_nclose,0.041003118491351895,3.40958055887464e-05,1.0
1676479920000.0,65810,1676479920000.0,0.001966881508648111,-8.594000000000003e-06,1202.5873726320024,1202.5873726320024,-0.1,0.4297,0.0,0.4100311849135189,long_nclose,0.0,0.0,1.0
1676549520000.0,66970,1676549520000.0,0.0,-0.012023167999999999,1202.5753494640023,1202.5491094640024,131.2,0.4582,131.2,0.4582,long_ientry_normal,60.11583999999999,0.04998925017612752,1160.0
1676550060000.0,66979,1676550060000.0,0.08228000000000028,-0.001730124,1202.6558993400024,1203.1396493400025,-18.7,0.4626,112.5,0.4582,long_nclose,51.5475,0.04286138705866609,9.0
1676550120000.0,66980,1676550120000.0,0.07040000000000024,-0.00148032,1202.7248190200025,1203.1397690200026,-16.0,0.4626,96.5,0.4582,long_nclose,44.2163,0.036763438569454375,1.0
1676550660000.0,66989,1676550660000.0,0.0602800000000002,-0.0012675240000000001,1202.7838314960024,1203.1812714960024,-13.7,0.4626,82.8,0.4582,long_nclose,37.93896,0.03154262553796733,9.0
1676551380000.0,67001,1676551380000.0,0.12144000000000042,-0.00128892,1202.9039825760024,1203.5801825760025,-13.8,0.467,69.0,0.4582,long_nclose,31.6158,0.026282895773854866,12.0
1676551980000.0,67011,1676551980000.0,0.18215999999999988,-0.0013010640000000002,1203.0848415120024,1203.8190015120024,-13.8,0.4714,55.2,0.4582,long_nclose,25.292640000000002,0.02102315574703189,10.0
1676552100000.0,67013,1676552100000.0,0.14519999999999988,-0.00103708,1203.2290044320023,1203.9052644320022,-11.0,0.4714,44.2,0.4582,long_nclose,20.25244,0.016831741859115498,2.0
1676552160000.0,67014,1676552160000.0,0.19360000000000005,-0.00104676,1203.4215576720023,1204.0125176720023,-11.0,0.4758,33.2,0.4582,long_nclose,15.212240000000001,0.012640823909975328,1.0
1676553000000.0,67028,1676553000000.0,0.08711999999999992,-0.0006222479999999999,1203.5080554240024,1203.8751354240023,-6.6,0.4714,26.6,0.4582,long_nclose,12.188120000000001,0.0101271611312199,14.0
1676553960000.0,67044,1676553960000.0,0.06995999999999994,-0.000499684,1203.5775157400024,1203.8714557400024,-5.3,0.4714,21.3,0.4582,long_nclose,9.75966,0.008108875309123246,16.0
1676554380000.0,67051,1676554380000.0,0.05543999999999996,-0.00039597600000000003,1203.6325597640025,1203.8941897640025,-4.2,0.4714,17.1,0.4582,long_nclose,7.8352200000000005,0.0065096444396089284,7.0
1676554500000.0,67053,1676554500000.0,0.07392000000000003,-0.00039967200000000006,1203.7060800920026,1203.9163500920026,-4.2,0.4758,12.9,0.4582,long_nclose,5.91078,0.004910484459419049,2.0
1676554980000.0,67061,1676554980000.0,0.032999999999999974,-0.00023569999999999998,1203.7388443920024,1203.8667643920023,-2.5,0.4714,10.4,0.4582,long_nclose,4.76528,0.003958732429546958,8.0
1676555400000.0,67068,1676555400000.0,0.0061600000000000205,-0.000129528,1203.7448748640024,1203.7925748640025,-1.4,0.4626,9.0,0.4582,long_nclose,4.1238,0.0034258089783899613,7.0
1676555580000.0,67071,1676555580000.0,0.0,-0.011204224,1203.7336706400024,1203.8606506400024,121.6,0.4607,130.6,0.46052771822358346,long_ientry_partial,60.14492,0.049965305006399036,3.0
1676559180000.0,67131,1676559180000.0,0.08132444104134728,-0.001729428,1203.8132656530436,1204.2581612120023,-18.6,0.4649,112.0,0.46052771822358346,long_nclose,51.579104441041345,0.042846433008080165,60.0
1676559240000.0,67132,1676559240000.0,0.06995650842266432,-0.00148768,1203.881734481466,1204.3110735320022,-16.0,0.4649,96.0,0.46052771822358346,long_nclose,44.210660949464014,0.03672342530265762,1.0
1676559840000.0,67142,1676559840000.0,0.14195650842266438,-0.00150208,1204.0221889098889,1204.8199714520022,-16.0,0.4694,80.0,0.46052771822358346,long_nclose,36.842217457886676,0.03059928446272514,10.0
1676559960000.0,67144,1676559960000.0,0.21235650842266462,-0.0015161600000000001,1204.2330292583117,1205.0632552920024,-16.0,0.4738,64.0,0.46052771822358346,long_nclose,29.47377396630934,0.024475141646349185,2.0
1676560020000.0,67145,1676560020000.0,0.1698852067381317,-0.0012129280000000003,1204.4017015370498,1205.1426823640024,-12.8,0.4738,51.2,0.46052771822358346,long_nclose,23.579019173047474,0.01957737119015697,1.0
1676560380000.0,67151,1676560380000.0,0.1353772741194487,-0.000966552,1204.5361122591694,1205.1499758120024,-10.2,0.4738,41.0,0.46052771822358346,long_nclose,18.881636447166922,0.015675442400604696,6.0
1676561040000.0,67162,1676561040000.0,0.10883271056661561,-0.000777032,1204.6441679377358,1204.9876587800022,-8.2,0.4738,32.8,0.46052771822358346,long_nclose,15.105309157733537,0.012539229060140423,11.0
1676561400000.0,67168,1676561400000.0,0.0862698315467075,-0.00061594,1204.7298218292826,1205.0446928400024,-6.5,0.4738,26.3,0.46052771822358346,long_nclose,12.111878989280246,0.010053606020052994,6.0
1676561460000.0,67169,1676561460000.0,0.06901586523736601,-0.0004927520000000001,1204.79834494252,1205.1142600880025,-5.2,0.4738,21.1,0.46052771822358346,long_nclose,9.717134854517612,0.00806536205441186,1.0
1676562000000.0,67178,1676562000000.0,0.055743583460949465,-0.00039799200000000006,1204.853690533981,1205.1489720960026,-4.2,0.4738,16.9,0.46052771822358346,long_nclose,7.78291843797856,0.00645963779596279,9.0
1676562000000.0,67178,1676562000000.0,0.07422358346094952,-0.0004016880000000001,1204.927512429442,1205.1494104080025,-4.2,0.4782,12.7,0.46052771822358346,long_nclose,5.84870202143951,0.004853986618370952,0.0
1676562060000.0,67179,1676562060000.0,0.054784073506891316,-0.000296484,1204.9820000189488,1205.1641339240025,-3.1,0.4782,9.6,0.46052771822358346,long_nclose,4.421066094946401,0.0036689893250495672,1.0
1676562600000.0,67188,1676562600000.0,0.04241347626339973,-0.00022953600000000002,1205.0241839592122,1205.1463843880024,-2.4,0.4782,7.2,0.46052771822358346,long_nclose,3.315799571209801,0.002751645664334679,9.0
1676562900000.0,67193,1676562900000.0,0.0318101071975498,-0.00017215200000000001,1205.0558219144098,1205.1501722360024,-1.8,0.4782,5.4,0.46052771822358346,long_nclose,2.486849678407351,0.0020636800662533804,5.0
1676563080000.0,67196,1676563080000.0,0.02297396630934152,-0.000124332,1205.078671548719,1205.1523579040024,-1.3,0.4782,4.1,0.46052771822358346,long_nclose,1.888163644716692,0.0015668384888847958,3.0
1676563260000.0,67199,1676563260000.0,0.017672281776416554,-9.564000000000001e-05,1205.0962481904955,1205.1566122640024,-1.0,0.4782,3.1,0.46052771822358346,long_nclose,1.4276359264931087,0.0011846654809827566,3.0
1676563380000.0,67201,1676563380000.0,0.022072281776416514,-9.652e-05,1205.118223952272,1205.1727657440026,-1.0,0.4826,2.1,0.46052771822358346,long_nclose,0.9671082082695253,0.0008025006916730743,2.0
1676563380000.0,67201,1676563380000.0,0.026572281776416518,-9.742e-05,1205.1446988140485,1205.1732683240025,-1.0,0.4871,1.1,0.46052771822358346,long_nclose,0.5065804900459419,0.0004203482706636427,0.0
1676563440000.0,67202,1676563440000.0,0.013286140888208259,-4.871e-05,1205.1579362449365,1205.1741196140024,-0.5,0.4871,0.6,0.46052771822358346,long_nclose,0.27631663093415004,0.0002292783564908553,1.0
1676563440000.0,67202,1676563440000.0,0.018583369065849918,-5.898e-05,1205.1764606340025,1205.1764606340025,-0.6,0.4915,0.0,0.46052771822358346,long_nclose,0.0,0.0,0.0
1676578920000.0,67460,1676578920000.0,0.0,-0.012056016000000001,1205.1644046180024,1205.0499246180025,127.2,0.4739,127.2,0.4739,long_ientry_normal,60.28008,0.05001813841249884,258.0
1676583060000.0,67529,1676583060000.0,0.0,-0.012049296000000001,1205.1523553220024,1203.1767953220024,130.8,0.4606,258.0,0.4671572093023256,long_rentry,120.52656000000002,0.10000939671050699,69.0
1676586300000.0,67583,1676586300000.0,0.0,-0.012052460000000001,1205.1403028620025,1201.2789428620024,133.0,0.4531,391.0,0.46237560102301795,long_rentry,180.78886000000003,0.1500147821549552,54.0
1676586720000.0,67590,1676586720000.0,0.0,-0.017331072,1205.1229717900026,1199.5795517900026,193.6,0.4476,584.6,0.4574824153267191,long_rentry,267.44422000000003,0.22192276328676874,7.0
1676587140000.0,67597,1676587140000.0,0.0,-0.02556864,1205.0974031500025,1195.7251331500024,289.5,0.4416,874.1,0.45222219425695,long_rentry,395.28742,0.328012838602721,7.0
1676590500000.0,67653,1676590500000.0,0.0,-0.037636326,1205.0597668240025,1190.7892168240026,432.9,0.4347,1307.0,0.44641855394032126,long_rentry,583.4690499999999,0.4841826655102451,56.0
1676594160000.0,67714,1676594160000.0,0.7993459793420186,-0.016829137999999997,1205.8422836653444,1209.8545776860026,-186.7,0.4507,1120.3,0.44641855394032126,long_nclose,500.1227059793419,0.4147496838965884,61.0
1676594340000.0,67717,1676594340000.0,0.6850313695485966,-0.0144224,1206.512892634893,1209.4720052860025,-160.0,0.4507,960.3,0.44641855394032126,long_nclose,428.6957373488905,0.3553179911842182,3.0
1676594880000.0,67726,1676594880000.0,0.5869862547819537,-0.012358194,1207.087520695675,1210.4473670920027,-137.1,0.4507,823.2,0.44641855394032126,long_nclose,367.49175360367246,0.30444499450369406,9.0
1676594940000.0,67727,1676594940000.0,0.5034980566182184,-0.010600464,1207.5804182882932,1210.8130866280026,-117.6,0.4507,705.6,0.44641855394032126,long_nclose,314.9929316602907,0.26084633941545954,1.0
1676596080000.0,67746,1676596080000.0,0.4315697628156158,-0.009086112,1208.0029019391088,1210.4713605160025,-100.8,0.4507,604.8,0.44641855394032126,long_nclose,269.99394142310626,0.22350438147930518,19.0
1676596140000.0,67747,1676596140000.0,0.36991693955624216,-0.007788096,1208.3650307826651,1210.7400524200027,-86.4,0.4507,518.4,0.44641855394032126,long_nclose,231.42337836266253,0.19151777192093042,1.0
1676596620000.0,67755,1676596620000.0,0.3168270084162259,-0.00667036,1208.6751874310812,1210.9333820600025,-74.0,0.4507,444.4,0.44641855394032126,long_nclose,198.38840537107876,0.1641370712612489,8.0
1676600280000.0,67816,1676600280000.0,0.6350270084162278,-0.006734,1209.3034804394974,1212.8524480600024,-74.0,0.455,370.4,0.44641855394032126,long_nclose,165.353432379495,0.13673443850455186,61.0
1676600400000.0,67818,1676600400000.0,0.5294752218821792,-0.005614700000000001,1209.8273409613796,1212.4764333600024,-61.7,0.455,308.7,0.44641855394032126,long_nclose,137.80940760137716,0.11390832636652766,2.0
1676600460000.0,67819,1676600460000.0,0.441086327467488,-0.0046774,1210.263749888847,1212.6004059600025,-51.4,0.455,257.3,0.44641855394032126,long_nclose,114.86349392884466,0.09490781983629101,1.0
1676600880000.0,67826,1676600880000.0,0.36728589135425066,-0.0038948000000000003,1210.6271409802014,1212.5751111600025,-42.8,0.455,214.5,0.44641855394032126,long_nclose,95.75677982019891,0.07909683880262926,7.0
1676601780000.0,67841,1676601780000.0,0.30635762433053154,-0.0032487,1210.9302499045318,1212.6434124600023,-35.7,0.455,178.8,0.44641855394032126,long_nclose,79.81963744452945,0.0659159662175607,15.0
1676603580000.0,67871,1676603580000.0,0.2557270925784269,-0.0027118000000000003,1211.1832651971101,1212.4619006600024,-29.8,0.455,149.0,0.44641855394032126,long_nclose,66.51636453710786,0.05491849701728076,30.0
1676603640000.0,67872,1676603640000.0,0.2128198622800331,-0.0022568,1211.3938282593901,1212.5217438600023,-24.8,0.455,124.2,0.44641855394032126,long_nclose,55.445184399387905,0.045769743171842944,1.0
1676605560000.0,67904,1676605560000.0,0.17763593343535022,-0.0018837,1211.5695804928255,1212.5612601600021,-20.7,0.455,103.5,0.44641855394032126,long_nclose,46.20432033282325,0.03813591978269122,32.0
1676605980000.0,67911,1676605980000.0,0.0,-0.002707628,1211.5668728648254,1212.4092625320022,29.8,0.4543,133.3,0.4481804976205795,long_ientry_partial,59.74246033282325,0.049310080748212005,7.0
1676606520000.0,67920,1676606520000.0,0.191352952823135,-0.002028192,1211.7561976256486,1212.6249443400022,-22.2,0.4568,111.1,0.4481804976205795,long_nclose,49.79285328564638,0.041091478123414585,9.0
1676606640000.0,67922,1676606640000.0,0.15946079401927918,-0.00169016,1211.9139682596679,1212.6843541800022,-18.5,0.4568,92.6,0.4481804976205795,long_nclose,41.50151407966566,0.034244604127521235,2.0
1676606700000.0,67923,1676606700000.0,0.13274033664307563,-0.001406944,1212.0453016523109,1212.8419672360021,-15.4,0.4568,77.2,0.4481804976205795,long_nclose,34.599534416308735,0.028546403644435735,1.0
1676606820000.0,67925,1676606820000.0,0.19896033664307605,-0.0014201880000000002,1212.2428418009538,1213.065987048002,-15.4,0.4611,61.8,0.4481804976205795,long_nclose,27.69755475295181,0.022848189981310406,2.0
1676608620000.0,67955,1676608620000.0,0.0,-0.006508440000000001,1212.2363333609537,1212.626878608002,71.6,0.4545,133.4,0.4515723744599086,long_ientry_partial,60.23975475295181,0.049693078069963204,30.0
1676614200000.0,68048,1676614200000.0,0.08222488526173694,-0.0017324200000000001,1212.3168258262153,1212.8805461880017,-19.0,0.4559,114.4,0.4515723744599086,long_nclose,51.659879638213546,0.042612523836750696,93.0
1676615400000.0,68068,1676615400000.0,0.16392488526173637,-0.00174876,1212.4790019514771,1213.4260974280019,-19.0,0.4602,95.4,0.4515723744599086,long_nclose,43.08000452347528,0.03553051595461719,20.0
1676615820000.0,68075,1676615820000.0,0.13717924608745308,-0.0014634360000000003,1212.6147177615646,1213.324463992002,-15.9,0.4602,79.5,0.4515723744599086,long_nclose,35.90000376956274,0.029605449483437428,7.0
1676617200000.0,68098,1676617200000.0,0.11388465712920631,-0.0012149279999999999,1212.7273874906937,1213.3524390640018,-13.2,0.4602,66.3,0.4515723744599086,long_nclose,29.93924842669194,0.02468753384768569,23.0
1676617380000.0,68101,1676617380000.0,0.09490388094100527,-0.00101244,1212.8212789316347,1213.3149766240017,-11.0,0.4602,55.3,0.4515723744599086,long_nclose,24.971952307632947,0.02058996881191807,3.0
1676618580000.0,68121,1676618580000.0,0.14330388094100543,-0.00102212,1212.9635606925756,1213.5362545040016,-11.0,0.4646,44.3,0.4515723744599086,long_nclose,20.00465618857395,0.01649238018094437,20.0
1676618640000.0,68122,1676618640000.0,0.11464310475280436,-0.0008176960000000001,1213.0773861013283,1213.5718168080016,-8.8,0.4646,35.5,0.4515723744599086,long_nclose,16.030819293326754,0.013215001348634242,1.0
1676619420000.0,68135,1676619420000.0,0.09249614133464895,-0.000659732,1213.1692225106628,1213.5363670760014,-7.1,0.4646,28.4,0.4515723744599086,long_nclose,12.824655434661404,0.010571200782789957,13.0
1676619480000.0,68136,1676619480000.0,0.07295470302451185,-0.0005203520000000001,1213.2416568616875,1213.5478067240015,-5.6,0.4646,22.8,0.4515723744599086,long_nclose,10.295850137685918,0.008486231971558218,1.0
1676620500000.0,68153,1676620500000.0,0.03278497705234727,-0.000349752,1213.27409208674,1213.4342169720016,-3.8,0.4602,19.0,0.4515723744599086,long_nclose,8.579875114738263,0.00707167091978493,17.0
1676621100000.0,68163,1676621100000.0,0.026745639174283305,-0.000285324,1213.3005524019143,1213.4345516480016,-3.1,0.4602,15.9,0.4515723744599086,long_nclose,7.180000753912547,0.005917742920085741,10.0
1676621160000.0,68164,1676621160000.0,0.02243182640423761,-0.00023930400000000002,1213.3227449243186,1213.4348323440017,-2.6,0.4602,13.3,0.4515723744599086,long_nclose,6.005912580316785,0.004949971147776848,1.0
1676621220000.0,68165,1676621220000.0,0.018980776188201057,-0.00020248800000000002,1213.341523212507,1213.451719856002,-2.2,0.4602,11.1,0.4515723744599086,long_nclose,5.012453356504985,0.004131114991625565,1.0
1676621580000.0,68171,1676621580000.0,0.0155297259721645,-0.000165672,1213.356887266479,1213.4445641840018,-1.8,0.4602,9.3,0.4515723744599086,long_nclose,4.19962308247715,0.00346116062516306,6.0
1676623800000.0,68208,1676623800000.0,0.0,-0.011284812000000002,1213.345602454479,1213.3279193720018,123.9,0.4554,133.2,0.4551327558744532,long_ientry_partial,60.62368308247716,0.04996406873675679,37.0
1676625840000.0,68242,1676625840000.0,0.08297763838539002,-0.0017461000000000002,1213.4268339928644,1213.9255732720019,-19.0,0.4595,114.2,0.4551327558744532,long_nclose,51.97616072086255,0.04283419425449116,34.0
1676626200000.0,68248,1676626200000.0,0.07118607924641354,-0.0014979700000000002,1213.496522102111,1213.924075302002,-16.3,0.4595,97.9,0.4551327558744532,long_nclose,44.55749680010897,0.03671827317883292,6.0
1676626260000.0,68249,1676626260000.0,0.06070469334510112,-0.00127741,1213.555949385456,1214.006797892002,-13.9,0.4595,84.0,0.4551327558744532,long_nclose,38.231151493454064,0.03150341071032967,1.0
1676626860000.0,68259,1676626860000.0,0.05240692950656212,-0.0011028000000000001,1213.6072535149626,1213.957695092002,-12.0,0.4595,72.0,0.4551327558744532,long_nclose,32.76955842296063,0.027001781942263756,10.0
1676627100000.0,68263,1676627100000.0,0.0445458900805778,-0.0009373799999999999,1213.6508620250431,1213.920757712002,-10.2,0.4595,61.8,0.4551327558744532,long_nclose,28.127204313041204,0.023175696728884136,4.0
1676627160000.0,68264,1676627160000.0,0.03843174830481222,-0.0008087200000000002,1213.6884850533481,1213.9199489920022,-8.8,0.4595,53.0,0.4551327558744532,long_nclose,24.12203606134602,0.01987498139630593,1.0
1676627220000.0,68265,1676627220000.0,0.03275433094160132,-0.0006892500000000001,1213.7205501342896,1213.942009742002,-7.5,0.4595,45.5,0.4551327558744532,long_nclose,20.70854039228762,0.017062033257982133,1.0
1676627520000.0,68270,1676627520000.0,0.02838708681605448,-0.0005973500000000001,1213.7483398711058,1213.9381623920021,-6.5,0.4595,39.0,0.4551327558744532,long_nclose,17.750177479103673,0.01462426509352726,5.0
1676628480000.0,68286,1676628480000.0,0.0,-0.008585388000000001,1213.7397544831058,1213.8018370040022,94.2,0.4557,133.2,0.4555339150082859,long_ientry_partial,60.67711747910367,0.04999186790659599,16.0
1676644740000.0,68557,1676644740000.0,0.08295561484256775,-0.0017476199999999999,1213.8209624779483,1214.2167893840021,-19.0,0.4599,114.2,0.4555339150082859,long_nclose,52.02197309394625,0.04285802824474729,271.0
1676645040000.0,68562,1676645040000.0,0.0711671853649397,-0.001499274,1213.8906303893132,1214.327860110002,-16.3,0.4599,97.9,0.4555339150082859,long_nclose,44.596770279311194,0.0367387054178088,5.0
1676645400000.0,68568,1676645400000.0,0.0,-0.0032775480000000004,1213.8873528413133,1213.381942562002,36.2,0.4527,134.1,0.4547689058859895,long_ientry_partial,60.98451027931119,0.050239019408651386,6.0
1676651280000.0,68666,1676651280000.0,0.0,-0.012137320000000002,1213.8752155213133,1211.755805242002,137.3,0.442,271.4,0.44830917567911277,long_rentry,121.6711102793112,0.10023362263563317,98.0
1676654100000.0,68713,1676654100000.0,0.16605490121833588,-0.0035031240000000007,1214.0377672985317,1215.0129721180022,-38.7,0.4526,232.7,0.44830917567911277,long_nclose,104.32154518052954,0.08592940680310557,47.0
1676654160000.0,68714,1676654160000.0,0.1424553674534561,-0.0030052640000000005,1214.1772174019852,1214.7140368540022,-33.2,0.4526,199.5,0.44830917567911277,long_nclose,89.43768054798299,0.07366114210193775,1.0
1676655300000.0,68733,1676655300000.0,0.12228849314528611,-0.0025798200000000005,1214.2969260751306,1215.0990570340023,-28.5,0.4526,171.0,0.44830917567911277,long_nclose,76.66086904112828,0.0631318974749551,19.0
1676655900000.0,68743,1676655900000.0,0.10469611342964846,-0.002208688,1214.39941350056,1215.087088346002,-24.4,0.4526,146.6,0.44830917567911277,long_nclose,65.72212515455793,0.054119035651632105,10.0
1676664240000.0,68882,1676664240000.0,0.08967822830654315,-0.001891868,1214.4871998608667,1215.0139864780022,-20.9,0.4526,125.7,0.44830917567911277,long_nclose,56.35246338286448,0.04640021186663828,139.0
1676664300000.0,68883,1676664300000.0,0.07680575534388145,-0.001620308,1214.5623853082107,1215.0141561700023,-17.9,0.4526,107.8,0.44830917567911277,long_nclose,48.327729138208355,0.039790240273203076,1.0
1676664360000.0,68884,1676664360000.0,0.06607869454166337,-0.001394008,1214.6270699947522,1215.1067021620022,-15.4,0.4526,92.4,0.44830917567911277,long_nclose,41.42376783275002,0.034104103931200044,1.0
1676664540000.0,68887,1676664540000.0,0.13229869454166293,-0.001407252,1214.757961437294,1215.5041549100022,-15.4,0.4569,77.0,0.44830917567911277,long_nclose,34.519806527291685,0.028417024315237308,3.0
1676664720000.0,68890,1676664720000.0,0.1099625513073562,-0.0011696640000000002,1214.8667543246013,1215.5531052460024,-12.8,0.4569,64.2,0.44830917567911277,long_nclose,28.781449078599042,0.02369103358548974,3.0
1676665080000.0,68896,1676665080000.0,0.09192182023349306,-0.000977766,1214.9576983788347,1215.3959074800023,-10.7,0.4569,53.5,0.44830917567911277,long_nclose,23.984540898832535,0.019741050187044404,6.0
1676665260000.0,68899,1676665260000.0,0.0764583364558961,-0.0008132820000000001,1215.0333434332906,1215.4209541980022,-8.9,0.4569,44.6,0.44830917567911277,long_nclose,19.99458923528843,0.016456000440934565,3.0
1676665440000.0,68902,1676665440000.0,0.0635720999745653,-0.000676212,1215.0962393212653,1215.4753379860024,-7.4,0.4569,37.2,0.44830917567911277,long_nclose,16.677101335262996,0.013724922187709656,3.0
1676666520000.0,68920,1676666520000.0,0.053263110789500655,-0.0005665560000000001,1215.1489358760548,1215.3718514300024,-6.2,0.4569,31.0,0.44830917567911277,long_nclose,13.897584446052496,0.011436939156789954,18.0
1676666760000.0,68924,1676666760000.0,0.04381320403652473,-0.00046603799999999994,1215.1922830420913,1215.4044253920022,-5.1,0.4569,25.9,0.44830917567911277,long_nclose,11.61120765008902,0.009555037348510577,4.0
1676666880000.0,68926,1676666880000.0,0.03694054457981497,-0.00039293399999999995,1215.2288306526711,1215.4165524580023,-4.3,0.4569,21.6,0.44830917567911277,long_nclose,9.683478194668837,0.00796844014099638,2.0
1676667000000.0,68928,1676667000000.0,0.03092696755519393,-0.000328968,1215.2594286522262,1215.4068634900023,-3.6,0.4569,18.0,0.44830917567911277,long_nclose,8.06956516222403,0.00664019959192871,2.0
1676667360000.0,68934,1676667360000.0,0.025772472962661608,-0.00027414,1215.2849269851888,1215.415289350002,-3.0,0.4569,15.0,0.44830917567911277,long_nclose,6.724637635186691,0.005533383559581207,6.0
1676667480000.0,68936,1676667480000.0,0.021477060802218007,-0.00022845,1215.3061755959911,1215.4335609000022,-2.5,0.4569,12.5,0.44830917567911277,long_nclose,5.60386469598891,0.004611072344169362,2.0
1676668200000.0,68948,1676668200000.0,0.017181648641774405,-0.00018276,1215.323174484633,1215.4144281400024,-2.0,0.4569,10.5,0.44830917567911277,long_nclose,4.7072463446306845,0.0038732465927236418,12.0
1676669460000.0,68969,1676669460000.0,0.014604401345508245,-0.000155346,1215.3376235399785,1215.4141027940022,-1.7,0.4569,8.8,0.44830917567911277,long_nclose,3.9451207459761926,0.00324611093210875,21.0
1676671140000.0,68997,1676671140000.0,0.0,-0.011359088,1215.3262644519784,1215.2907037060022,126.1,0.4504,134.9,0.45026360819848915,long_ientry_partial,60.74056074597619,0.04997881023608558,28.0
1676679480000.0,69136,1676679480000.0,0.08325872258900836,-0.001745664,1215.4077775105675,1215.9557780420023,-19.2,0.4546,115.7,0.45026360819848915,long_nclose,52.095499468565194,0.042862568787628355,139.0
1676679960000.0,69144,1676679960000.0,0.1658187225890078,-0.0017621759999999998,1215.5718340571564,1216.414895866002,-19.2,0.4589,96.5,0.45026360819848915,long_nclose,43.450438191154205,0.03574485437535332,8.0
1676680380000.0,69151,1676680380000.0,0.13818226882417317,-0.00146848,1215.7085478459805,1216.4118273860022,-16.0,0.4589,80.5,0.45026360819848915,long_nclose,36.246220459978375,0.02981489315362653,7.0
1676681160000.0,69164,1676681160000.0,0.11572765014024504,-0.001229852,1215.8230456441208,1216.5099075340022,-13.4,0.4589,67.1,0.45026360819848915,long_nclose,30.21268811011862,0.0248495767688895,13.0
1676681640000.0,69172,1676681640000.0,0.09586394899677013,-0.0010187579999999998,1215.9178908351175,1216.3231287760022,-11.1,0.4589,56.0,0.45026360819848915,long_nclose,25.214762059115394,0.020737224321781607,8.0
1676682060000.0,69179,1676682060000.0,0.08031844375405066,-0.0008535540000000002,1215.9973557248716,1216.428695222002,-9.3,0.4589,46.7,0.45026360819848915,long_nclose,21.027310502869444,0.017292233740372566,7.0
1676682660000.0,69189,1676682660000.0,0.1203084437540509,-0.000861552,1216.1168026166256,1216.6679436700022,-9.3,0.4632,37.4,0.45026360819848915,long_nclose,16.839858946623494,0.013847238119225436,10.0
1676683500000.0,69203,1676683500000.0,0.0957292993311803,-0.000685536,1216.2118463799568,1216.578938134002,-7.4,0.4632,30.0,0.45026360819848915,long_nclose,13.507908245954674,0.011106542241107778,14.0
1676683920000.0,69210,1676683920000.0,0.0776183508090651,-0.00055584,1216.2889088907657,1216.606582294002,-6.0,0.4632,24.0,0.45026360819848915,long_nclose,10.80632659676374,0.008884670835828735,7.0
1676684520000.0,69220,1676684520000.0,0.06209468064725207,-0.000444672,1216.350558899413,1216.604697622002,-4.8,0.4632,19.2,0.45026360819848915,long_nclose,8.645061277410992,0.007107376417233925,10.0
1676684880000.0,69226,1676684880000.0,0.04915828884574122,-0.000352032,1216.399365156259,1216.6032055900023,-3.8,0.4632,15.4,0.45026360819848915,long_nclose,6.9340595662567335,0.005700479435358783,6.0
1676685900000.0,69243,1676685900000.0,0.06587828884574128,-0.000355376,1216.4648880691047,1216.6648302140022,-3.8,0.4676,11.6,0.45026360819848915,long_nclose,5.223057855102474,0.004293636344402045,17.0
1676685960000.0,69244,1676685960000.0,0.0502755362243815,-0.000271208,1216.5148923973293,1216.6648490060024,-2.9,0.4676,8.7,0.45026360819848915,long_nclose,3.9172933913268553,0.0032200948922271122,1.0
1676686680000.0,69256,1676686680000.0,0.021991866062568442,-0.000157488,1216.5367267753918,1216.6258815180024,-1.7,0.4632,7.0,0.45026360819848915,long_nclose,3.1518452573894242,0.0025908344466869077,12.0
1676686920000.0,69260,1676686920000.0,0.018110948522115186,-0.000129696,1216.5547080279139,1216.6316318220024,-1.4,0.4632,5.6,0.45026360819848915,long_nclose,2.521476205911539,0.0020726369223452003,4.0
1676687580000.0,69271,1676687580000.0,0.014230030981661935,-0.00010190400000000002,1216.5688361548955,1216.6306499180023,-1.1,0.4632,4.5,0.45026360819848915,long_nclose,2.026186236893201,0.0016654924708553226,11.0
1676687940000.0,69277,1676687940000.0,0.01907003098166195,-0.00010287200000000001,1216.5878033138772,1216.6464070460024,-1.1,0.4676,3.4,0.45026360819848915,long_nclose,1.530896267874863,0.001258352470495625,6.0
1676688900000.0,69293,1676688900000.0,0.007761835080906509,-5.5584e-05,1216.595509564958,1216.6325714620023,-0.6,0.4632,2.8,0.45026360819848915,long_nclose,1.2607381029557696,0.0010362837056719012,16.0
1676689020000.0,69295,1676689020000.0,0.006468195900755425,-4.6320000000000004e-05,1216.6019314408588,1216.6323751420023,-0.5,0.4632,2.3,0.45026360819848915,long_nclose,1.0356062988565249,0.000851228550681343,2.0
1676691060000.0,69329,1676691060000.0,0.00517455672060434,-3.7056e-05,1216.6070689415794,1216.6341180860022,-0.4,0.4632,1.9,0.45026360819848915,long_nclose,0.8555008555771293,0.0007031858333039242,34.0
1676691120000.0,69330,1676691120000.0,0.006934556720604346,-3.7408000000000005e-05,1216.6139660903,1216.6413206780023,-0.4,0.4676,1.5,0.45026360819848915,long_nclose,0.6753954122977337,0.0005551435633014953,1.0
1676691720000.0,69340,1676691720000.0,0.005200917540453259,-2.8056e-05,1216.6191389518403,1216.6404226220022,-0.3,0.4676,1.2,0.45026360819848915,long_nclose,0.540316329838187,0.00044411296233896853,10.0
1676691900000.0,69343,1676691900000.0,0.005200917540453259,-2.8056e-05,1216.6243118133807,1216.638474566002,-0.3,0.4676,0.9,0.45026360819848915,long_nclose,0.40523724737864025,0.0003330833055395987,3.0
1676693460000.0,69369,1676693460000.0,0.001293639180151085,-9.264e-06,1216.6255961885608,1216.636185302002,-0.1,0.4632,0.8,0.45026360819848915,long_nclose,0.36021088655879135,0.0002960737368071643,26.0
1676693940000.0,69377,1676693940000.0,0.001293639180151085,-9.264e-06,1216.626880563741,1216.636846038002,-0.1,0.4632,0.7,0.45026360819848915,long_nclose,0.3151845257389424,0.00025906424621564936,8.0
1676694420000.0,69385,1676694420000.0,0.0017336391801510865,-9.352000000000001e-06,1216.6286048509212,1216.639246686002,-0.1,0.4676,0.6,0.45026360819848915,long_nclose,0.2701581649190935,0.00022205475347359367,8.0
1676694540000.0,69387,1676694540000.0,0.0017336391801510865,-9.352000000000001e-06,1216.6303291381014,1216.6384473340022,-0.1,0.4676,0.5,0.45026360819848915,long_nclose,0.22513180409924458,0.0001850453656360309,2.0
1676694600000.0,69388,1676694600000.0,0.0017336391801510865,-9.352000000000001e-06,1216.6320534252816,1216.6391479820022,-0.1,0.4676,0.4,0.45026360819848915,long_nclose,0.18010544327939568,0.00014803608270251505,1.0
1676694900000.0,69393,1676694900000.0,0.0017336391801510865,-9.352000000000001e-06,1216.6337777124618,1216.6390986300023,-0.1,0.4676,0.3,0.45026360819848915,long_nclose,0.13507908245954675,0.00011102690467260003,5.0
1676696520000.0,69420,1676696520000.0,0.0021636391801510835,-9.438000000000002e-06,1216.635931913642,1216.6401791920023,-0.1,0.4719,0.2,0.45026360819848915,long_nclose,0.09005272163969784,7.401780539068434e-05,27.0
1676696640000.0,69422,1676696640000.0,0.0021636391801510835,-9.438000000000002e-06,1216.6380861148223,1216.6402597540025,-0.1,0.4719,0.1,0.45026360819848915,long_nclose,0.04502636081984892,3.7008837166716384e-05,2.0
1676697540000.0,69437,1676697540000.0,0.0017336391801510865,-9.352000000000001e-06,1216.6398104020025,1216.6398104020025,-0.1,0.4676,0.0,0.45026360819848915,long_nclose,0.0,0.0,15.0
1676704860000.0,69559,1676704860000.0,0.0,-0.012163818000000002,1216.6276465840024,1216.7463565840023,131.9,0.4611,131.9,0.4611,long_ientry_normal,60.81909,0.04998989639169007,122.0
1676705580000.0,69571,1676705580000.0,0.08272000000000028,-0.00175028,1216.7086163040026,1217.2062563040026,-18.8,0.4655,113.1,0.4611,long_nclose,52.15041,0.04286187284381808,12.0
1676705700000.0,69573,1676705700000.0,0.07084000000000025,-0.0014989100000000002,1216.7779573940027,1217.1562573940028,-16.1,0.4655,97.0,0.4611,long_nclose,44.7267,0.03675830888307022,2.0
1676706360000.0,69584,1676706360000.0,0.0,-0.003218478,1216.7747389160027,1216.7615489160028,34.9,0.4611,131.9,0.4611,long_ientry_partial,60.81909,0.04998385325962829,11.0
1676749380000.0,70301,1676749380000.0,0.0,-0.012170396000000002,1216.7625685200026,1215.0210985200026,135.8,0.4481,267.7,0.4545053044452746,long_rentry,121.67107,0.09999573716998332,717.0
1676801400000.0,71168,1676801400000.0,0.0,-0.01216884,1216.7503996800026,1213.3516796800027,138.0,0.4409,405.7,0.4498774217402021,long_rentry,182.51527,0.15000222728342666,867.0
1676825460000.0,71569,1676825460000.0,0.0,-0.017498390000000003,1216.7329012900027,1210.2933812900028,200.9,0.4355,606.6,0.4451157599736234,long_rentry,270.00721999999996,0.22191166172438775,401.0
1676826540000.0,71587,1676826540000.0,0.0,-0.025816376,1216.7070849140027,1209.441984914003,300.4,0.4297,907.0,0.4400100330760749,long_rentry,399.0890999999999,0.32800754178908037,18.0
1676855580000.0,72071,1676855580000.0,0.0,-0.03800232,1216.6690825940027,1202.5971825940028,449.2,0.423,1356.2,0.43437597699454344,long_rentry,589.1006999999998,0.48419139470858097,484.0
1676863500000.0,72203,1676863500000.0,0.798823256156935,-0.01698749,1217.4509183601597,1222.826345104003,-193.7,0.4385,1162.5,0.43437597699454344,long_nclose,504.96207325615677,0.41476996373399044,132.0
1676864100000.0,72213,1676864100000.0,0.6845878189057883,-0.0145582,1218.1209479790655,1222.7287869040028,-166.0,0.4385,996.5,0.43437597699454344,long_nclose,432.8556610750625,0.35534703002456003,10.0
1676864580000.0,72221,1676864580000.0,0.586848473676468,-0.012479710000000001,1218.6953167427419,1223.0722571940028,-142.3,0.4385,854.2,0.43437597699454344,long_nclose,371.04395954873905,0.30445998638974325,8.0
1676865720000.0,72240,1676865720000.0,1.1845084736764655,-0.012599242000000002,1219.8672259744183,1226.0066679520028,-142.3,0.4427,711.9,0.43437597699454344,long_nclose,309.23225802241546,0.25349665228968155,19.0
1676867580000.0,72271,1676867580000.0,0.9872291284471454,-0.010500844,1220.8439542588653,1225.9605871080028,-118.6,0.4427,593.3,0.43437597699454344,long_nclose,257.7152671508626,0.2110959932691096,31.0
1676868720000.0,72290,1676868720000.0,1.4853491284471496,-0.010600468,1222.3187029193125,1228.3113266400028,-118.6,0.4469,474.7,0.43437597699454344,long_nclose,206.19827627930977,0.16869436406956564,19.0
1676871060000.0,72329,1676871060000.0,1.188529783217829,-0.008482162000000001,1223.4987505405302,1228.2933544780026,-94.9,0.4469,379.8,0.43437597699454344,long_nclose,164.9759960625276,0.13483952966003665,39.0
1676871300000.0,72333,1676871300000.0,0.9505733461141541,-0.006783942000000001,1224.4425399446443,1228.2789805360026,-75.9,0.4469,303.9,0.43437597699454344,long_nclose,132.00685940864173,0.10780976248555495,4.0
1676872920000.0,72360,1676872920000.0,0.7602081964312142,-0.005425366000000001,1225.1973227750755,1228.1458851700024,-60.7,0.4469,243.2,0.43437597699454344,long_nclose,105.64023760507295,0.0862230398657724,27.0
1676872980000.0,72361,1676872980000.0,0.6086675180651896,-0.004343868000000001,1225.8016464251407,1228.2582813020026,-48.6,0.4469,194.6,0.43437597699454344,long_nclose,84.52956512313816,0.06895859976176036,1.0
1676873340000.0,72367,1676873340000.0,0.48718449491226073,-0.003476882,1226.285354038053,1228.2509144200026,-38.9,0.4469,155.7,0.43437597699454344,long_nclose,67.63233961805041,0.05515220368191049,6.0
1676875740000.0,72407,1676875740000.0,0.3894971154696995,-0.002779718,1226.6720714355226,1228.3073247020025,-31.1,0.4469,124.6,0.43437597699454344,long_nclose,54.12324673352011,0.044122017606695776,40.0
1676878020000.0,72445,1676878020000.0,0.520117115469699,-0.0028058420000000002,1227.1893827089923,1228.7904788600024,-31.1,0.4511,93.5,0.43437597699454344,long_nclose,40.614153848989815,0.033095261759301574,38.0
1676880180000.0,72481,1676880180000.0,0.6476271154696988,-0.002831344,1227.834178480462,1229.1523175160025,-31.1,0.4552,62.4,0.43437597699454344,long_nclose,27.10506096445951,0.02207550615507713,36.0
1676880960000.0,72494,1676880960000.0,0.4331396785134962,-0.0018936320000000003,1228.2654245269755,1229.1441838840026,-20.8,0.4552,41.6,0.43437597699454344,long_nclose,18.07004064297301,0.01471183693860964,13.0
1676881740000.0,72507,1676881740000.0,0.17392983925674818,-0.000938288,1228.4384160782322,1228.9570855960023,-10.4,0.4511,31.2,0.43437597699454344,long_nclose,13.552530482229756,0.011032323887668678,13.0
1676884800000.0,72558,1676884800000.0,0.07764894263383076,-0.0005541560000000001,1228.5155108648662,1228.8311114400026,-6.2,0.4469,25.0,0.43437597699454344,long_nclose,10.859399424863586,0.008839448365791203,51.0
1676885820000.0,72575,1676885820000.0,0.10368894263383065,-0.0005593640000000001,1228.6186404435,1228.9593720760026,-6.2,0.4511,18.8,0.43437597699454344,long_nclose,8.166268367497418,0.006646707203261708,17.0
1676886120000.0,72580,1676886120000.0,0.1291089426338306,-0.000564448,1228.7471849381338,1229.0196476280025,-6.2,0.4552,12.6,0.43437597699454344,long_nclose,5.473137310131247,0.004454241993162177,5.0
1676886360000.0,72584,1676886360000.0,0.15765134493437613,-0.000578844,1228.904257439068,1229.0499387840025,-6.3,0.4594,6.3,0.43437597699454344,long_nclose,2.7365686550656236,0.002226836336923757,4.0
1676887380000.0,72601,1676887380000.0,0.04373044831145875,-0.000191184,1228.9477967033795,1229.0344176000024,-2.1,0.4552,4.2,0.43437597699454344,long_nclose,1.8243791033770826,0.0014845049629210712,17.0
1676887440000.0,72602,1676887440000.0,0.029153632207639165,-0.000127456,1228.9768228795872,1229.0373701440026,-1.4,0.4552,2.8,0.43437597699454344,long_nclose,1.2162527355847215,0.0009896466010928895,1.0
1676887740000.0,72607,1676887740000.0,0.018741620704910894,-8.1936e-05,1228.9954825642922,1229.0375182080024,-0.9,0.4552,1.9,0.43437597699454344,long_nclose,0.8253143562896325,0.0006715357118869295,5.0
1676888940000.0,72627,1676888940000.0,0.01249441380327393,-5.4624e-05,1229.0079223540954,1229.0360335840026,-0.6,0.4552,1.3,0.43437597699454344,long_nclose,0.5646887700929065,0.00045946715218179963,20.0
1676889060000.0,72629,1676889060000.0,0.00832960920218262,-3.6416000000000005e-05,1229.0162155472976,1229.0356771680026,-0.4,0.4552,0.9,0.43437597699454344,long_nclose,0.3909383792950891,0.0003180904973828998,2.0
1676890740000.0,72657,1676890740000.0,0.006247206901636965,-2.7312e-05,1229.0224354421994,1229.0351098560027,-0.3,0.4552,0.6,0.43437597699454344,long_nclose,0.26062558619672604,0.00021205925838363852,28.0
1676890860000.0,72659,1676890860000.0,0.00416480460109131,-1.8208000000000003e-05,1229.0265820388004,1229.0356316480027,-0.2,0.4552,0.4,0.43437597699454344,long_nclose,0.1737503907978174,0.0001413723619464661,2.0
1676893260000.0,72699,1676893260000.0,0.002082402300545655,-9.104000000000001e-06,1229.028655337101,1229.0351425440028,-0.1,0.4552,0.3,0.43437597699454344,long_nclose,0.13031279309836302,0.00010602909259476989,40.0
1676894520000.0,72720,1676894520000.0,0.002082402300545655,-9.104000000000001e-06,1229.0307286354018,1229.035153440003,-0.1,0.4552,0.2,0.43437597699454344,long_nclose,0.0868751953989087,7.068594248686248e-05,21.0
1676894940000.0,72727,1676894940000.0,0.002082402300545655,-9.104000000000001e-06,1229.0328019337026,1229.034914336003,-0.1,0.4552,0.1,0.43437597699454344,long_nclose,0.04343759769945435,3.5342911622140326e-05,7.0
1676895360000.0,72734,1676895360000.0,0.002082402300545655,-9.104000000000001e-06,1229.0348752320033,1229.0348752320033,-0.1,0.4552,0.0,0.43437597699454344,long_nclose,0.0,0.0,7.0
1676908920000.0,72960,1676908920000.0,0.0,-0.012286596,1229.0225886360033,1228.9679086360034,136.7,0.4494,136.7,0.4494,long_ientry_normal,61.43298,0.0499852326295969,226.0
1676942400000.0,73518,1676942400000.0,0.0,-0.012291552,1229.0102970840032,1227.3433570840032,140.7,0.4368,277.4,0.44300915645277583,long_rentry,122.89074000000001,0.09999162764671318,558.0
1676968860000.0,73959,1676968860000.0,0.0,-0.012289420000000002,1228.9980076640034,1225.2219676640034,143.0,0.4297,420.4,0.4384820171265462,long_rentry,184.33784000000003,0.14999034892690916,441.0
1676969220000.0,73965,1676969220000.0,0.0,-0.01767618,1228.9803314840033,1222.1593914840032,208.2,0.4245,628.6,0.43385100222717154,long_rentry,272.71874,0.2219065130771377,6.0
1676987820000.0,74275,1676987820000.0,0.0,-0.026074488000000003,1228.9542569960033,1220.6210769960032,311.3,0.4188,939.9,0.42886602830088316,long_rentry,403.09118000000007,0.32799526728138506,310.0
1677014700000.0,74723,1677014700000.0,0.0,-0.038385129999999996,1228.9158718660033,1213.6265418660032,465.5,0.4123,1405.4,0.4233789881884161,long_rentry,595.01683,0.4841802792379254,448.0
1677024240000.0,74882,1677024240000.0,0.8070170705848836,-0.017155836,1229.705733100588,1234.670316030003,-200.7,0.4274,1204.7,0.4233789881884161,long_nclose,510.0446670705849,0.41476969110695694,159.0
1677024900000.0,74893,1677024900000.0,0.6920161327735848,-0.014711107999999999,1230.3830381253617,1234.1220949220033,-172.1,0.4274,1032.6,0.4233789881884161,long_nclose,437.18114320335843,0.3553211720713064,11.0
1677024960000.0,74894,1677024960000.0,0.5930992422086214,-0.012608300000000001,1230.9635290675703,1235.4961366220032,-147.5,0.4274,885.1,0.4233789881884161,long_nclose,374.7327424455671,0.30442229489075073,1.0
1677025980000.0,74911,1677025980000.0,0.5082558929842017,-0.010804672000000001,1231.4609802885545,1234.2082419500032,-126.4,0.4274,758.7,0.4233789881884161,long_nclose,321.21763833855135,0.2608427254132599,17.0
1677031560000.0,75004,1677031560000.0,0.0,-0.030672796000000002,1231.4303074925544,1220.291939154003,375.8,0.4081,1134.5,0.41831786543724225,long_rentry,474.5816183385513,0.3853905620569768,93.0
1677055080000.0,75396,1677055080000.0,0.0,-0.045086856,1231.3852206365545,1215.0185222980033,561.9,0.4012,1696.4,0.41264790045894323,long_rentry,700.0158983385513,0.5684783986417214,392.0
1677119940000.0,76477,1677119940000.0,0.957593718798062,-0.020188436000000004,1232.3226259193527,1238.6510138620033,-242.3,0.4166,1454.1,0.41264790045894323,long_nclose,600.0313120573493,0.48691089446621694,1081.0
1677120840000.0,76492,1677120840000.0,1.9267937187980495,-0.020382276,1234.2290373621508,1243.7442115860035,-242.3,0.4206,1211.8,0.41264790045894323,long_nclose,500.0467257761474,0.40514905308407706,15.0
1677122580000.0,76521,1677122580000.0,1.6055288973393569,-0.016983828,1235.81758243149,1244.7573177580034,-201.9,0.4206,1009.9,0.41264790045894323,long_nclose,416.73311467348674,0.33721248232571505,29.0
1677122760000.0,76524,1677122760000.0,1.3383383527598502,-0.014157396000000001,1237.14176338825,1244.1708903620033,-168.3,0.4206,841.6,0.41264790045894323,long_nclose,347.28447302624664,0.2807151801868797,3.0
1677123360000.0,76534,1677123360000.0,1.1148843556561556,-0.011793623999999999,1238.2448541199062,1244.8044167380035,-140.2,0.4206,701.4,0.41264790045894323,long_nclose,289.43123738190275,0.23374313765076668,10.0
1677126300000.0,76583,1677126300000.0,0.9296004363495336,-0.009833628,1239.1646209282558,1244.0464231100034,-116.9,0.4206,584.5,0.41264790045894323,long_nclose,241.19269781825233,0.19464136866462128,49.0
1677127140000.0,76597,1677127140000.0,0.774534495298927,-0.008193288,1239.9309621355546,1243.9992698220033,-97.4,0.4206,487.1,0.41264790045894323,long_nclose,201.00079231355124,0.1621064385450655,14.0
1677134580000.0,76721,1677134580000.0,0.2746709181034474,-0.005790740000000001,1240.199842313658,1242.0172790820034,-69.5,0.4166,417.6,0.41264790045894323,long_nclose,172.3217632316547,0.13894677079637374,124.0
1677136860000.0,76759,1677136860000.0,0.5534661280575495,-0.0058547519999999995,1240.7474536897157,1243.6539843300034,-69.6,0.4206,348.0,0.41264790045894323,long_nclose,143.60146935971224,0.11573787150049948,38.0
1677137400000.0,76768,1677137400000.0,0.4612217733812912,-0.00487896,1241.203796503097,1243.6259053700035,-58.0,0.4206,290.0,0.41264790045894323,long_nclose,119.66789113309353,0.09641276595369723,9.0
1677140280000.0,76816,1677140280000.0,0.38408640783304077,-0.004062996,1241.5838199149302,1243.6025223740037,-48.3,0.4206,241.7,0.41264790045894323,long_nclose,99.73699754092658,0.08033045851689681,48.0
1677140460000.0,76819,1677140460000.0,0.31967440155048116,-0.003381624,1241.9001126924807,1243.5830607500036,-40.2,0.4206,201.5,0.41264790045894323,long_nclose,83.14855194247706,0.0669526889422759,3.0
1677144420000.0,76885,1677144420000.0,0.11342525682833007,-0.002391284,1242.011146665309,1242.7631894660037,-28.7,0.4166,172.8,0.41264790045894323,long_nclose,71.3055571993054,0.05741136654912845,66.0
1677144600000.0,76888,1677144600000.0,0.09722164870999722,-0.0020496720000000006,1242.106318642019,1242.6771997940036,-24.6,0.4166,148.2,0.41264790045894323,long_nclose,61.15441884801538,0.04923444791334354,3.0
1677145200000.0,76898,1677145200000.0,0.08338930031629843,-0.0017580520000000004,1242.1879498903354,1242.7411017420038,-21.1,0.4166,127.1,0.41264790045894323,long_nclose,52.447548148331684,0.04222191026161696,10.0
1677152280000.0,77016,1677152280000.0,0.0,-0.012421152000000001,1242.1755287383355,1240.8050705900039,154.8,0.4012,281.9,0.40636150460564635,long_rentry,114.5533081483317,0.09221990411023656,118.0
1677157500000.0,77103,1677157500000.0,0.15832751485301663,-0.0032988120000000004,1242.3305574411886,1243.3308317780038,-40.2,0.4103,241.7,0.40636150460564635,long_nclose,98.21757566318472,0.07905913210851234,87.0
1677157620000.0,77105,1677157620000.0,0.13587809110520083,-0.00283107,1242.463604462294,1243.321100708004,-34.5,0.4103,207.2,0.40636150460564635,long_nclose,84.19810375428992,0.06776705848919307,2.0
1677157800000.0,77108,1677157800000.0,0.11657946367286796,-0.0024289760000000002,1242.577754949967,1243.312751732004,-29.6,0.4103,177.6,0.40636150460564635,long_nclose,72.1698032179628,0.058080714008008905,3.0
1677159180000.0,77131,1677159180000.0,0.09964393347714727,-0.002076118,1242.675322765444,1243.305615614004,-25.3,0.4103,152.3,0.40636150460564635,long_nclose,61.88885715143994,0.04980291796067275,23.0
1677159780000.0,77141,1677159780000.0,0.08546535005747415,-0.001780702,1242.7590074135016,1243.3647949120043,-21.7,0.4103,130.6,0.40636150460564635,long_nclose,53.070812501497414,0.04270402562758431,10.0
1677160800000.0,77158,1677160800000.0,0.07325601433497785,-0.0015263160000000002,1242.8307371118365,1243.182248596004,-18.6,0.4103,112.0,0.40636150460564635,long_nclose,45.51248851583239,0.03662002166248077,17.0
1677160860000.0,77159,1677160860000.0,0.0,-0.00325143,1242.8274856818364,1243.178997166004,39.7,0.4095,151.7,0.40718285112611996,long_ientry_partial,61.76963851583239,0.04970089511815432,1.0
1677161100000.0,77163,1677161100000.0,0.08461041567580932,-0.0017759520000000003,1242.9103201455123,1243.471981214004,-21.6,0.4111,130.1,0.40718285112611996,long_nclose,52.974488931508205,0.04262132840389182,4.0
1677161220000.0,77165,1677161220000.0,0.07246725416678113,-0.0015210700000000002,1242.9812663296789,1243.463060144004,-18.5,0.4111,111.6,0.40718285112611996,long_nclose,45.441606185674985,0.03655856078978297,2.0
1677161640000.0,77172,1677161640000.0,0.14539896905416838,-0.0015438000000000001,1243.125121498733,1243.8986163440038,-18.6,0.415,93.0,0.40718285112611996,long_nclose,37.868005154729154,0.030461941843050226,7.0
1677161760000.0,77174,1677161760000.0,0.12116580754514031,-0.0012865,1243.245000806278,1243.8895798440037,-15.5,0.415,77.5,0.40718285112611996,long_nclose,31.556670962274296,0.02538250380400399,2.0
1677163620000.0,77205,1677163620000.0,0.10084122047305226,-0.0010707,1243.3447713267512,1243.882059144004,-12.9,0.415,64.6,0.40718285112611996,long_nclose,26.304012182747346,0.021155847347698098,31.0
1677164640000.0,77222,1677164640000.0,0.0,-0.007121984,1243.3376493427513,1243.642517160004,86.6,0.4112,151.2,0.40948367845732375,long_ientry_partial,61.913932182747345,0.049796555437274875,17.0
1677175500000.0,77403,1677175500000.0,0.0,-0.01243352,1243.3252158227513,1241.435183640004,156.2,0.398,307.4,0.4036484456172653,long_rentry,124.08153218274735,0.09979813053227454,181.0
1677182520000.0,77520,1677182520000.0,0.16908323740205142,-0.0035778499999999996,1243.4907212101532,1244.6373557900038,-43.9,0.4075,263.5,0.4036484456172653,long_nclose,106.36136542014941,0.08553450669631017,117.0
1677182700000.0,77523,1677182700000.0,0.1448184447908231,-0.0030644,1243.632475254944,1244.5025413900037,-37.6,0.4075,225.9,0.4036484456172653,long_nclose,91.18418386494024,0.07332084492747548,3.0
1677182760000.0,77524,1677182760000.0,0.12402005112405595,-0.0026243000000000004,1243.753871006068,1244.5967670900038,-32.2,0.4075,193.7,0.4036484456172653,long_nclose,78.18670391606429,0.06286348588633485,1.0
1677183060000.0,77529,1677183060000.0,0.10630290096347653,-0.0022494,1243.8579245070316,1244.580717690004,-27.6,0.4075,166.1,0.4036484456172653,long_nclose,67.04600681702777,0.05390165990508891,5.0
1677183780000.0,77541,1677183780000.0,0.09128183887081136,-0.0019315499999999998,1243.9472747959023,1244.4957361400038,-23.7,0.4075,142.4,0.4036484456172653,long_nclose,57.47953865589859,0.04620737536108949,12.0
1677183840000.0,77542,1677183840000.0,0.07818655396951353,-0.00165445,1244.023806899872,1244.494081690004,-20.3,0.4075,122.1,0.4036484456172653,long_nclose,49.285475209868096,0.039617791023379464,1.0
1677183900000.0,77543,1677183900000.0,0.06701704625958302,-0.0014180999999999998,1244.0894058461315,1244.4926635900038,-17.4,0.4075,104.7,0.4036484456172653,long_nclose,42.26199225612768,0.03397022115736481,1.0
1677184020000.0,77545,1677184020000.0,0.057388160302746384,-0.00121435,1244.1455796564342,1244.5363492400038,-14.9,0.4075,89.8,0.4036484456172653,long_nclose,36.247630416430425,0.02913455708811831,2.0
1677184560000.0,77554,1677184560000.0,0.04929989609900361,-0.0010432,1244.1938363525333,1244.528906040004,-12.8,0.4075,77.0,0.4036484456172653,long_nclose,31.08093031252943,0.024980778239221943,9.0
1677185520000.0,77570,1677185520000.0,0.0,-0.006190982,1244.1876453705333,1244.314955058004,76.3,0.4057,153.3,0.4046695388945168,long_ientry_partial,62.03584031252943,0.04986051785947002,16.0
1677233940000.0,78377,1677233940000.0,0.0,-0.012444011999999999,1244.1752013585333,1242.338801046004,158.2,0.3933,311.5,0.39889534610763866,long_rentry,124.25590031252945,0.09987009882278042,807.0
1677236040000.0,78412,1677236040000.0,0.16930709821007975,-0.00358403,1244.3409244267434,1245.463567016004,-44.5,0.4027,267.0,0.39889534610763866,long_nclose,106.50505741073952,0.085591541128333,35.0
1677237000000.0,78428,1677237000000.0,0.14495731329896716,-0.0030685740000000006,1244.4828131660424,1245.3536984420039,-38.1,0.4027,228.9,0.39889534610763866,long_nclose,91.3071447240385,0.07336955059407159,16.0
1677241080000.0,78496,1677241080000.0,0.12441218228021592,-0.002633658,1244.6045916903226,1245.331444784004,-32.7,0.4027,196.2,0.39889534610763866,long_nclose,78.2632669063187,0.06288203291940919,68.0
1677253320000.0,78700,1677253320000.0,0.0,-0.012446500000000001,1244.5921451903228,1241.999578284004,160.6,0.3875,356.8,0.3937661628540322,long_rentry,140.4957669063187,0.11288498601671161,204.0
1677254580000.0,78721,1677254580000.0,0.0,-0.013489277999999999,1244.5786559123228,1238.9930490060042,176.7,0.3817,533.5,0.38976974115523655,long_rentry,207.9421569063187,0.16707835693509407,21.0
1677254640000.0,78722,1677254640000.0,0.0,-0.019925964,1244.5587299483227,1234.130003042004,264.2,0.3771,797.7,0.3855734949308245,long_rentry,307.5719769063187,0.2471333569923935,1.0
1677275160000.0,79064,1677275160000.0,0.0,-0.029379636000000008,1244.5293503123228,1233.422953406004,395.1,0.3718,1192.8,0.38101119794292315,long_rentry,454.4701569063187,0.36517431814064205,342.0
1677302400000.0,79518,1677302400000.0,0.0,-0.04320379800000001,1244.4861465143229,1225.687899608004,590.7,0.3657,1783.5,0.37594008797662953,long_rentry,670.4891469063188,0.5387678671910408,454.0
1677349200000.0,80298,1677349200000.0,0.0,-0.063314944,1244.4228315703228,1214.206804664004,883.3,0.3584,2666.8,0.37013044356769115,long_rentry,987.0638669063188,0.7931900973407522,780.0
1677356520000.0,80420,1677356520000.0,0.0,-0.051472848,1244.3713587223228,1194.266491816004,736.8,0.3493,3403.6,0.3656211384728872,long_rentry,1244.4281069063188,1.0000456038975811,122.0
1677364380000.0,80551,1677364380000.0,-0.30785773270376254,-0.002490464,1244.0610105256192,1215.6927213520041,-34.9,0.3568,3368.7,0.3656211384728872,unstuck_close_long,1231.667929173615,0.9900382045195935,131.0
1677440820000.0,81825,1677440820000.0,1.674028166846678,-0.035522184,1245.6995165084659,1255.167229168004,-481.2,0.3691,2887.5,0.3656211384728872,long_nclose,1055.7310373404619,0.8475005596048869,1274.0
1677440880000.0,81826,1677440880000.0,1.435030379934029,-0.030450750000000002,1247.1040961383999,1255.961778418004,-412.5,0.3691,2475.0,0.3656211384728872,long_nclose,904.9123177203958,0.7256108936875557,1.0
1677441120000.0,81830,1677441120000.0,1.229777549834374,-0.02609537,1248.3077783182343,1255.4760330480042,-353.5,0.3691,2121.5,0.3656211384728872,long_nclose,775.6652452702301,0.6213733974446867,4.0
1677441360000.0,81834,1677441360000.0,1.0540950427151776,-0.022367460000000002,1249.3395059009497,1255.1202655880043,-303.0,0.3691,1818.5,0.3656211384728872,long_nclose,664.8820403129454,0.5321868372628398,4.0
1677441900000.0,81843,1677441900000.0,0.9034603385911935,-0.019171054,1250.223795185541,1255.8025245340043,-259.7,0.3691,1558.8,0.3656211384728872,long_nclose,569.9302306515365,0.45586256864272473,9.0
1677443100000.0,81863,1677443100000.0,0.7743945759353087,-0.016432332,1250.9817574294761,1255.7638322020043,-222.6,0.3691,1336.2,0.3656211384728872,long_nclose,488.5429652274719,0.39052764944497076,20.0
1677443280000.0,81866,1677443280000.0,0.6637667793731218,-0.014084856,1251.6314393528494,1255.7306673460043,-190.8,0.3691,1145.4,0.3656211384728872,long_nclose,418.782452006845,0.33458927192127313,3.0
1677445200000.0,81898,1677445200000.0,0.5691417458356537,-0.012076951999999998,1252.188504146685,1255.6040503940044,-163.6,0.3691,981.8,0.3656211384728872,long_nclose,358.9668337526806,0.2866715614813136,32.0
1677445800000.0,81908,1677445800000.0,0.48773638610121417,-0.010349563999999999,1252.6658909687862,1255.5937008300043,-140.2,0.3691,841.6,0.3656211384728872,long_nclose,307.70675013878184,0.2456415173089831,10.0
1677445860000.0,81909,1677445860000.0,0.4181591555589583,-0.008873164000000001,1253.075176960345,1255.8012476660042,-120.2,0.3691,721.4,0.3656211384728872,long_nclose,263.7590892943408,0.2104894376202999,1.0
1677446160000.0,81914,1677446160000.0,0.35832273729261815,-0.00760346,1253.4258962376377,1255.6390642060044,-103.0,0.3691,618.4,0.3656211384728872,long_nclose,226.10011203163342,0.18038570346305258,5.0
1677454020000.0,82045,1677454020000.0,0.30718347284406,-0.006518306,1253.7265614044818,1255.5176959000044,-88.3,0.3691,530.1,0.3656211384728872,long_nclose,193.8157655044775,0.15459173592633804,131.0
1677454080000.0,82046,1677454080000.0,0.2633498176024388,-0.0055881740000000004,1253.9843230480842,1255.7014377260043,-75.7,0.3691,454.4,0.3656211384728872,long_nclose,166.13824532207994,0.13248829532273934,1.0
1677454440000.0,82052,1677454440000.0,0.2257781131096206,-0.004790918,1254.2053102431937,1255.599276808004,-64.9,0.3691,389.5,0.3656211384728872,long_nclose,142.40943343518956,0.11354555133208294,6.0
1677454920000.0,82060,1677454920000.0,0.19342470090747155,-0.004104392,1254.394630552101,1255.556222416004,-55.6,0.3691,333.9,0.3656211384728872,long_nclose,122.08089813609702,0.09732256114837252,8.0
1677454980000.0,82061,1677454980000.0,0.16594169484328045,-0.003521214,1254.5570510329442,1255.5527012020038,-47.7,0.3691,286.2,0.3656211384728872,long_nclose,104.64076983094031,0.08340853829228727,1.0
1677455040000.0,82062,1677455040000.0,0.14193755030620214,-0.003011856,1254.6959767272504,1255.7460093460038,-40.8,0.3691,245.4,0.3656211384728872,long_nclose,89.72342738124652,0.07151009411481589,1.0
1677455280000.0,82066,1677455280000.0,0.12176015344894792,-0.0025837,1254.8151531806993,1255.5681456460038,-35.0,0.3691,210.4,0.3656211384728872,long_nclose,76.92668753469546,0.061305194904366644,4.0
1677455400000.0,82068,1677455400000.0,0.10436584581338393,-0.0022146,1254.9173044265128,1255.562931046004,-30.0,0.3691,180.4,0.3656211384728872,long_nclose,65.95805338050884,0.05255968114221769,2.0
1677455520000.0,82070,1677455520000.0,0.0894067412467989,-0.0018971739999999997,1255.0048139937596,1255.573933872004,-25.7,0.3691,154.7,0.3656211384728872,long_nclose,56.56159012175564,0.04506882323563493,2.0
1677463200000.0,82198,1677463200000.0,0.07688283974919283,-0.001631422,1255.080065411509,1255.554622450004,-22.1,0.3691,132.6,0.3656211384728872,long_nclose,48.481362961504836,0.03862810373424983,128.0
1677464100000.0,82213,1677464100000.0,0.06575048286243187,-0.001395198,1255.1444206963715,1255.5399672520043,-18.9,0.3691,113.7,0.3656211384728872,long_nclose,41.571123444367274,0.033120589757553984,15.0
1677464160000.0,82214,1677464160000.0,0.05635755673922732,-0.001195884,1255.1995823691107,1255.538771368004,-16.2,0.3691,97.5,0.3656211384728872,long_nclose,35.6480610011065,0.02840031298753543,1.0
1677464340000.0,82217,1677464340000.0,0.04835617522686789,-0.001026098,1255.2469124463375,1255.596265270004,-13.9,0.3691,83.6,0.3656211384728872,long_nclose,30.565927176333368,0.024350529663334324,3.0
1677465060000.0,82229,1677465060000.0,0.04139845217264229,-0.000878458,1255.2874324405102,1255.5440368120042,-11.9,0.3691,71.7,0.3656211384728872,long_nclose,26.215035628506012,0.020883691615982445,12.0
1677466440000.0,82252,1677466440000.0,0.035484387576550536,-0.000752964,1255.3221638640869,1255.5545638480044,-10.2,0.3691,61.5,0.3656211384728872,long_nclose,22.48570001608256,0.017912294280591604,23.0
1677467460000.0,82269,1677467460000.0,0.030266095285881336,-0.000642234,1255.3517877253728,1255.5777116140043,-8.7,0.3691,52.8,0.3656211384728872,long_nclose,19.304796111368443,0.015377997068333852,17.0
1677468060000.0,82279,1677468060000.0,0.062293981438592556,-0.000655952,1255.4134257548114,1255.7028956620045,-8.8,0.3727,44.0,0.3656211384728872,long_nclose,16.087330092807036,0.012814368368838022,10.0
1677468360000.0,82284,1677468360000.0,0.051675689147923365,-0.0005441420000000001,1255.4645573019593,1255.7243515200043,-7.3,0.3727,36.7,0.3656211384728872,long_nclose,13.41829578195496,0.010687912855772993,5.0
1677468720000.0,82290,1677468720000.0,0.04318105531538802,-0.00045469399999999995,1255.5072836632748,1255.7453168260045,-6.1,0.3727,30.6,0.3656211384728872,long_nclose,11.188006837270349,0.00891114450935432,6.0
1677470940000.0,82327,1677470940000.0,0.01495910456658503,-0.000317426,1255.5219253418413,1255.6107894000045,-4.3,0.3691,26.3,0.3656211384728872,long_nclose,9.615835941836933,0.007658835539027983,37.0
1677472860000.0,82359,1677472860000.0,0.0,-0.010630026,1255.5112953158414,1255.5120093740045,145.1,0.3663,171.4,0.3661958339663765,long_ientry_partial,62.76596594183693,0.04999235464946357,32.0
1677505740000.0,82907,1677505740000.0,0.08550165122041262,-0.0018041359999999998,1255.594992831062,1256.2424052380047,-24.4,0.3697,147.0,0.3661958339663765,long_nclose,53.830787593057345,0.042872731972020676,548.0
1677505920000.0,82910,1677505920000.0,0.07358748670609283,-0.00155274,1255.667027577768,1256.1715524980045,-21.0,0.3697,126.0,0.3661958339663765,long_nclose,46.14067507976344,0.03674594782405862,3.0
1677506160000.0,82914,1677506160000.0,0.06307498860522243,-0.00133092,1255.7287716463732,1256.1288215780046,-18.0,0.3697,108.0,0.3661958339663765,long_nclose,39.54915006836866,0.03149497802500469,4.0
1677506280000.0,82916,1677506280000.0,0.05396415691780141,-0.001138676,1255.781597127291,1256.1709029020046,-15.4,0.3697,92.6,0.3661958339663765,long_nclose,33.90973422528646,0.027002891508251047,2.0
1677507060000.0,82929,1677507060000.0,0.046254991643829776,-0.0009760079999999999,1255.8268761109348,1256.1130468940046,-13.2,0.3697,79.4,0.3661958339663765,long_nclose,29.075949216930297,0.023152832424619844,13.0
1677507240000.0,82932,1677507240000.0,0.03959707617994519,-0.000835522,1255.8656376651147,1256.1383213720044,-11.3,0.3697,68.1,0.3661958339663765,long_nclose,24.937936293110237,0.019857169067444547,3.0
1677510420000.0,82985,1677510420000.0,0.07914707617994524,-0.000843432,1255.9439413092946,1256.3531379400044,-11.3,0.3732,56.8,0.3661958339663765,long_nclose,20.799923369290184,0.01656118771320853,53.0
1677512760000.0,83024,1677512760000.0,0.02838374487235009,-0.000598914,1255.971726140167,1256.1228990260045,-8.1,0.3697,48.7,0.3661958339663765,long_nclose,17.83373711416254,0.014199154919648474,39.0
1677512820000.0,83025,1677512820000.0,0.02417874563200193,-0.000510186,1255.9953946997991,1256.1418688400047,-6.9,0.3697,41.8,0.3661958339663765,long_nclose,15.306985859794537,0.012187135338544076,1.0
1677512880000.0,83026,1677512880000.0,0.020674579598378463,-0.000436246,1256.0156330333975,1256.2060525940046,-5.9,0.3697,35.9,0.3661958339663765,long_nclose,13.146430439392915,0.010466772939476105,1.0
1677515520000.0,83070,1677515520000.0,0.0,-0.009936160000000001,1256.0056968733975,1255.9563464340047,136.0,0.3653,171.9,0.3654870880709303,long_ientry_partial,62.82723043939291,0.05002145340247271,44.0
1677522180000.0,83181,1677522180000.0,0.0,-0.012559872000000001,1255.9931370013974,1254.0504365620045,176.8,0.3552,348.7,0.36027126595753634,long_rentry,125.62659043939291,0.10002171726775379,111.0
1677542460000.0,83519,1677542460000.0,0.17075095531469164,-0.003622452,1256.160265504712,1257.2747841100045,-49.8,0.3637,298.9,0.36027126595753634,long_nclose,107.68508139470761,0.08572559119392371,338.0
1677543780000.0,83541,1677543780000.0,0.1464069436131995,-0.0031059980000000004,1256.3035664503252,1257.2588681120044,-42.7,0.3637,256.2,0.36027126595753634,long_nclose,92.30149833832081,0.07347069673543782,22.0
1677544380000.0,83551,1677544380000.0,0.125491665954171,-0.0026622840000000004,1256.4263958322792,1257.1354258280044,-36.6,0.3637,219.6,0.36027126595753634,long_nclose,79.11557000427497,0.06296872643452178,10.0
1677544980000.0,83561,1677544980000.0,0.10731937552911344,-0.0022767620000000003,1256.5314384458084,1257.1958990660044,-31.3,0.3637,188.3,0.36027126595753634,long_nclose,67.83907937980409,0.05398916199320376,10.0
1677545700000.0,83573,1677545700000.0,0.0922329457422732,-0.0019567060000000003,1256.6217146855506,1257.2396723600043,-26.9,0.3637,161.4,0.36027126595753634,long_nclose,58.147782325546366,0.04627310004753253,12.0
1677545880000.0,83576,1677545880000.0,0.07886088297666483,-0.00167302,1256.6989025485273,1257.1180793400042,-23.0,0.3637,138.4,0.36027126595753634,long_nclose,49.86154320852303,0.03967660281027231,3.0
1677546000000.0,83578,1677546000000.0,0.06754606063653465,-0.0014329780000000001,1256.7650156311638,1257.1601363620043,-19.7,0.3637,118.7,0.36027126595753634,long_nclose,42.76419926915956,0.03402720376305416,2.0
1677546060000.0,83579,1677546060000.0,0.057945605317636324,-0.001229306,1256.8217319304815,1257.1809570560042,-16.9,0.3637,101.8,0.36027126595753634,long_nclose,36.6756148744772,0.029181238629716687,1.0
1677546420000.0,83585,1677546420000.0,0.04971664361572348,-0.00105473,1256.8703938440972,1257.2133723260042,-14.5,0.3637,87.3,0.36027126595753634,long_nclose,31.451681518092922,0.02502380648962458,6.0
1677549420000.0,83635,1677549420000.0,0.042516302126549735,-0.0009019760000000002,1256.9120081702238,1257.1763103500043,-12.4,0.3637,74.9,0.36027126595753634,long_nclose,26.984317820219474,0.021468740568007193,50.0
1677550080000.0,83646,1677550080000.0,0.0,-0.007160256,1256.9048479142239,1256.9345300940045,99.2,0.3609,174.1,0.3606295107422141,long_ientry_partial,62.78559782021947,0.04995254646714849,11.0
1677553200000.0,83698,1677553200000.0,0.08606813359308955,-0.001805936,1256.989110111817,1257.5371141580044,-24.8,0.3641,149.3,0.3606295107422141,long_nclose,53.84198595381257,0.04283409102010676,52.0
1677553620000.0,83705,1677553620000.0,0.07392142119083901,-0.001551066,1257.0614804670076,1257.5441030920042,-21.3,0.3641,128.0,0.3606295107422141,long_nclose,46.160577375003406,0.03672101809837846,7.0
1677554700000.0,83723,1677554700000.0,0.1484714211908391,-0.0015659760000000002,1257.2083859121985,1257.9734771160042,-21.3,0.3676,106.7,0.3606295107422141,long_nclose,38.479168796194244,0.03060683433818709,18.0
1677556080000.0,83746,1677556080000.0,0.22089142119083938,-0.0015804600000000001,1257.4276968733893,1258.3133366560041,-21.3,0.371,85.4,0.3606295107422141,long_nclose,30.797760217385086,0.024492668877871965,23.0
1677556140000.0,83747,1677556140000.0,0.17629831738236007,-0.0012614000000000002,1257.6027337907717,1258.3736352560043,-17.0,0.371,68.4,0.3606295107422141,long_nclose,24.66705853476745,0.01961434869055503,1.0
1677557220000.0,83765,1677557220000.0,0.14103865390588805,-0.0010091199999999999,1257.7427633246778,1258.2946261360044,-13.6,0.371,54.8,0.3606295107422141,long_nclose,19.762497188673333,0.015712670161928635,18.0
1677558600000.0,83788,1677558600000.0,0.06343145224585144,-0.0006690320000000001,1257.8055257449237,1258.1697771040044,-9.1,0.3676,45.7,0.3606295107422141,long_nclose,16.480768640919187,0.013102795546361274,23.0
1677559140000.0,83797,1677559140000.0,0.05297571835917263,-0.000558752,1257.857942711283,1258.1120883520045,-7.6,0.3676,38.1,0.3606295107422141,long_nclose,13.739984359278358,0.010923319631517488,9.0
1677559200000.0,83798,1677559200000.0,0.043914082324050994,-0.000463176,1257.901393617607,1258.1262351760047,-6.3,0.3676,31.8,0.3606295107422141,long_nclose,11.468018441602409,0.00911678649836094,1.0
1677559860000.0,83809,1677559860000.0,0.03694359306626512,-0.000389656,1257.9379475546734,1258.1279655200049,-5.3,0.3676,26.5,0.3606295107422141,long_nclose,9.556682034668674,0.00759710131429461,11.0
1677559980000.0,83811,1677559980000.0,0.03067015273425784,-0.00032348800000000003,1257.9682942194077,1258.1267620320048,-4.4,0.3676,22.1,0.3606295107422141,long_nclose,7.969912187402932,0.006335542973559925,2.0
1677561420000.0,83835,1677561420000.0,0.02509376132802914,-0.000264672,1257.9931233087357,1258.1239273600047,-3.6,0.3676,18.5,0.3606295107422141,long_nclose,6.671645948730961,0.005303404148333815,24.0
1677561660000.0,83839,1677561660000.0,0.020911467773357617,-0.00022056000000000002,1258.0138142165092,1258.121856800005,-3.0,0.3676,15.5,0.3606295107422141,long_nclose,5.589757416504319,0.004443319583088695,4.0
1677561720000.0,83840,1677561720000.0,0.01742622314446468,-0.0001838,1258.0310566396536,1258.1125730000049,-2.5,0.3676,13.0,0.3606295107422141,long_nclose,4.688183639648783,0.00372660405711403,1.0
1677569460000.0,83969,1677569460000.0,0.0062468806640145645,-0.000131076,1258.0371724443178,1258.079401924005,-1.8,0.3641,11.2,0.3606295107422141,long_nclose,4.039050520312798,0.0032105971181003168,129.0
1677569700000.0,83973,1677569700000.0,0.005552782812457391,-0.000116512,1258.0426087151302,1258.0759254120048,-1.6,0.3641,9.6,0.3606295107422141,long_nclose,3.4620433031252555,0.0027519284952209414,4.0
1677569760000.0,83974,1677569760000.0,0.0,-0.011882448,1258.0307262671301,1257.972742964005,163.4,0.3636,173.0,0.3634351636018801,long_ientry_partial,62.87428330312526,0.04997833676899759,1.0
1677569760000.0,83974,1677569760000.0,0.0008642873175558341,-9.4666e-05,1258.0314958884478,1257.973948298005,-1.3,0.3641,171.7,0.3634351636018801,long_nclose,62.40181759044281,0.04960274666762088,0.0
1677580440000.0,84152,1677580440000.0,0.08488849175393748,-0.0017978100000000002,1258.1145865702017,1258.7276504880049,-24.5,0.3669,147.2,0.3634351636018801,long_nclose,53.49765608219675,0.042522085550282765,178.0
1677580680000.0,84156,1677580680000.0,0.17063849175393755,-0.00181496,1258.2834101019555,1259.2238855280048,-24.5,0.3704,122.7,0.3634351636018801,long_nclose,44.59349457395069,0.035439944781865476,4.0
1677581340000.0,84167,1677581340000.0,0.14208266252164595,-0.001511232,1258.4239815324772,1259.1774042960049,-20.4,0.3704,102.3,0.3634351636018801,long_nclose,37.17941723647233,0.029544428413702167,11.0
1677582420000.0,84185,1677582420000.0,0.0505866114125505,-0.0010713480000000002,1258.4734967958898,1258.8212129480048,-14.6,0.3669,87.7,0.3634351636018801,long_nclose,31.873263847884886,0.02532692498414559,18.0
1677582660000.0,84189,1677582660000.0,0.04331045497649871,-0.00091725,1258.5158900008664,1258.753885698005,-12.5,0.3669,75.2,0.3634351636018801,long_nclose,27.330324302861385,0.02171631245978354,4.0
1677582960000.0,84194,1677582960000.0,0.0370737494598829,-0.000785166,1258.5521785843264,1258.788560532005,-10.7,0.3669,64.5,0.3634351636018801,long_nclose,23.441568052321266,0.018625821361407002,5.0
1677583080000.0,84196,1677583080000.0,0.03187649486270305,-0.0006750959999999999,1258.5833799831892,1258.7860454360052,-9.2,0.3669,55.3,0.3634351636018801,long_nclose,20.09796454718397,0.01596871917016131,2.0
1677583200000.0,84198,1677583200000.0,0.027372207545147187,-0.0005797020000000001,1258.6101724887342,1258.769665734005,-7.9,0.3669,47.4,0.3634351636018801,long_nclose,17.226826754729117,0.013687182204053985,2.0
1677583260000.0,84199,1677583260000.0,0.02321440386740331,-0.000491646,1258.6328952466015,1258.769844088005,-6.7,0.3669,40.7,0.3634351636018801,long_nclose,14.791811158596522,0.011752283937961426,1.0
1677584280000.0,84216,1677584280000.0,0.020096051109095403,-0.000425604,1258.6525656937106,1258.773488484005,-5.8,0.3669,34.9,0.3634351636018801,long_nclose,12.683887209705615,0.01007735379517925,17.0
1677584340000.0,84217,1677584340000.0,0.016977698350787496,-0.00035956200000000007,1258.6691838300612,1258.7671289220048,-4.9,0.3669,30.0,0.3634351636018801,long_nclose,10.903054908056403,0.00866236740211515,1.0
1677584520000.0,84220,1677584520000.0,0.014552312872103568,-0.000308196,1258.6834279469333,1258.7754007260048,-4.2,0.3669,25.8,0.3634351636018801,long_nclose,9.376627220928507,0.00744955166067685,3.0
1677584700000.0,84223,1677584700000.0,0.01247341103323163,-0.000264168,1258.6956371899664,1258.7747765580048,-3.6,0.3669,22.2,0.3634351636018801,long_nclose,8.068260631961738,0.006410017158694617,3.0
1677585000000.0,84228,1677585000000.0,0.010740992834171681,-0.00022747800000000003,1258.7061507048006,1258.7742390800047,-3.1,0.3669,19.1,0.3634351636018801,long_nclose,6.941611624795911,0.00551487860840993,5.0
1677586200000.0,84248,1677586200000.0,0.009355058274923722,-0.00019812600000000002,1258.7153076370755,1258.7737709540047,-2.7,0.3669,16.4,0.3634351636018801,long_nclose,5.9603366830708335,0.004735253990244928,20.0
1677588660000.0,84289,1677588660000.0,0.007969123715675763,-0.00016877399999999998,1258.723107986791,1258.7705521800046,-2.3,0.3669,14.1,0.3634351636018801,long_nclose,5.12443580678651,0.004071138262475026,41.0
1677588840000.0,84292,1677588840000.0,0.006929672796239794,-0.00014676,1258.7298908995874,1258.7754454200046,-2.0,0.3669,12.1,0.3634351636018801,long_nclose,4.397565479582749,0.0034936530159301316,3.0
1677589200000.0,84298,1677589200000.0,0.005890221876803825,-0.00012474600000000001,1258.7356563754643,1258.7748106740048,-1.7,0.3669,10.4,0.3634351636018801,long_nclose,3.779725701459553,0.003002795449795466,6.0
1677591120000.0,84330,1677591120000.0,0.0,-0.011827524,1258.7238288514643,1258.7092831500047,162.6,0.3637,173.0,0.36368407919918816,long_ientry_partial,62.91734570145955,0.04998502789835094,32.0
1677618180000.0,84781,1677618180000.0,0.0,-0.012588108,1258.7112407434643,1256.9320950420047,178.1,0.3534,351.1,0.35846734748350767,long_rentry,125.85788570145955,0.09998948259739139,451.0
1677620580000.0,84821,1677620580000.0,0.0,-0.01258674,1258.6986540034643,1254.9182383020047,181.0,0.3477,532.1,0.35480470907998407,long_rentry,188.79158570145952,0.14998950312768025,40.0
1677642060000.0,85179,1677642060000.0,0.258042109921212,-0.005444640000000001,1258.9512514733856,1260.591063662005,-76.0,0.3582,456.1,0.35480470907998407,long_nclose,161.82642781138074,0.12854066241404563,358.0
1677642600000.0,85188,1677642600000.0,0.22103343889303817,-0.004663764,1259.1676211482786,1260.5733798980048,-65.1,0.3582,391.0,0.35480470907998407,long_nclose,138.72864125027377,0.11017487975410478,9.0
1677642840000.0,85192,1677642840000.0,0.18945723333688985,-0.003997512,1259.3530808696155,1260.524702386005,-55.8,0.3582,335.2,0.35480470907998407,long_nclose,118.93053848361066,0.09443780325807126,4.0
1677646140000.0,85247,1677646140000.0,0.3791772333368875,-0.004035456,1259.7282226469522,1261.6827069300045,-55.8,0.3616,279.4,0.35480470907998407,long_nclose,99.13243571694754,0.07869351018321204,55.0
1677646380000.0,85251,1677646380000.0,0.5688972333368884,-0.0040734,1260.2930464802891,1262.5950735300048,-55.8,0.365,223.6,0.35480470907998407,long_nclose,79.33433295028443,0.06294911582020318,4.0
1677646680000.0,85256,1677646680000.0,0.4557295041247117,-0.0032631,1260.745512884414,1262.5873404300048,-44.7,0.365,178.9,0.35480470907998407,long_nclose,63.47456245440915,0.05034684780212939,5.0
1677647700000.0,85273,1677647700000.0,0.3639718858445684,-0.0026061,1261.1068786702585,1262.5668443300049,-35.7,0.365,143.2,0.35480470907998407,long_nclose,50.80803434025371,0.040288444381357216,17.0
1677647760000.0,85274,1677647760000.0,0.2915853203124553,-0.0020878,1261.396376190571,1262.5991365300047,-28.6,0.365,114.6,0.35480470907998407,long_nclose,40.66061966056617,0.03223460953912174,1.0
1677657840000.0,85442,1677657840000.0,0.12979005657230383,-0.001381312,1261.5247849351433,1262.2310352180048,-19.1,0.3616,95.5,0.35480470907998407,long_nclose,33.88384971713848,0.02685944035485636,168.0
1677660840000.0,85492,1677660840000.0,0.1947300565723041,-0.0013943000000000002,1261.7181206917157,1262.5505209180048,-19.1,0.365,76.4,0.35480470907998407,long_nclose,27.107079773710787,0.021484259700454953,50.0
1677661080000.0,85496,1677661080000.0,0.154968421984242,-0.0011096,1261.8719795137,1262.489811318005,-15.2,0.365,61.2,0.35480470907998407,long_nclose,21.714048195695025,0.01720780598049509,4.0
1677661140000.0,85497,1677661140000.0,0.12438254922419421,-0.0008906,1261.9954714629241,1262.480340718005,-12.2,0.365,49.0,0.35480470907998407,long_nclose,17.38543074491922,0.01377614352670043,1.0
1677661200000.0,85498,1677661200000.0,0.09991385101615603,-0.0007154,1262.0946699139404,1262.506085318005,-9.8,0.365,39.2,0.35480470907998407,long_nclose,13.908344595935377,0.011020048596579334,1.0
1677661440000.0,85502,1677661440000.0,0.07952326917612418,-0.0005694000000000001,1262.1736237831167,1262.500035918005,-7.8,0.365,31.4,0.35480470907998407,long_nclose,11.140867865111499,0.008826731643875542,4.0
1677669120000.0,85630,1677669120000.0,0.0632108037040987,-0.0004526,1262.2363819868208,1262.5008633180053,-6.2,0.365,25.2,0.35480470907998407,long_nclose,8.941078668815598,0.007083521594221448,128.0
1677670380000.0,85651,1677670380000.0,0.0509764546000796,-0.000365,1262.2869934414207,1262.492938318005,-5.0,0.365,20.2,0.35480470907998407,long_nclose,7.167055123415678,0.005677833298334054,21.0
1677673740000.0,85707,1677673740000.0,0.04078116368006368,-0.000292,1262.3274826051008,1262.4942663180052,-4.0,0.365,16.2,0.35480470907998407,long_nclose,5.747836287095741,0.004553363819057294,56.0
1677677580000.0,85771,1677677580000.0,0.0,-0.01145092,1262.3160316851008,1262.416395398005,158.6,0.361,174.8,0.36042583688269875,long_ientry_partial,63.00243628709575,0.04991019261871533,64.0
1677679200000.0,85798,1677679200000.0,0.08650666162080123,-0.001812222,1262.4007261247218,1262.9814631760053,-24.9,0.3639,149.9,0.36042583688269875,long_nclose,54.027832948716544,0.0427976884285939,27.0
1677679860000.0,85809,1677679860000.0,0.07434709071024684,-0.001557492,1262.473515723432,1262.9456456840053,-21.4,0.3639,128.5,0.36042583688269875,long_nclose,46.31472003942679,0.03668569634340977,11.0
1677680460000.0,85819,1677680460000.0,0.06357718504661296,-0.001331874,1262.5357610344786,1262.9406538100052,-18.3,0.3639,110.2,0.36042583688269875,long_nclose,39.718927224473404,0.03145964530298063,10.0
1677681480000.0,85836,1677681480000.0,0.05454436094162969,-0.001142646,1262.5891627494202,1262.9552711640051,-15.7,0.3639,94.5,0.36042583688269875,long_nclose,34.060241585415035,0.02697650398902941,17.0
1677682080000.0,85846,1677682080000.0,0.10949436094162973,-0.001153636,1262.6975034743618,1263.2313075280051,-15.7,0.3674,78.8,0.36042583688269875,long_nclose,28.40155594635666,0.022492763205921182,10.0
1677682140000.0,85847,1677682140000.0,0.09136153683664647,-0.0009625880000000001,1262.7879024231986,1263.2789549400054,-13.1,0.3674,65.7,0.36042583688269875,long_nclose,23.67997748319331,0.018752141541547196,1.0
1677683220000.0,85865,1677683220000.0,0.03230971699090167,-0.0006768540000000001,1262.8195352861896,1263.0211180860053,-9.3,0.3639,56.4,0.36042583688269875,long_nclose,20.32801720018421,0.01609732557358429,18.0
1677683340000.0,85867,1677683340000.0,0.027793304938410035,-0.00058224,1262.8467463511279,1263.0245758460053,-8.0,0.3639,48.4,0.36042583688269875,long_nclose,17.44461050512262,0.013813719325426552,2.0
1677683520000.0,85870,1677683520000.0,0.023971725509378657,-0.000502182,1262.8702158946373,1263.0434436640053,-6.9,0.3639,41.5,0.36042583688269875,long_nclose,14.957672230631998,0.01184418797939244,3.0
1677683760000.0,85874,1677683760000.0,0.020497562392077402,-0.00042940200000000006,1262.8902840550295,1263.0282042620054,-5.9,0.3639,35.6,0.36042583688269875,long_nclose,12.831159793024076,0.010160154017357986,4.0
1677684660000.0,85889,1677684660000.0,0.017370815586506272,-0.00036390000000000006,1262.907290970616,1263.0197203620055,-5.0,0.3639,30.6,0.36042583688269875,long_nclose,11.029030608610583,0.008733048488566524,15.0
1677684840000.0,85892,1677684840000.0,0.014938901404395393,-0.000312954,1262.9219169180203,1263.0132874080052,-4.3,0.3639,26.3,0.36042583688269875,long_nclose,9.479199510014977,0.007505768474703174,3.0
1677684900000.0,85893,1677684900000.0,0.012854403534014642,-0.00026928600000000004,1262.9345020355543,1263.0175381220054,-3.7,0.3639,22.6,0.36042583688269875,long_nclose,8.145623913548992,0.006449759588023097,1.0
1677687000000.0,85928,1677687000000.0,0.0,-0.010994522000000001,1262.9235075135543,1262.9568236000055,151.9,0.3619,174.5,0.3617090768684756,long_ientry_partial,63.11823391354899,0.04997787557048191,35.0
1677715320000.0,86400,1677715320000.0,0.08692398597495848,-0.001818696,1263.008612803529,1263.4560549040052,-24.9,0.3652,149.6,0.3617090768684756,long_nclose,54.11167789952395,0.04284347497790297,472.0
1677716280000.0,86416,1677716280000.0,0.07435666270147051,-0.0015557520000000003,1263.0814137142306,1263.5292991520053,-21.3,0.3652,128.3,0.3617090768684756,long_nclose,46.407274562225425,0.03674131695577698,16.0
1677716340000.0,86417,1677716340000.0,0.0638838933068972,-0.0013366320000000001,1263.1439609755375,1263.5609625200052,-18.3,0.3652,110.0,0.3617090768684756,long_nclose,39.78799845553232,0.03149917957475226,1.0
1677720840000.0,86492,1677720840000.0,0.0,-0.0046824480000000005,1263.1392785275375,1263.0768000720052,64.8,0.3613,174.8,0.3615574282353107,long_ientry_partial,63.20023845553231,0.050034259507158924,75.0
1677745980000.0,86911,1677745980000.0,0.0,-0.012629316,1263.1266492115376,1261.3156807560053,179.7,0.3514,354.5,0.35640851468415324,long_rentry,126.34681845553233,0.1000270388835513,419.0
1677799920000.0,87810,1677799920000.0,0.1716091569818463,-0.0036411760000000003,1263.2946171925196,1264.8419195800054,-50.6,0.3598,303.9,0.35640851468415324,long_nclose,108.31254761251417,0.08573815334796751,899.0
1677799920000.0,87810,1677799920000.0,0.34870915698184646,-0.0036765960000000003,1263.6396497535013,1264.9293229840052,-50.6,0.3633,253.3,0.35640851468415324,long_nclose,90.27827676949602,0.07144305481954973,0.0
1677800220000.0,87815,1677800220000.0,0.12243261990206822,-0.002597756,1263.7594846174036,1264.4526752280055,-36.1,0.3598,217.2,0.35640851468415324,long_nclose,77.41192938939808,0.061255270747055265,5.0
1677800520000.0,87820,1677800520000.0,0.10513604479124972,-0.00223076,1263.8623899021948,1264.6056044680054,-31.0,0.3598,186.2,0.35640851468415324,long_nclose,66.36326543418933,0.05250829992601087,5.0
1677800820000.0,87825,1677800820000.0,0.09021350940152395,-0.0019141360000000003,1263.9506892755962,1264.5398503320055,-26.6,0.3598,159.6,0.35640851468415324,long_nclose,56.882798943590856,0.04500397003319164,5.0
1677801180000.0,87831,1677801180000.0,0.07732586520130624,-0.0016406880000000002,1264.0263744527977,1264.4903296440054,-22.8,0.3598,136.8,0.35640851468415324,long_nclose,48.756684808792166,0.03857252174022013,6.0
1677801240000.0,87832,1677801240000.0,0.06613396365901192,-0.00140322,1264.0911051964567,1264.5475764240055,-19.5,0.3598,117.3,0.35640851468415324,long_nclose,41.80671877245118,0.033072551970812145,1.0
1677801900000.0,87843,1677801900000.0,0.056637804774640976,-0.001201732,1264.1465412692314,1264.4877246920057,-16.7,0.3598,100.6,0.35640851468415324,long_nclose,35.854696577225816,0.02836276919385224,11.0
1677806280000.0,87916,1677806280000.0,0.0,-0.005530304000000001,1264.1410109652313,1263.6439143880054,78.2,0.3536,178.8,0.3551801821992495,long_ientry_partial,63.50621657722582,0.050236655583806925,73.0
1677806520000.0,87920,1677806520000.0,0.0,-0.012641224,1264.1283697412314,1262.6696231640055,183.1,0.3452,361.9,0.35013080015812603,long_rentry,126.7123365772258,0.10023692182714321,4.0
1677806880000.0,87926,1677806880000.0,0.0,-0.012639912,1264.1157298292314,1259.7566332520057,186.1,0.3396,548.0,0.3465545557978573,long_rentry,189.9118965772258,0.15023299852686817,6.0
1677807000000.0,87928,1677807000000.0,0.0,-0.018210940000000002,1264.0975188892314,1255.4175423120055,271.4,0.3355,819.4,0.3428930883295409,long_rentry,280.9665965772258,0.22226655173258508,2.0
1677807060000.0,87929,1677807060000.0,0.0,-0.026863960000000003,1264.0706549292315,1244.0337783520058,405.8,0.331,1225.2,0.3389539639056691,long_rentry,415.28639657722584,0.3285310001919754,1.0
1677807060000.0,87929,1677807060000.0,0.0,-0.03953908799999999,1264.0311158412314,1242.0524792640056,606.8,0.3258,1832.0,0.3345970723674814,long_rentry,612.9818365772259,0.4849420468334574,0.0
1677807120000.0,87930,1677807120000.0,0.0,-0.058012762,1263.9731030792314,1225.1766065020056,907.3,0.3197,2739.3,0.3296629235853049,long_rentry,903.0456465772259,0.7144500499079204,1.0
1677819900000.0,88143,1677819900000.0,1.227538001070182,-0.026044928,1265.1745961523015,1273.2448515740057,-391.3,0.3328,2348.0,0.3296629235853049,long_nclose,774.048544578296,0.6118116400158229,213.0
1677820200000.0,88148,1677820200000.0,1.0521754294887273,-0.022324224,1266.2044473577903,1273.5244273500057,-335.4,0.3328,2012.6,0.3296629235853049,long_nclose,663.4796000077846,0.5239908937235834,5.0
1677824460000.0,88219,1677824460000.0,0.9019094692248333,-0.019136,1267.0872208270152,1272.4989913500058,-287.5,0.3328,1725.1,0.3296629235853049,long_nclose,568.7015094770095,0.44882585833816846,71.0
1677824520000.0,88220,1677824520000.0,0.7729756285808659,-0.016400384,1267.843796071596,1272.6304609660056,-246.4,0.3328,1478.7,0.3296629235853049,long_nclose,487.4725651055904,0.3844894510002102,1.0
1677824640000.0,88222,1677824640000.0,0.6625505387835993,-0.014057472,1268.4922891383794,1272.5952834940053,-211.2,0.3328,1267.5,0.3296629235853049,long_nclose,417.847755644374,0.32940504189284125,2.0
1677825720000.0,88240,1677825720000.0,0.5678108310598081,-0.01204736,1269.0480526094393,1272.0218861340054,-181.0,0.3328,1086.5,0.3296629235853049,long_nclose,358.1787664754338,0.28224208353571817,18.0
1677825840000.0,88242,1677825840000.0,0.4868742595606752,-0.010330111999999999,1269.524596757,1272.7255460220056,-155.2,0.3328,931.3,0.3296629235853049,long_nclose,307.01508073499446,0.24183468482553577,2.0
1677827880000.0,88276,1677827880000.0,0.41723116315444464,-0.008852480000000001,1269.9329754401542,1272.7566235420054,-133.0,0.3328,798.3,0.3296629235853049,long_nclose,263.1699118981489,0.20723133975392294,34.0
1677828540000.0,88287,1677828540000.0,0.35762671127523826,-0.00758784,1270.2830143114295,1272.4981457020053,-114.0,0.3328,684.3,0.3296629235853049,long_nclose,225.58833860942414,0.1775890380866871,11.0
1677830400000.0,88318,1677830400000.0,0.7224267112752424,-0.007660800000000001,1270.9977802227047,1274.4977549020052,-114.0,0.336,570.3,0.3296629235853049,long_nclose,188.00676532069937,0.14792060871086396,31.0
1677830460000.0,88319,1677830460000.0,0.6020222593960354,-0.006384000000000001,1271.5934184821008,1274.7955509020053,-95.0,0.336,475.3,0.3296629235853049,long_nclose,156.68878758009544,0.12322239585600767,1.0
1677830580000.0,88321,1677830580000.0,0.5018964520438526,-0.005322240000000001,1272.0899926941447,1274.6793286620054,-79.2,0.336,396.1,0.3296629235853049,long_nclose,130.57948403213928,0.10264956471796975,2.0
1677830940000.0,88327,1677830940000.0,0.41824704336987717,-0.0044352,1272.5038045375145,1274.6616934620054,-66.0,0.336,330.1,0.3296629235853049,long_nclose,108.82173107550916,0.08551780410201595,6.0
1677834060000.0,88379,1677834060000.0,0.348539202808231,-0.003696,1272.8486477403228,1274.6469974620054,-55.0,0.336,275.1,0.3296629235853049,long_nclose,90.69027027831739,0.07124984611431928,52.0
1677834180000.0,88381,1677834180000.0,0.29023809979303594,-0.00307776,1273.1358080801158,1274.6347597020053,-45.8,0.336,229.3,0.3296629235853049,long_nclose,75.59170837811043,0.059374426434602015,2.0
1677835200000.0,88398,1677835200000.0,0.10258239876052888,-0.0021765120000000002,1273.2362139668762,1273.9905831900053,-32.7,0.3328,196.6,0.3296629235853049,long_nclose,64.81173077687095,0.05090314748034417,17.0
1677835560000.0,88404,1677835560000.0,0.08783813961146203,-0.0018636800000000002,1273.3221884264876,1273.9353995100053,-28.0,0.3328,168.6,0.3296629235853049,long_nclose,55.581168916482405,0.04365051471000205,6.0
1677835740000.0,88407,1677835740000.0,0.07528983395268174,-0.00159744,1273.3958808204402,1273.921802070005,-24.0,0.3328,144.6,0.3296629235853049,long_nclose,47.66925875043509,0.03743475180689458,3.0
1677836100000.0,88413,1677836100000.0,0.0,-0.0030833880000000003,1273.3927974324401,1273.957478682005,46.2,0.3337,190.8,0.33064045466685055,long_ientry_partial,63.08619875043509,0.0495418215633359,6.0
1677851760000.0,88674,1677851760000.0,0.08593963306166472,-0.001815872,1273.4769211935018,1274.026542810005,-27.2,0.3338,163.6,0.33064045466685055,long_nclose,54.09277838349675,0.04247644969710251,261.0
1677852300000.0,88683,1677852300000.0,0.1729796330616657,-0.0018332800000000003,1273.6480675465634,1274.420029530005,-27.2,0.337,136.4,0.33064045466685055,long_nclose,45.09935801655842,0.03540959168056024,9.0
1677852660000.0,88689,1677852660000.0,0.14436167906249306,-0.0015299800000000002,1273.790899245626,1274.502609550005,-22.7,0.337,113.7,0.33064045466685055,long_nclose,37.59381969562091,0.02951333670061939,6.0
1677853920000.0,88710,1677853920000.0,0.12019540679652506,-0.0012738600000000001,1273.9098207924224,1274.522185690005,-18.9,0.337,94.8,0.33064045466685055,long_nclose,31.34471510241743,0.024605128707556222,21.0
1677854700000.0,88723,1677854700000.0,0.10048081626376171,-0.00106492,1274.009236688686,1274.511640770005,-15.8,0.337,79.0,0.33064045466685055,long_nclose,26.120595918681193,0.020502673894713653,13.0
1677854760000.0,88724,1677854760000.0,0.08331004386425811,-0.00088294,1274.0916637925502,1274.5041678300047,-13.1,0.337,65.9,0.33064045466685055,long_nclose,21.789205962545452,0.017101756947130616,1.0
1677855240000.0,88732,1677855240000.0,0.06931904413132928,-0.00073466,1274.1602481766815,1274.5100231700048,-10.9,0.337,55.0,0.33064045466685055,long_nclose,18.18522500667678,0.014272321737159645,8.0
1677855420000.0,88735,1677855420000.0,0.05787186253166021,-0.00061334,1274.2175066992131,1274.4956398300046,-9.1,0.337,45.9,0.33064045466685055,long_nclose,15.176396869208439,0.01191036600063832,3.0
1677864000000.0,88878,1677864000000.0,0.048332544531936,-0.00051224,1274.265327003745,1274.5127275900045,-7.6,0.337,38.3,0.33064045466685055,long_nclose,12.663529413740376,0.009937906294222788,143.0
1677864360000.0,88884,1677864360000.0,0.040065135598841686,-0.00042462,1274.3049675193436,1274.5148729700043,-6.3,0.337,32.0,0.33064045466685055,long_nclose,10.580494549339218,0.008302953232565665,6.0
1677865200000.0,88898,1677865200000.0,0.03370559026569221,-0.00035722,1274.3383158896092,1274.5134557500044,-5.3,0.337,26.7,0.33064045466685055,long_nclose,8.82810013960491,0.006927595309289635,14.0
1677866760000.0,88924,1677866760000.0,0.02798199946585769,-0.00029656,1274.3660013290753,1274.5189691900046,-4.4,0.337,22.3,0.33064045466685055,long_nclose,7.373282139070767,0.005785843416554542,26.0
1677868800000.0,88958,1677868800000.0,0.0,-0.011252364,1274.3547489650753,1274.4420668260045,168.6,0.3337,190.9,0.3333425989474634,long_ientry_partial,63.63510213907076,0.04993515517617829,34.0
1677873840000.0,89042,1677873840000.0,0.08860130862899647,-0.0018311039999999998,1274.4415191697042,1275.0238657220045,-27.2,0.3366,163.7,0.3333425989474634,long_nclose,54.56818344769975,0.04281733027910987,84.0
1677874080000.0,89046,1677874080000.0,0.07589744452410359,-0.001568556,1274.5158480582284,1274.9872271660045,-23.3,0.3366,140.4,0.3333425989474634,long_nclose,46.80130089222386,0.03672084655795168,4.0
1677874320000.0,89050,1677874320000.0,0.0651480210507327,-0.0013464000000000002,1274.579649679279,1274.9838807660044,-20.0,0.3366,120.4,0.3333425989474634,long_nclose,40.13444891327459,0.03148838044242552,4.0
1677877860000.0,89109,1677877860000.0,0.0,-0.004711844,1274.5749378352791,1274.5224689220045,70.6,0.3337,191.0,0.333474706352223,long_ientry_partial,63.69366891327459,0.049972478684894794,59.0
1677879900000.0,89143,1677879900000.0,0.08772798721953486,-0.001831648,1274.6608341744986,1275.1891372740045,-27.2,0.3367,163.8,0.333474706352223,long_nclose,54.62315690049413,0.04285309114080485,34.0
1677882720000.0,89190,1677882720000.0,0.07547187135798218,-0.001575756,1274.7347302898565,1275.2016015180045,-23.4,0.3367,140.4,0.333474706352223,long_nclose,46.81984877185211,0.03672909167635681,47.0
1677888360000.0,89284,1677888360000.0,0.15035187135798173,-0.0015907319999999999,1274.8834914292145,1275.6703507860043,-23.4,0.3399,117.0,0.333474706352223,long_nclose,39.01654064321009,0.030604004919281218,94.0
1677888780000.0,89291,1677888780000.0,0.12529322613165145,-0.00132561,1275.007459045346,1275.6631751760042,-19.5,0.3399,97.5,0.333474706352223,long_nclose,32.513783869341744,0.02550085777042139,7.0
1677889140000.0,89297,1677889140000.0,0.10408975709398735,-0.001101276,1275.1104475264399,1275.6409539000042,-16.2,0.3399,81.3,0.333474706352223,long_nclose,27.111493626435728,0.02126207473166638,6.0
1677889620000.0,89305,1677889620000.0,0.08674146424498946,-0.00091773,1275.1962712606849,1275.665806170004,-13.5,0.3399,67.8,0.333474706352223,long_nclose,22.609585090680717,0.01773027854632011,8.0
1677890280000.0,89316,1677890280000.0,0.07260581821988008,-0.000768174,1275.2681089049047,1275.670687996004,-11.3,0.3399,56.5,0.333474706352223,long_nclose,18.8413209089006,0.014774399812350028,11.0
1677890460000.0,89319,1677890460000.0,0.06039776028910378,-0.000639012,1275.3278676531938,1275.668178984004,-9.4,0.3399,47.1,0.333474706352223,long_nclose,15.706658669189704,0.01231578095920734,3.0
1677895200000.0,89398,1677895200000.0,0.02160946744010601,-0.000451178,1275.349025942634,1275.483367806004,-6.7,0.3367,40.4,0.333474706352223,long_nclose,13.472378136629809,0.010563679324310555,79.0
1677896520000.0,89420,1677896520000.0,0.018384173792328994,-0.000383838,1275.3670262784262,1275.4858839680041,-5.7,0.3367,34.7,0.333474706352223,long_nclose,11.57157231042214,0.009073131163025648,22.0
1677898020000.0,89445,1677898020000.0,0.0,-0.010423736000000001,1275.3566025424263,1275.4113502320042,155.3,0.3356,190.0,0.3352118542653797,long_ientry_partial,63.69025231042214,0.049939171666540536,25.0
1677953160000.0,90364,1677953160000.0,0.0,-0.012751812,1275.3438507304263,1273.5170284200042,195.7,0.3258,385.7,0.3304363814115171,long_rentry,127.44931231042214,0.09993329425427365,919.0
1677962400000.0,90518,1677962400000.0,0.0,-0.0127559,1275.3310948304263,1271.4401625200042,199.0,0.3205,584.7,0.32705457894719026,long_rentry,191.22881231042217,0.14994444429808937,154.0
1677966060000.0,90579,1677966060000.0,0.0,-0.018337472,1275.3127573584263,1269.3748250480041,289.6,0.3166,874.3,0.32359164166810267,long_rentry,282.91617231042216,0.22184061962685175,61.0
1677978720000.0,90790,1677978720000.0,0.3882339556539754,-0.008160966,1275.6928303480802,1278.247054082004,-124.9,0.3267,749.4,0.32359164166810267,long_nclose,242.49957626607613,0.19009245054697746,211.0
1677978900000.0,90793,1677978900000.0,0.3325943415130133,-0.00699138,1276.018433309593,1278.207962702004,-107.0,0.3267,642.4,0.32359164166810267,long_nclose,207.87527060758916,0.16290930066615547,3.0
1677979140000.0,90797,1677979140000.0,0.6642943415130125,-0.007057719999999999,1276.675669931106,1280.106704982004,-107.0,0.3298,535.4,0.32359164166810267,long_nclose,173.25096494910215,0.13570475965791012,4.0
1677979620000.0,90805,1677979620000.0,0.5537855632052403,-0.005883632000000001,1277.2235718623115,1279.815261350004,-89.2,0.3298,446.2,0.32359164166810267,long_nclose,144.3865905123074,0.11304723283628272,8.0
1677979740000.0,90807,1677979740000.0,0.4612810240599703,-0.0049008279999999994,1277.6799520583713,1280.137600522004,-74.3,0.3298,371.9,0.32359164166810267,long_nclose,120.34373153636737,0.09418926182765167,2.0
1677980100000.0,90813,1677980100000.0,0.38429738074444364,-0.004082924,1278.060166515116,1280.0777575980042,-61.9,0.3298,310.0,0.32359164166810267,long_nclose,100.31340891711183,0.07848880009353253,6.0
1677980340000.0,90817,1677980340000.0,0.32035128992590134,-0.003403536,1278.3771142690418,1279.955514062004,-51.6,0.3298,258.4,0.32359164166810267,long_nclose,83.61608020703773,0.06540799211259991,4.0
1677980520000.0,90820,1677980520000.0,0.26695940827158443,-0.00283628,1278.6412373973133,1280.107757782004,-43.0,0.3298,215.4,0.32359164166810267,long_nclose,69.70163961530932,0.05451227254111379,3.0
1677981420000.0,90835,1677981420000.0,0.2228800641151135,-0.002367964,1278.8617494974283,1279.9940998180039,-35.9,0.3298,179.5,0.32359164166810267,long_nclose,58.08469967942443,0.045419060897122596,15.0
1677983040000.0,90862,1677983040000.0,0.18562991412372962,-0.0019722039999999995,1279.045407207552,1280.0040976140037,-29.9,0.3298,149.6,0.32359164166810267,long_nclose,48.40930959354816,0.03784799923502069,27.0
1677983400000.0,90868,1677983400000.0,0.15458812246424306,-0.0016424039999999999,1279.1983529260162,1279.985005210004,-24.9,0.3298,124.7,0.32359164166810267,long_nclose,40.3518777160124,0.0315446604693574,6.0
1677984120000.0,90880,1677984120000.0,0.05532877830777231,-0.0011630520000000001,1279.252518652324,1279.7130821580038,-17.8,0.3267,106.9,0.32359164166810267,long_nclose,34.591946494320176,0.02704074917965559,12.0
1677985500000.0,90903,1677985500000.0,0.11050877830777217,-0.0011740880000000002,1279.3618533426318,1279.9417480700038,-17.8,0.3298,89.1,0.32359164166810267,long_nclose,28.832015272627945,0.02253624742468096,23.0
1677985920000.0,90910,1677985920000.0,0.09188370331208023,-0.000976208,1279.4527608379437,1279.9140418620036,-14.8,0.3298,74.3,0.32359164166810267,long_nclose,24.042858975940028,0.018791517523627673,7.0
1677985980000.0,90911,1677985980000.0,0.07636280748233695,-0.0008113080000000001,1279.528312337426,1279.9380305540037,-12.3,0.3298,62.0,0.32359164166810267,long_nclose,20.062681783422367,0.01567974822438443,1.0
1677986340000.0,90917,1677986340000.0,0.06394609081854233,-0.000679388,1279.5915790402446,1279.9642511660036,-10.3,0.3298,51.7,0.32359164166810267,long_nclose,16.72968787424091,0.013074240365655566,6.0
1677986820000.0,90925,1677986820000.0,0.05339188165431688,-0.000567256,1279.6444036658988,1279.9206039100036,-8.6,0.3298,43.1,0.32359164166810267,long_nclose,13.946799755895226,0.010898965146833544,8.0
1677988620000.0,90955,1677988620000.0,0.04407934415647091,-0.0004683159999999999,1279.6880146940553,1279.9259155940035,-7.1,0.3298,36.0,0.32359164166810267,long_nclose,11.649299100051696,0.009103233730634559,30.0
1677988800000.0,90958,1677988800000.0,0.037250149991383874,-0.00039576,1279.7248690840468,1279.9111198340038,-6.0,0.3298,30.0,0.32359164166810267,long_nclose,9.70774925004308,0.007585809641248377,3.0
1677988860000.0,90959,1677988860000.0,0.03104179165948656,-0.0003298,1279.7555810757062,1279.9257900340037,-5.0,0.3298,25.0,0.32359164166810267,long_nclose,8.089791041702567,0.006321356328762907,1.0
1678005720000.0,91240,1678005720000.0,0.0,-0.011163188000000001,1279.7444178877063,1279.8000368460036,170.9,0.3266,195.9,0.32621608494998755,long_ientry_partial,63.905731041702566,0.04993632333804804,281.0
1678011840000.0,91342,1678011840000.0,0.08883122989534807,-0.0018380520000000002,1279.8314110656015,1280.4335087940035,-27.9,0.3294,168.0,0.32621608494998755,long_nclose,54.804302271597905,0.04282150117410171,102.0
1678017300000.0,91433,1678017300000.0,0.07641396120029942,-0.00158112,1279.9062439068018,1280.3935276740035,-24.0,0.3294,144.0,0.32621608494998755,long_nclose,46.97511623279821,0.036701997866195865,91.0
1678018620000.0,91455,1678018620000.0,0.06527025852525575,-0.0013505400000000003,1279.9701636253271,1280.4127771340036,-20.5,0.3294,123.5,0.32621608494998755,long_nclose,40.28768649132346,0.031475488754530434,22.0
1678019460000.0,91469,1678019460000.0,0.056036904880219576,-0.0011594880000000002,1280.0250410422075,1280.3728076460038,-17.6,0.3294,105.9,0.32621608494998755,long_nclose,34.546283396203684,0.026988755913771655,14.0
1678020060000.0,91479,1678020060000.0,0.04807711725518838,-0.0009947880000000001,1280.0721233714626,1280.3703028580037,-15.1,0.3294,90.8,0.32621608494998755,long_nclose,29.620420513458868,0.02313964969055369,10.0
1678023720000.0,91540,1678023720000.0,0.09488711725518825,-0.00100415,1280.1660063387178,1280.6492687080038,-15.1,0.3325,75.7,0.32621608494998755,long_nclose,24.69455763071406,0.019290121365853664,61.0
1678039080000.0,91796,1678039080000.0,0.0,-0.007827252,1280.1581790867178,1280.3191614560037,119.1,0.3286,194.8,0.32767360180038013,long_ientry_partial,63.83081763071405,0.04986166449856362,256.0
1678048980000.0,91961,1678048980000.0,0.08691386994943186,-0.001839248,1280.2432537086675,1280.8321622080039,-27.8,0.3308,167.0,0.32767360180038013,long_nclose,54.72149150066348,0.042743042263369675,165.0
1678049760000.0,91974,1678049760000.0,0.07440827715095245,-0.001574608,1280.3160873778183,1280.792427600004,-23.8,0.3308,143.2,0.32767360180038013,long_nclose,46.92285977781443,0.03664943387059668,13.0
1678050180000.0,91981,1678050180000.0,0.06377852327224495,-0.0013496639999999998,1280.3785162370907,1280.774717936004,-20.4,0.3308,122.8,0.32767360180038013,long_nclose,40.23831830108668,0.03142689274367335,7.0
1678053240000.0,92032,1678053240000.0,0.05471196849334739,-0.0011578,1280.432070405584,1280.771810136004,-17.5,0.3308,105.3,0.32767360180038013,long_nclose,34.50403026958003,0.026947177493493023,51.0
1678055280000.0,92066,1678055280000.0,0.0,-0.00588194,1280.426188465584,1280.4847781960038,89.5,0.3286,194.8,0.3280992313633472,long_ientry_partial,63.913730269580036,0.04991598176086348,34.0
1678118640000.0,93122,1678118640000.0,0.08898136809894802,-0.001842028,1280.5133278056828,1280.9810561680038,-27.8,0.3313,167.0,0.3280992313633472,long_nclose,54.792571637678975,0.042789536389732694,1056.0
1678149000000.0,93628,1678149000000.0,0.0761782935523368,-0.001576988,1280.5879291112353,1281.017639180004,-23.8,0.3313,143.2,0.3280992313633472,long_nclose,46.98380993123131,0.03668924941674206,506.0
1678149060000.0,93629,1678149060000.0,0.06529568018771725,-0.0013517039999999998,1280.6518730874232,1281.130887476004,-20.4,0.3313,122.8,0.3280992313633472,long_nclose,40.29058561141903,0.03146099768259864,1.0
1678149240000.0,93632,1678149240000.0,0.056013451141424114,-0.00115955,1280.7067269885645,1281.170127926004,-17.5,0.3313,105.3,0.3280992313633472,long_nclose,34.54884906256046,0.026976393841389532,3.0
1678150380000.0,93651,1678150380000.0,0.0480115295497921,-0.0009939,1280.7537446181143,1281.0608340260042,-15.0,0.3313,90.3,0.3280992313633472,long_nclose,29.62736059211025,0.023132753440392492,19.0
1678151040000.0,93662,1678151040000.0,0.09451152954979197,-0.0010032,1280.8472529476642,1281.329230826004,-15.0,0.3344,75.3,0.3280992313633472,long_nclose,24.705872121660043,0.01928869509209896,11.0
1678152060000.0,93679,1678152060000.0,0.07875960795815998,-0.0008359999999999999,1280.9251765556223,1281.352264826004,-12.5,0.3344,62.8,0.3280992313633472,long_nclose,20.6046317296182,0.016085741858102572,17.0
1678163940000.0,93877,1678163940000.0,0.028486840866209978,-0.0005897140000000001,1280.9530736824886,1281.136375112004,-8.9,0.3313,53.9,0.3280992313633472,long_nclose,17.684548570484413,0.013805773945836132,198.0
1678164600000.0,93888,1678164600000.0,0.02464591850222661,-0.000510202,1280.977209398991,1281.1389449100043,-7.7,0.3313,46.2,0.3280992313633472,long_nclose,15.15818448898664,0.011833297562021856,11.0
1678166520000.0,93920,1678166520000.0,0.021125073001908523,-0.000437316,1280.9978971559929,1281.1286075940043,-6.6,0.3313,39.6,0.3280992313633472,long_nclose,12.992729561988549,0.010142662677928163,32.0
1678167120000.0,93930,1678167120000.0,0.017924304365255717,-0.000371056,1281.0154504043583,1281.1276765380044,-5.6,0.3313,34.0,0.3280992313633472,long_nclose,11.155373866353804,0.008708227416642445,10.0
1678172580000.0,94021,1678172580000.0,0.0,-0.010569996000000002,1281.0048804083583,1281.0078465420045,160.2,0.3299,194.2,0.3295847263972905,long_ientry_partial,64.0053538663538,0.049964957078032515,91.0
1678197480000.0,94436,1678197480000.0,0.0,-0.012811999999999999,1280.9920684083584,1279.3072345420046,200.0,0.3203,394.2,0.3248740585143425,long_rentry,128.0653538663538,0.09997357284614253,415.0
1678201740000.0,94507,1678201740000.0,0.0,-0.012811966000000001,1280.9792564423583,1277.0665725760045,203.3,0.3151,597.5,0.3215484248809269,long_rentry,192.1251838663538,0.14998305624397057,71.0
1678210560000.0,94654,1678210560000.0,0.26029935765693657,-0.005537676,1281.2340181240154,1282.7970349000047,-85.3,0.3246,512.2,0.3215484248809269,long_nclose,164.69710322401076,0.12854568400014893,147.0
1678211100000.0,94663,1678211100000.0,0.22307014120424457,-0.004745652,1281.4523426132196,1282.8801092480046,-73.1,0.3246,439.1,0.3215484248809269,long_nclose,141.19191336521502,0.11018116606450415,9.0
1678211760000.0,94674,1678211760000.0,0.19133375996588423,-0.004070484000000001,1281.6396058891853,1282.7882187640043,-62.7,0.3246,376.4,0.3215484248809269,long_nclose,121.03082712518088,0.09443436873286326,11.0
1678211820000.0,94675,1678211820000.0,0.1638695838942262,-0.003486204,1281.7999892690796,1282.7524625600045,-53.7,0.3246,322.7,0.3215484248809269,long_nclose,103.7636767090751,0.08095153501151472,1.0
1678211880000.0,94676,1678211880000.0,0.14067761298927053,-0.002992812,1281.9376740700689,1282.8093997480046,-46.1,0.3246,276.6,0.3215484248809269,long_nclose,88.94029432206439,0.0693795775887331,1.0
1678226940000.0,94927,1678226940000.0,0.0,-0.012816792000000002,1281.9248572780689,1279.3185629560046,205.2,0.3123,481.8,0.31760949423425566,long_rentry,153.0242543220644,0.11937068967285898,251.0
1678231800000.0,95008,1678231800000.0,0.21262679668320938,-0.004412831999999999,1282.133071242752,1283.2029501240045,-68.8,0.3207,413.0,0.31760949423425566,long_nclose,131.17272111874757,0.10230819566303197,81.0
1678231980000.0,95011,1678231980000.0,0.18233984017891502,-0.00378426,1282.311626822931,1283.4764658640045,-59.0,0.3207,354.0,0.31760949423425566,long_nclose,112.4337609589265,0.08768052835759868,3.0
1678233060000.0,95029,1678233060000.0,0.15607054117008828,-0.0032390699999999997,1282.464458294101,1283.4631267940044,-50.5,0.3207,303.5,0.31760949423425566,long_nclose,96.39448150009659,0.0751634720765033,18.0
1678233300000.0,95033,1678233300000.0,0.13381889965672916,-0.002777262,1282.5954999317576,1283.4256695320041,-43.3,0.3207,260.2,0.31760949423425566,long_nclose,82.64199039975333,0.0644334011807701,4.0
1678233420000.0,95035,1678233420000.0,0.11465776390911436,-0.002379594,1282.7077781016665,1283.397269938004,-37.1,0.3207,223.1,0.31760949423425566,long_nclose,70.85867816366243,0.05524148163233967,2.0
1678233600000.0,95038,1678233600000.0,0.09827808335066945,-0.002039652,1282.8040165330171,1283.471750286004,-31.8,0.3207,191.3,0.31760949423425566,long_nclose,60.75869624701311,0.0473639741253876,3.0
1678234260000.0,95049,1678234260000.0,0.08437080740482,-0.001751022,1282.886636318422,1283.426279264004,-27.3,0.3207,164.0,0.31760949423425566,long_nclose,52.08795705441793,0.04060215110190711,11.0
1678235520000.0,95070,1678235520000.0,0.07231783491841715,-0.001500876,1282.9574532773406,1283.3779183880042,-23.4,0.3207,140.6,0.31760949423425566,long_nclose,44.655894889336345,0.03480699595708491,21.0
1678239360000.0,95134,1678239360000.0,0.06181011531488645,-0.0012828,1283.0179805926557,1283.4027555880045,-20.0,0.3207,120.6,0.31760949423425566,long_nclose,38.30370500465123,0.029854378959644712,64.0
1678240080000.0,95146,1678240080000.0,0.0,-0.005150094000000001,1283.0128304986556,1283.1364054940043,80.9,0.3183,201.5,0.31788672458883993,long_ientry_partial,64.05417500465124,0.049924812505386995,12.0
1678255500000.0,95403,1678255500000.0,0.0,-0.012831706,1282.9999987926556,1280.9845737880044,207.7,0.3089,409.2,0.3133252810475348,long_rentry,128.21270500465124,0.09993196034707992,257.0
1678281120000.0,95830,1678281120000.0,0.0,-0.012830658,1282.9871681346556,1279.1303431300043,211.1,0.3039,620.3,0.31011767693801584,long_rentry,192.3659950046512,0.14993602413368914,427.0
1678283700000.0,95873,1678283700000.0,0.0,-0.018444288,1282.9687238466556,1278.2080388420045,307.2,0.3002,927.5,0.3068328140211873,long_rentry,284.5874350046512,0.22181946427453672,43.0
1678289580000.0,95971,1678289580000.0,0.39315214219268757,-0.008209700000000002,1283.3536662888484,1285.8715791420045,-132.5,0.3098,795.0,0.3068328140211873,long_nclose,243.93208714684388,0.19007393951835355,98.0
1678290120000.0,95980,1678290120000.0,0.3367756085952456,-0.007032460000000001,1283.6834094374437,1285.5692466820046,-113.5,0.3098,681.5,0.3068328140211873,long_nclose,209.10656275543914,0.1628957429987174,9.0
1678290300000.0,95983,1678290300000.0,0.28870719573847925,-0.006028708000000001,1283.9660879251821,1285.8747779740045,-97.3,0.3098,584.2,0.3068328140211873,long_nclose,179.25172995117762,0.13960783827307968,3.0
1678290600000.0,95988,1678290600000.0,0.24746331063298224,-0.005167464000000001,1284.2083837718153,1285.7945105100048,-83.4,0.3098,500.8,0.3068328140211873,long_nclose,153.6618732618106,0.11965493700523452,5.0
1678290720000.0,95990,1678290720000.0,0.21215379748511065,-0.00443014,1284.4161074293004,1285.6040603700046,-71.5,0.3098,429.3,0.3068328140211873,long_nclose,131.7233270592957,0.10255502581864523,2.0
1678290780000.0,95991,1678290780000.0,0.18188850050122074,-0.003798148,1284.5941977818015,1285.6125222220046,-61.3,0.3098,368.0,0.3068328140211873,long_nclose,112.91447555979693,0.0878989456396224,1.0
1678290900000.0,95993,1678290900000.0,0.15577726388766866,-0.0032529000000000004,1284.746722145689,1285.9037193220045,-52.5,0.3098,315.5,0.3068328140211873,long_nclose,96.80575282368459,0.07535006795892561,2.0
1678291080000.0,95996,1678291080000.0,0.13352336904657314,-0.0027882000000000002,1284.8774573147357,1285.7882811220045,-45.0,0.3098,270.5,0.3068328140211873,long_nclose,82.99827619273115,0.06459625835929068,3.0
1678291200000.0,95998,1678291200000.0,0.11453337878217162,-0.0023916560000000007,1284.9895990375178,1285.6313094660045,-38.6,0.3098,231.9,0.3068328140211873,long_nclose,71.15452957151334,0.055373622965360546,2.0
1678291500000.0,96003,1678291500000.0,0.09821385589870157,-0.0020508760000000005,1285.0857620174163,1285.7949185900043,-33.1,0.3098,198.8,0.3068328140211873,long_nclose,60.99836342741204,0.04746637557609587,5.0
1678292640000.0,96022,1678292640000.0,0.08426808179828171,-0.0017596640000000002,1285.1682704352145,1285.6397989260042,-28.4,0.3098,170.4,0.3068328140211873,long_nclose,52.28431150921031,0.0406828527532076,19.0
1678294140000.0,96047,1678294140000.0,0.0721026192851495,-0.0015056280000000002,1285.2388674264998,1285.7308132980045,-24.3,0.3098,146.1,0.3068328140211873,long_nclose,44.82827412849546,0.03487933275645284,25.0
1678297620000.0,96105,1678297620000.0,0.0,-0.003876864,1285.2349905625,1285.2886364340045,63.1,0.3072,209.2,0.30694356657980626,long_ientry_partial,64.21259412849547,0.04996175376488309,58.0
1678314900000.0,96393,1678314900000.0,0.0,-0.012850764000000002,1285.2221397985,1283.4563656700045,215.4,0.2983,424.6,0.302558676703946,long_rentry,128.46641412849547,0.09995658349663719,288.0
1678315740000.0,96407,1678315740000.0,0.0,-0.012849430000000002,1285.2092903685,1281.8777762400046,218.9,0.2935,643.5,0.29947717813286007,long_rentry,192.71356412849545,0.14994722304974928,14.0
1678338360000.0,96784,1678338360000.0,0.2686073295901601,-0.0055581120000000005,1285.4723395860901,1287.1397281280044,-91.9,0.3024,551.6,0.29947717813286007,long_nclose,165.19161145808562,0.12850654687076016,377.0
1678370700000.0,97323,1678370700000.0,0.2303183631306269,-0.004765824,1285.6978921252207,1286.9852423040045,-78.8,0.3024,472.8,0.29947717813286007,long_nclose,141.59280982121624,0.11012914518135165,539.0
1678370760000.0,97324,1678370760000.0,0.19729047603194563,-0.0040824,1285.8911002012526,1287.2783699040044,-67.5,0.3024,405.3,0.29947717813286007,long_nclose,121.37810029724818,0.09439220807909122,1.0
1678371000000.0,97328,1678371000000.0,0.16923138610740224,-0.0035017919999999997,1286.05682979536,1287.1069581120043,-57.9,0.3024,347.4,0.29947717813286007,long_nclose,104.03837168335558,0.08089718064784926,4.0
1678371300000.0,97333,1678371300000.0,0.1449719646101408,-0.0029998080000000005,1286.1988019519704,1287.6052583040046,-49.6,0.3024,297.8,0.29947717813286007,long_nclose,89.18430364796573,0.06933943921625273,5.0
1678372440000.0,97352,1678372440000.0,0.12421992935344725,-0.0025704,1286.320451481324,1287.219827904005,-42.5,0.3024,255.3,0.29947717813286007,long_nclose,76.45652357731917,0.05943816215412886,19.0
1678373220000.0,97365,1678373220000.0,0.2432199293534483,-0.0025942000000000005,1286.5610772106775,1287.9065737040048,-42.5,0.3052,212.8,0.29947717813286007,long_nclose,63.72874350667263,0.049534176523387,13.0
1678374840000.0,97392,1678374840000.0,0.08885378476105403,-0.001838592,1286.6480924034386,1287.1082551120048,-30.4,0.3024,182.4,0.29947717813286007,long_nclose,54.62463729143368,0.04245499419300868,27.0
1678385280000.0,97566,1678385280000.0,0.0,-0.01286662,1286.6352257834385,1285.0265484920048,221.0,0.2911,403.4,0.2948877969544712,long_rentry,118.95773729143367,0.09245645922604033,174.0
1678388640000.0,97622,1678388640000.0,0.0,-0.012868778,1286.6223570054385,1283.6428297140048,224.9,0.2861,628.3,0.29174220482481883,long_rentry,183.30162729143365,0.14246731085729053,56.0
1678392300000.0,97683,1678392300000.0,0.0,-0.0175828,1286.6047742054386,1280.891846914005,311.2,0.2825,939.5,0.2886808167018985,long_rentry,271.21562729143363,0.21079948771286564,61.0
1678393320000.0,97700,1678393320000.0,0.0,-0.025945128,1286.5788290774385,1278.1386817860048,465.3,0.2788,1404.8,0.28540807751383374,long_rentry,400.94126729143363,0.3116336583736069,17.0
1678394820000.0,97725,1678394820000.0,0.0,-0.03819393000000001,1286.5406351474385,1271.0069178560047,695.7,0.2745,2100.5,0.2817952474608111,long_rentry,591.9109172914336,0.4600794573609408,25.0
1678409040000.0,97962,1678409040000.0,0.0,-0.05607217000000001,1286.4845629774384,1260.9724756860046,1040.3,0.2695,3140.8,0.27772279906120534,long_rentry,872.2717672914338,0.678027387497483,237.0
1678440840000.0,98492,1678440840000.0,0.0,-0.082844712,1286.4017182654384,1240.1597909740046,1573.2,0.2633,4714.0,0.2729094881823152,long_rentry,1286.4953272914338,1.0000727681133088,530.0
1678452900000.0,98693,1678452900000.0,-0.38926112566051735,-0.002574828000000001,1286.0098823117778,1248.1758761460044,-48.6,0.2649,4665.4,0.2729094881823152,unstuck_close_long,1273.2319261657733,0.990063874063678,201.0
1678479060000.0,99129,1678479060000.0,1.7263170753051682,-0.036718640000000004,1287.699480747083,1296.8592375060045,-666.4,0.2755,3999.0,0.2729094881823152,long_nclose,1091.3650432410784,0.8475308560409627,436.0
1678494840000.0,99392,1678494840000.0,1.4797003502615729,-0.03147312000000001,1289.1477079773445,1298.3702443860045,-571.2,0.2755,3427.8,0.2729094881823152,long_nclose,935.4791435913401,0.7256570661395305,263.0
1678497420000.0,99435,1678497420000.0,1.268314585938491,-0.026976960000000005,1290.389045603283,1298.2943074260045,-489.6,0.2755,2938.2,0.2729094881823152,long_nclose,801.8626581772785,0.6214115509655396,43.0
1678497720000.0,99440,1678497720000.0,1.0872378098823217,-0.023125470000000002,1291.4531579431653,1296.4662619560045,-419.7,0.2755,2518.5,0.2729094881823152,long_nclose,687.3225459871608,0.5322086532986036,5.0
1678497840000.0,99442,1678497840000.0,0.931807100821232,-0.019819470000000002,1292.3651455739866,1298.6051824860047,-359.7,0.2755,2158.8,0.2729094881823152,long_nclose,589.157003087982,0.45587503276894387,2.0
1678498320000.0,99450,1678498320000.0,0.7989138445740004,-0.016992840000000002,1293.1470665785605,1298.4956696460044,-308.4,0.2755,1850.4,0.2729094881823152,long_nclose,504.9917169325561,0.39051375515135744,8.0
1678498440000.0,99452,1678498440000.0,0.6846722734140996,-0.014562930000000003,1293.8171759219747,1298.2432067160046,-264.3,0.2755,1586.1,0.2729094881823152,long_nclose,432.8617392059701,0.3345617505019692,2.0
1678498800000.0,99458,1678498800000.0,1.3982822734140945,-0.014705652000000001,1295.2007525433887,1302.5902910640045,-264.3,0.2782,1321.8,0.2729094881823152,long_nclose,360.7317614793842,0.2785141691517816,6.0
1678498920000.0,99460,1678498920000.0,1.165499753435963,-0.012257492000000002,1296.3539948048249,1301.9611935720047,-220.3,0.2782,1101.5,0.2729094881823152,long_nclose,300.6098012328202,0.2318886680933776,2.0
1678498980000.0,99461,1678498980000.0,0.970808918545162,-0.01020994,1297.31459378337,1302.6302836320046,-183.5,0.2782,918.0,0.2729094881823152,long_nclose,250.53091015136536,0.19311500182907823,1.0
1678499160000.0,99464,1678499160000.0,0.8094483081057754,-0.00851292,1298.1155291714758,1302.0862707120048,-153.0,0.2782,765.0,0.2729094881823152,long_nclose,208.77575845947112,0.16082987512885125,3.0
1678499220000.0,99465,1678499220000.0,0.6745402567548129,-0.007094100000000001,1298.7829753282308,1302.538176612005,-127.5,0.2782,637.5,0.2729094881823152,long_nclose,173.97979871622593,0.13395602038304932,1.0
1678499400000.0,99468,1678499400000.0,0.5618523550381265,-0.0059089680000000006,1299.3389187152688,1301.8841176440048,-106.2,0.2782,531.3,0.2729094881823152,long_nclose,144.99681107126406,0.11159275611834267,3.0
1678499460000.0,99469,1678499460000.0,0.4682102958651054,-0.0049241400000000005,1299.8022048711339,1302.2776835040047,-88.5,0.2782,442.8,0.2729094881823152,long_nclose,120.84432136712917,0.09297131587733383,1.0
1678499940000.0,99477,1678499940000.0,0.3904397721451387,-0.0041062320000000005,1300.188538411279,1302.1776372720049,-73.8,0.2782,369.0,0.2729094881823152,long_nclose,100.70360113927431,0.07745307558419615,8.0
1678500120000.0,99480,1678500120000.0,0.3253664767876156,-0.0034218600000000005,1300.5104830280668,1302.2295654120048,-61.5,0.2782,307.5,0.2729094881823152,long_nclose,83.91966761606193,0.0645282515683119,3.0
1678500300000.0,99483,1678500300000.0,0.2708742050654621,-0.0028487680000000002,1300.7785084651323,1302.262616644005,-51.2,0.2782,256.3,0.2729094881823152,long_nclose,69.94670182112739,0.05377295317068373,3.0
1678500900000.0,99493,1678500900000.0,0.09481273252726465,-0.0020166600000000004,1300.8713045376596,1301.572259984005,-36.6,0.2755,219.7,0.2729094881823152,long_nclose,59.95821455365464,0.04609081186164244,10.0
1678501140000.0,99497,1678501140000.0,0.08108301989353507,-0.0017246300000000002,1300.9506629275534,1301.4198753540052,-31.3,0.2755,188.4,0.2729094881823152,long_nclose,51.41614757354819,0.03952198114711397,4.0
1678501200000.0,99498,1678501200000.0,0.06968476789572182,-0.0014821900000000002,1301.0188655054492,1301.4533831640053,-26.9,0.2755,161.5,0.2729094881823152,long_nclose,44.0748823414439,0.03387720463555361,1.0
1678501620000.0,99505,1678501620000.0,0.059581771806751005,-0.0012673000000000003,1301.0771799772558,1301.3251658640052,-23.0,0.2755,138.5,0.2729094881823152,long_nclose,37.79796411325066,0.029051285115854083,7.0
1678502160000.0,99514,1678502160000.0,0.05103308280839108,-0.0010854700000000003,1301.1271275900642,1301.363600394005,-19.7,0.2755,118.8,0.2729094881823152,long_nclose,32.42164719605904,0.02491812406994397,9.0
1678502280000.0,99516,1678502280000.0,0.04377964971887356,-0.00093119,1301.169976049783,1301.495089204005,-16.9,0.2755,101.9,0.2729094881823152,long_nclose,27.80947684577792,0.021372670256506077,2.0
1678507680000.0,99606,1678507680000.0,0.0,-0.007469120000000001,1301.162506929783,1300.926310084005,137.3,0.272,239.2,0.27238744500743284,long_ientry_partial,65.15507684577793,0.05007451144555152,90.0
1678520040000.0,99812,1678520040000.0,0.0,-0.013012652000000001,1301.1494942777829,1299.553157432005,245.8,0.2647,485.0,0.26849141617686173,long_rentry,130.21833684577794,0.10007945852375483,206.0
1678520520000.0,99820,1678520520000.0,0.0,-0.013009584000000001,1301.136484693783,1297.432587848005,249.8,0.2604,734.8,0.26574068705195697,long_rentry,195.26625684577797,0.15007361575271874,8.0
1678521840000.0,99842,1678521840000.0,0.0,-0.018719015999999998,1301.117765677783,1294.402588832005,363.9,0.2572,1098.7,0.26291192941274044,long_rentry,288.86133684577794,0.2220101396396684,22.0
1678528500000.0,99953,1678528500000.0,0.4060682751410269,-0.008331390000000001,1301.515502562924,1303.764587442005,-156.9,0.2655,941.8,0.26291192941274044,long_nclose,247.61045512091894,0.1902477954610055,111.0
1678528560000.0,99954,1678528560000.0,0.3480954939864125,-0.00714195,1301.8564561069104,1304.2687254920052,-134.5,0.2655,807.3,0.26291192941274044,long_nclose,212.24880061490535,0.16303548645418028,1.0
1678537440000.0,100102,1678537440000.0,0.2984045387110287,-0.00612243,1302.1487382156215,1304.0780830620051,-115.3,0.2655,692.0,0.26291192941274044,long_nclose,181.9350551536164,0.13971910413469982,148.0
1678537560000.0,100104,1678537560000.0,0.2557013740212457,-0.005246280000000001,1302.399193309643,1303.9937567820052,-98.8,0.2655,593.2,0.26291192941274044,long_nclose,155.95935652763765,0.11974773735179872,2.0
1678537680000.0,100106,1678537680000.0,0.21920957874088576,-0.00449757,1302.6139053183838,1303.8790892120053,-84.7,0.2655,508.5,0.26291192941274044,long_nclose,133.69071610637852,0.10263264929119727,2.0
1678537740000.0,100107,1678537740000.0,0.18789392463504492,-0.0038550599999999996,1302.797944183019,1304.0568541520054,-72.6,0.2655,435.9,0.26291192941274044,long_nclose,114.60331003101355,0.0879670639201699,1.0
1678561320000.0,100500,1678561320000.0,0.16097799052754538,-0.0033028200000000006,1302.9556193535464,1303.8854113320053,-62.2,0.2655,373.7,0.26291192941274044,long_nclose,98.2501880215411,0.07540562898856629,393.0
1678561380000.0,100501,1678561380000.0,0.1379441623009352,-0.00283023,1303.0907332858474,1304.0160711020053,-53.3,0.2655,320.4,0.26291192941274044,long_nclose,84.23698218384203,0.06464398835177942,1.0
1678562220000.0,100515,1678562220000.0,0.11827482583776246,-0.0024266700000000006,1303.206581441685,1303.9449944320054,-45.7,0.2655,274.7,0.26291192941274044,long_nclose,72.2219070096798,0.05541861746108096,14.0
1678564440000.0,100552,1678564440000.0,0.23252482583776257,-0.0024495200000000006,1303.4366567475229,1304.6705249120052,-45.7,0.268,229.0,0.26291192941274044,long_nclose,60.20683183551756,0.04619083829186775,37.0
1678564620000.0,100555,1678564620000.0,0.1938554893745898,-0.0020421600000000003,1303.6284700768974,1304.5997827520052,-38.1,0.268,190.9,0.26291192941274044,long_nclose,50.189887324892155,0.0385001466882137,3.0
1678564740000.0,100557,1678564740000.0,0.16180064467485447,-0.0017044800000000004,1303.7885662415724,1304.6298982720054,-31.8,0.268,159.1,0.26291192941274044,long_nclose,41.829287969567005,0.03208287681962741,2.0
1678566060000.0,100579,1678566060000.0,0.13483387056237872,-0.0014204,1303.921979712135,1304.5701378720057,-26.5,0.268,132.6,0.26291192941274044,long_nclose,34.86212184012938,0.02673635568887783,22.0
1678566120000.0,100580,1678566120000.0,0.1124463599784366,-0.00118456,1304.0332415121136,1304.6065233120057,-22.1,0.268,110.5,0.26291192941274044,long_nclose,29.05176820010782,0.022278395423739623,1.0
1678566360000.0,100584,1678566360000.0,0.09362049880557616,-0.00098624,1304.1258757709193,1304.5760670720058,-18.4,0.268,92.1,0.26291192941274044,long_nclose,24.214188698913393,0.0185673707950925,4.0
1678566420000.0,100585,1678566420000.0,0.0778474799850715,-0.0008200800000000002,1304.2029031709044,1304.609026992006,-15.3,0.268,76.8,0.26291192941274044,long_nclose,20.191636178898467,0.015481974568379357,1.0
1678566600000.0,100588,1678566600000.0,0.06512730351692256,-0.0006860800000000002,1304.2673443944213,1304.637780912006,-12.8,0.268,64.0,0.26291192941274044,long_nclose,16.82636348241539,0.012901008029322366,3.0
1678567080000.0,100596,1678567080000.0,0.09712730351692259,-0.0006924800000000002,1304.3637792179384,1304.7318084320061,-12.8,0.2705,51.2,0.26291192941274044,long_nclose,13.461090785932312,0.010320043380845198,8.0
1678567440000.0,100602,1678567440000.0,0.07739831999004768,-0.0005518200000000001,1304.4406257179285,1304.747636612006,-10.2,0.2705,41.0,0.26291192941274044,long_nclose,10.779389105922359,0.00826361038854465,6.0
1678567500000.0,100603,1678567500000.0,0.06222217881552852,-0.00044362,1304.502404276744,1304.7512929920063,-8.2,0.2705,32.8,0.26291192941274044,long_nclose,8.623511284737885,0.006610575232721801,1.0
1678567680000.0,100606,1678567680000.0,0.04932245881718725,-0.00035165,1304.5513750855612,1304.7535713420061,-6.5,0.2705,26.3,0.26291192941274044,long_nclose,6.914583743555074,0.005300353727427231,3.0
1678570620000.0,100655,1678570620000.0,0.0394579670537498,-0.00028132000000000005,1304.5905517326148,1304.752770022006,-5.2,0.2705,21.1,0.26291192941274044,long_nclose,5.547441710608823,0.004252247345530225,49.0
1678572540000.0,100687,1678572540000.0,0.03186989646649022,-0.00022722000000000004,1304.6221944090814,1304.757192802006,-4.2,0.2705,16.9,0.26291192941274044,long_nclose,4.443211607075313,0.0034057458367001275,32.0
1678577460000.0,100769,1678577460000.0,0.0250406329379566,-0.00017853,1304.6470565120194,1304.7529742720062,-3.3,0.2705,13.6,0.26291192941274044,long_nclose,3.57560224001327,0.002740666314438068,82.0
1678577700000.0,100773,1678577700000.0,0.020487790585600858,-0.00014607000000000002,1304.667398232605,1304.763188202006,-2.7,0.2705,10.9,0.26291192941274044,long_nclose,2.8657400305988707,0.0021965291954723523,4.0
1678580100000.0,100813,1678580100000.0,0.01593494823324511,-0.00011361000000000002,1304.6832195708382,1304.750874592006,-2.1,0.2705,8.8,0.26291192941274044,long_nclose,2.313624978832116,0.001773323166977773,40.0
1678580400000.0,100818,1678580400000.0,0.01289971999834128,-9.197000000000002e-05,1304.6960273208365,1304.750612622006,-1.7,0.2705,7.1,0.26291192941274044,long_nclose,1.866674698830457,0.0014307353281849343,5.0
1678580580000.0,100821,1678580580000.0,0.010623298822163407,-7.574e-05,1304.7065748796585,1304.7486868820058,-1.4,0.2705,5.7,0.26291192941274044,long_nclose,1.4985979976526205,0.0011486092172033745,3.0
1678582620000.0,100855,1678582620000.0,0.008346877645985535,-5.951000000000001e-05,1304.7148622473046,1304.750227372006,-1.1,0.2705,4.6,0.26291192941274044,long_nclose,1.209394875298606,0.0009269419014783698,34.0
1678583040000.0,100862,1678583040000.0,0.011096877645985537,-6.006000000000002e-05,1304.7258990649507,1304.761557312006,-1.1,0.273,3.5,0.26291192941274044,long_nclose,0.9201917529445915,0.0007052759155038306,7.0
1678583160000.0,100864,1678583160000.0,0.008070456469807663,-4.368000000000001e-05,1304.7339258414204,1304.761973632006,-0.8,0.273,2.7,0.26291192941274044,long_nclose,0.7098622094143993,0.0005440666448192573,2.0
1678588200000.0,100948,1678588200000.0,0.00203522823490383,-2.1440000000000005e-05,1304.7359396296554,1304.749942192006,-0.4,0.268,2.3,0.26291192941274044,long_nclose,0.604697437649303,0.00046346346358861254,84.0
1678589160000.0,100964,1678589160000.0,0.003035228234903831,-2.1640000000000006e-05,1304.7389532178902,1304.752800552006,-0.4,0.2705,1.9,0.26291192941274044,long_nclose,0.4995326658842068,0.00038286023779101914,16.0
1678590000000.0,100978,1678590000000.0,0.002276421176177873,-1.6230000000000002e-05,1304.7412134090664,1304.7541543220061,-0.3,0.2705,1.6,0.26291192941274044,long_nclose,0.42065908706038474,0.0003224080627922178,14.0
1678591800000.0,101008,1678591800000.0,0.002276421176177873,-1.6230000000000002e-05,1304.7434736002426,1304.753598092006,-0.3,0.2705,1.3,0.26291192941274044,long_nclose,0.34178550823656256,0.00026195609723454456,30.0
1678592280000.0,101016,1678592280000.0,0.0015176141174519154,-1.0820000000000003e-05,1304.74498039436,1304.753987272006,-0.2,0.2705,1.1,0.26291192941274044,long_nclose,0.2892031223540145,0.00022165490321840724,8.0
1678593540000.0,101037,1678593540000.0,0.0015176141174519154,-1.0820000000000003e-05,1304.7464871884774,1304.753766452006,-0.2,0.2705,0.9,0.26291192941274044,long_nclose,0.2366207364714664,0.00018135380228640944,21.0
1678594380000.0,101051,1678594380000.0,0.0007588070587259577,-5.4100000000000016e-06,1304.747240585536,1304.753391042006,-0.1,0.2705,0.8,0.26291192941274044,long_nclose,0.21032954353019237,0.00016120328672686215,14.0
1678594500000.0,101053,1678594500000.0,0.0007588070587259577,-5.4100000000000016e-06,1304.7479939825946,1304.7533756320056,-0.1,0.2705,0.7,0.26291192941274044,long_nclose,0.1840383505889183,0.0001410527944382288,2.0
1678595760000.0,101074,1678595760000.0,0.0007588070587259577,-5.4100000000000016e-06,1304.7487473796532,1304.7533602220055,-0.1,0.2705,0.6,0.26291192941274044,long_nclose,0.15774715764764427,0.00012090232542046911,21.0
1678597440000.0,101102,1678597440000.0,0.001008807058725958,-5.460000000000001e-06,1304.749750726712,1304.7546447620055,-0.1,0.273,0.5,0.26291192941274044,long_nclose,0.13145596470637022,0.00010075186037257539,28.0
1678597800000.0,101108,1678597800000.0,0.001008807058725958,-5.460000000000001e-06,1304.7507540737706,1304.7548693020055,-0.1,0.273,0.4,0.26291192941274044,long_nclose,0.10516477176509618,8.060142631590322e-05,6.0
1678598220000.0,101115,1678598220000.0,0.001008807058725958,-5.460000000000001e-06,1304.7517574208293,1304.7548438420056,-0.1,0.273,0.3,0.26291192941274044,long_nclose,0.07887357882382214,6.0451023250381087e-05,7.0
1678598400000.0,101118,1678598400000.0,0.001008807058725958,-5.460000000000001e-06,1304.752760767888,1304.7548583820055,-0.1,0.273,0.2,0.26291192941274044,long_nclose,0.05258238588254809,4.03006511759375e-05,3.0
1678598880000.0,101126,1678598880000.0,0.001008807058725958,-5.460000000000001e-06,1304.7537641149468,1304.7547929220054,-0.1,0.273,0.1,0.26291192941274044,long_nclose,0.026291192941274046,2.0150310092500975e-05,8.0
1678599480000.0,101136,1678599480000.0,0.001008807058725958,-5.460000000000001e-06,1304.7547674620055,1304.7547674620055,-0.1,0.273,0.0,0.26291192941274044,long_nclose,0.0,0.0,10.0
1678622880000.0,101526,1678622880000.0,0.0,-0.013045940000000002,1304.7417215220055,1304.6935815220054,240.7,0.271,240.7,0.271,long_ientry_normal,65.22970000000001,0.04999433905118658,390.0
1678627080000.0,101596,1678627080000.0,0.08917999999999969,-0.001876896,1304.8290246260053,1305.3450246260054,-34.3,0.2736,206.4,0.271,long_nclose,55.934400000000004,0.04286722547119315,70.0
1678627260000.0,101599,1678627260000.0,0.07643999999999974,-0.001608768,1304.9038558580053,1305.3640558580053,-29.4,0.2736,177.0,0.271,long_nclose,47.967000000000006,0.03675903001180157,3.0
1678627320000.0,101600,1678627320000.0,0.06551999999999977,-0.0013789440000000002,1304.9679969140054,1305.4233969140055,-25.2,0.2736,151.8,0.271,long_nclose,41.137800000000006,0.03152399146744048,1.0
1678627500000.0,101603,1678627500000.0,0.056159999999999814,-0.0011819520000000002,1305.0229749620055,1305.3745149620054,-21.6,0.2736,130.2,0.271,long_nclose,35.2842,0.027037225150022562,3.0
1678627860000.0,101609,1678627860000.0,0.04835999999999984,-0.001017792,1305.0703171700054,1305.4385971700053,-18.6,0.2736,111.6,0.271,long_nclose,30.2436,0.02317392373583523,6.0
1678628700000.0,101623,1678628700000.0,0.04133999999999986,-0.0008700480000000001,1305.1107871220054,1305.3500371220055,-15.9,0.2736,95.7,0.271,long_nclose,25.934700000000003,0.019871646342905874,14.0
1678628760000.0,101624,1678628760000.0,0.03535999999999988,-0.000744192,1305.1454029300055,1305.3917029300055,-13.6,0.2736,82.1,0.271,long_nclose,22.2491,0.017047219374984237,1.0
1678633080000.0,101696,1678633080000.0,0.0,-0.008599292,1305.1368036380054,1305.0246636380054,158.6,0.2711,240.7,0.27106589115081015,long_ientry_partial,65.24556,0.04999135708849154,72.0
1678639740000.0,101807,1678639740000.0,0.09034993352721196,-0.001877582,1305.2252759895327,1305.7276760560055,-34.3,0.2737,206.4,0.27106589115081015,long_nclose,55.947999933527214,0.04286463108148994,111.0
1678640100000.0,101813,1678640100000.0,0.07744280016618169,-0.0016093560000000002,1305.301109433699,1305.7673467000054,-29.4,0.2737,177.0,0.27106589115081015,long_nclose,47.9786627336934,0.036756777717371895,6.0
1678641900000.0,101843,1678641900000.0,0.0663795429995843,-0.0013794480000000001,1305.3661095286984,1305.8570472520055,-25.2,0.2737,151.8,0.27106589115081015,long_nclose,41.147802276692985,0.03152203966100313,30.0
1678641960000.0,101844,1678641960000.0,0.13242295388450306,-0.001398078,1305.497134404583,1306.1465991740056,-25.3,0.2763,126.5,0.27106589115081015,long_nclose,34.28983523057748,0.02626572998662042,1.0
1678642020000.0,101845,1678642020000.0,0.10991628583298674,-0.00116046,1305.605890230416,1306.1897387140054,-21.0,0.2763,105.5,0.27106589115081015,long_nclose,28.59745151641047,0.021903586473069246,1.0
1678642500000.0,101853,1678642500000.0,0.16529969671790554,-0.001176958,1305.7700129691339,1306.4058917560055,-21.1,0.2789,84.4,0.27106589115081015,long_nclose,22.877961213128376,0.017520666722240903,8.0
1678643160000.0,101864,1678643160000.0,0.13161302866638924,-0.0009371039999999999,1305.9006888938002,1306.4573146520054,-16.8,0.2789,67.6,0.27106589115081015,long_nclose,18.324054241794766,0.01403173640816184,11.0
1678643340000.0,101867,1678643340000.0,0.10576046946406278,-0.00075303,1306.0056963332643,1306.4078816220053,-13.5,0.2789,54.1,0.27106589115081015,long_nclose,14.66466471125883,0.011228637633381904,3.0
1678643460000.0,101869,1678643460000.0,0.08460837557125023,-0.0006024240000000001,1306.0897022848355,1306.4419091980055,-10.8,0.2789,43.3,0.27106589115081015,long_nclose,11.737153086830078,0.008986483138407294,2.0
1678643760000.0,101874,1678643760000.0,0.06737333610303259,-0.00047970799999999997,1306.1565959129384,1306.4596694900054,-8.6,0.2789,34.7,0.27106589115081015,long_nclose,9.405986422933113,0.007201270086883263,5.0
1678645740000.0,101907,1678645740000.0,0.08973333610303251,-0.00048417999999999996,1306.2458450690415,1306.5207853100053,-8.6,0.2815,26.1,0.27106589115081015,long_nclose,7.074819759036145,0.0054161471867971425,33.0
1678645920000.0,101910,1678645920000.0,0.06782170751973388,-0.00036595,1306.313300826561,1306.5197693600053,-6.5,0.2815,19.6,0.27106589115081015,long_nclose,5.312891466555879,0.004067088242303115,3.0
1678646160000.0,101914,1678646160000.0,0.08472170751973418,-0.00036933,1306.3976532040808,1306.5644700300052,-6.5,0.2841,13.1,0.27106589115081015,long_nclose,3.550963174075613,0.002718133460640023,4.0
1678646280000.0,101916,1678646280000.0,0.05604666805151645,-0.000244326,1306.4534555461323,1306.5655157040053,-4.3,0.2841,8.8,0.27106589115081015,long_nclose,2.3853798421271293,0.0018258437237092208,2.0
1678646460000.0,101919,1678646460000.0,0.03779891566265063,-0.000164778,1306.491089683795,1306.5662209260054,-2.9,0.2841,5.9,0.27106589115081015,long_nclose,1.5992887577897799,0.0012241099617272167,3.0
1678646760000.0,101924,1678646760000.0,0.024764806813460757,-0.000107958,1306.5157465326085,1306.5710829680054,-1.9,0.2841,4.0,0.27106589115081015,long_nclose,1.0842635646032406,0.0008298893966496707,5.0
1678647660000.0,101939,1678647660000.0,0.03126821769837973,-0.00011468,1306.546900070307,1306.5781682880054,-2.0,0.2867,2.0,0.27106589115081015,long_nclose,0.5421317823016203,0.00041493480430931907,15.0
1678647720000.0,101940,1678647720000.0,0.015634108849189865,-5.734e-05,1306.562476839156,1306.5788109480052,-1.0,0.2867,1.0,0.27106589115081015,long_nclose,0.27106589115081015,0.00020746492873924743,1.0
1678651500000.0,102003,1678651500000.0,0.003910232654756962,-1.7046000000000002e-05,1306.5663700258108,1306.5755639020051,-0.3,0.2841,0.7,0.27106589115081015,long_nclose,0.1897461238055671,0.0001452250173879944,63.0
1678652820000.0,102025,1678652820000.0,0.0046902326547569595,-1.7202000000000002e-05,1306.5710430564657,1306.5773367000054,-0.3,0.2867,0.4,0.27106589115081015,long_nclose,0.10842635646032406,8.298542741823051e-05,22.0
1678653300000.0,102033,1678653300000.0,0.007293643539675943,-2.3144e-05,1306.5783135560055,1306.5783135560055,-0.4,0.2893,0.0,0.27106589115081015,long_nclose,0.0,0.0,8.0
1678699320000.0,102800,1678699320000.0,0.0,-0.013064018,1306.5652495380054,1306.4812095380055,210.1,0.3109,210.1,0.3109,long_ientry_normal,65.32009,0.04999374506791515,767.0
1678716960000.0,103094,1678716960000.0,0.09000000000000008,-0.0018834000000000001,1306.6533661380054,1307.2296861380053,-30.0,0.3139,180.1,0.3109,long_nclose,55.99309,0.042852290784276874,294.0
1678717080000.0,103096,1678717080000.0,0.07710000000000007,-0.0016134460000000002,1306.7288526920054,1307.2383726920054,-25.7,0.3139,154.4,0.3109,long_nclose,48.00296,0.03673521090554373,2.0
1678717320000.0,103100,1678717320000.0,0.15420000000000014,-0.001628866,1306.8814238260054,1307.5120538260055,-25.7,0.3169,128.7,0.3109,long_nclose,40.01283,0.030617031714215565,4.0
1678717380000.0,103101,1678717380000.0,0.1284000000000001,-0.001356332,1307.0084674940056,1307.6308074940055,-21.4,0.3169,107.3,0.3109,long_nclose,33.35957,0.025523606640408394,1.0
1678717440000.0,103102,1678717440000.0,0.1068000000000001,-0.001128164,1307.1141393300056,1307.7137893300057,-17.8,0.3169,89.5,0.3109,long_nclose,27.82555,0.0212877737014326,1.0
1678717560000.0,103104,1678717560000.0,0.08940000000000008,-0.0009443620000000001,1307.2025949680058,1307.6800349680057,-14.9,0.3169,74.6,0.3109,long_nclose,23.19314,0.017742574937718556,2.0
1678718640000.0,103122,1678718640000.0,0.13410000000000014,-0.0009533020000000001,1307.3357416660058,1307.9148316660057,-14.9,0.3199,59.7,0.3109,long_nclose,18.560730000000003,0.014197370582362494,18.0
1678718940000.0,103127,1678718940000.0,0.17880000000000015,-0.0009622420000000001,1307.5135794240057,1308.0735794240056,-14.9,0.3229,44.8,0.3109,long_nclose,13.92832,0.010652524164327068,5.0
1678719660000.0,103139,1678719660000.0,0.1344000000000001,-0.000723296,1307.6472561280057,1308.0907761280057,-11.2,0.3229,33.6,0.3109,long_nclose,10.446240000000001,0.007988576392483493,12.0
1678720020000.0,103145,1678720020000.0,0.16687999999999964,-0.0007297919999999999,1307.8134063360058,1308.1449263360057,-11.2,0.3258,22.4,0.3109,long_nclose,6.96416,0.005325040993050315,6.0
1678720080000.0,103146,1678720080000.0,0.11025999999999977,-0.00048218400000000003,1307.9231841520057,1308.1766841520057,-7.4,0.3258,15.0,0.3109,long_nclose,4.6635,0.0035655763706211757,1.0
1678720140000.0,103147,1678720140000.0,0.1342499999999998,-0.0004932,1308.0569409520058,1308.1881909520057,-7.5,0.3288,7.5,0.3109,long_nclose,2.33175,0.001782605884345485,1.0
1678720200000.0,103148,1678720200000.0,0.0662299999999999,-0.00024331200000000003,1308.1229276400056,1308.1886676400056,-3.7,0.3288,3.8,0.3109,long_nclose,1.18142,0.0009031414212205642,1.0
1678720260000.0,103149,1678720260000.0,0.03400999999999994,-0.000124944,1308.1568126960058,1308.1885426960057,-1.9,0.3288,1.9,0.3109,long_nclose,0.59071,0.00045155901361901274,1.0
1678720740000.0,103157,1678720740000.0,0.016109999999999975,-5.918400000000001e-05,1308.1728635120057,1308.1908635120058,-0.9,0.3288,1.0,0.3109,long_nclose,0.3109,0.0002376597227107568,8.0
1678720860000.0,103159,1678720860000.0,0.020899999999999974,-6.636e-05,1308.1936971520058,1308.1936971520058,-1.0,0.3318,0.0,0.3109,long_nclose,0.0,0.0,2.0
1678749600000.0,103638,1678749600000.0,0.0,-0.01308456,1308.180612592006,1308.221412592006,204.0,0.3207,204.0,0.3207,long_ientry_normal,65.4228,0.050010525588184966,479.0
1678752060000.0,103679,1678752060000.0,0.09020999999999976,-0.0018845160000000001,1308.268938076006,1308.618738076006,-29.1,0.3238,174.9,0.3207,long_nclose,56.09043,0.04287377645951672,41.0
1678752720000.0,103690,1678752720000.0,0.07718999999999979,-0.001612524,1308.344515552006,1308.824515552006,-24.9,0.3238,150.0,0.3207,long_nclose,48.105,0.03676783861451349,11.0
1678752960000.0,103694,1678752960000.0,0.06633999999999982,-0.0013858639999999999,1308.409469688006,1308.782409688006,-21.4,0.3238,128.6,0.3207,long_nclose,41.24202,0.03152072875919667,4.0
1678753020000.0,103695,1678753020000.0,0.05672999999999985,-0.001185108,1308.465014580006,1308.784884580006,-18.3,0.3238,110.3,0.3207,long_nclose,35.37321,0.02703412747443933,1.0
1678753140000.0,103697,1678753140000.0,0.048669999999999866,-0.0010167319999999998,1308.512667848006,1308.824847848006,-15.7,0.3238,94.6,0.3207,long_nclose,30.338219999999996,0.02318527038022074,2.0
1678753380000.0,103701,1678753380000.0,0.04184999999999989,-0.00087426,1308.553643588006,1308.813163588006,-13.5,0.3238,81.1,0.3207,long_nclose,26.00877,0.019875967735403576,4.0
1678753680000.0,103706,1678753680000.0,0.035649999999999904,-0.0007447399999999999,1308.588548848006,1308.804308848006,-11.5,0.3238,69.6,0.3207,long_nclose,22.320719999999998,0.017057095616226866,5.0
1678753740000.0,103707,1678753740000.0,0.03068999999999992,-0.000641124,1308.6185977240061,1308.809637724006,-9.9,0.3238,59.7,0.3207,long_nclose,19.14579,0.014630534850489676,1.0
1678754160000.0,103714,1678754160000.0,0.02634999999999993,-0.00055046,1308.644397264006,1308.8235972640061,-8.5,0.3238,51.2,0.3207,long_nclose,16.41984,0.012547213004792668,7.0
1678754640000.0,103722,1678754640000.0,0.02262999999999994,-0.000472748,1308.666554516006,1308.767524516006,-7.3,0.3238,43.9,0.3207,long_nclose,14.078729999999998,0.010758072750783212,8.0
1678754760000.0,103724,1678754760000.0,0.01921999999999995,-0.000401512,1308.685373004006,1308.824863004006,-6.2,0.3238,37.7,0.3207,long_nclose,12.090390000000001,0.009238576551251019,2.0
1678755720000.0,103740,1678755720000.0,0.0,-0.01066362,1308.6747093840058,1308.686019384006,166.1,0.321,203.8,0.3209445044160942,long_ientry_partial,65.40849,0.04998070913343151,16.0
1678756860000.0,103759,1678756860000.0,0.0889149214916597,-0.00188568,1308.7617386254974,1309.2605937040057,-29.1,0.324,174.7,0.3209445044160942,long_nclose,56.06900492149165,0.04284126229146726,19.0
1678756920000.0,103760,1678756920000.0,0.07608184003925521,-0.0016135200000000002,1308.8362069455366,1309.3089001840056,-24.9,0.324,149.8,0.3209445044160942,long_nclose,48.07748676153091,0.03673300486829482,1.0
1678758060000.0,103779,1678758060000.0,0.0653876054955848,-0.00138672,1308.900207831032,1309.3824134640056,-21.4,0.324,128.4,0.3209445044160942,long_nclose,41.209274367026495,0.03148389321086139,19.0
1678758180000.0,103781,1678758180000.0,0.05591556918547672,-0.0011858400000000003,1308.9549375602176,1309.3574076240056,-18.3,0.324,110.1,0.3209445044160942,long_nclose,35.335989936211966,0.026995574043270958,2.0
1678759140000.0,103797,1678759140000.0,0.04797128066732156,-0.0010173600000000001,1309.0018914808848,1309.3092102640055,-15.7,0.324,94.4,0.3209445044160942,long_nclose,30.297161216879292,0.023145238684570472,16.0
1678759740000.0,103807,1678759740000.0,0.04094364082433815,-0.0008683200000000001,1309.041966801709,1309.2975619440053,-13.4,0.324,81.0,0.3209445044160942,long_nclose,25.996504857703627,0.019859183675538742,10.0
1678761300000.0,103833,1678761300000.0,0.035138199214917065,-0.0007452,1309.076359800924,1309.2956667440053,-11.5,0.324,69.5,0.3209445044160942,long_nclose,22.305643056918544,0.017039222265315866,26.0
1678761720000.0,103840,1678761720000.0,0.030249406280667735,-0.00064152,1309.1059676872046,1309.2999952240054,-9.9,0.324,59.6,0.3209445044160942,long_nclose,19.128292463199212,0.014611721996037597,7.0
1678765020000.0,103895,1678765020000.0,0.02597171246319957,-0.0005508,1309.1313885996678,1309.2926344240054,-8.5,0.324,51.1,0.3209445044160942,long_nclose,16.400264175662414,0.012527592202342046,55.0
1678768440000.0,103952,1678768440000.0,0.02230511776251257,-0.00047304000000000004,1309.1532206774302,1309.3001913840053,-7.3,0.324,43.8,0.3209445044160942,long_nclose,14.057369293424925,0.01073775710237404,57.0
1678768920000.0,103960,1678768920000.0,0.01894407262021616,-0.00040176000000000003,1309.1717629900504,1309.2904096240052,-6.2,0.324,37.6,0.3209445044160942,long_nclose,12.06751336604514,0.009217670062241369,8.0
1678769040000.0,103962,1678769040000.0,0.016194126594700906,-0.00034344000000000003,1309.187613676645,1309.2927661840051,-5.3,0.324,32.3,0.3209445044160942,long_nclose,10.36650749263984,0.007918274954899057,2.0
1678770120000.0,103980,1678770120000.0,0.03262412659470086,-0.000346726,1309.2198910772397,1309.3887894580052,-5.3,0.3271,27.0,0.3209445044160942,long_nclose,8.665501619234544,0.006618828264291401,18.0
1678770480000.0,103986,1678770480000.0,0.027699730127576205,-0.00029439,1309.2472964173674,1309.3880450680053,-4.5,0.3271,22.5,0.3209445044160942,long_nclose,7.221251349362119,0.0055155747650748625,6.0
1678770660000.0,103989,1678770660000.0,0.02277533366045155,-0.000242054,1309.269829697028,1309.4024730140054,-3.7,0.3271,18.8,0.3209445044160942,long_nclose,6.03375668302257,0.004608489820939977,3.0
1678770840000.0,103992,1678770840000.0,0.034245333660451516,-0.000244348,1309.3038306826884,1309.4405686660054,-3.7,0.3302,15.1,0.3209445044160942,long_nclose,4.846262016683022,0.003701403679660906,3.0
1678770900000.0,103993,1678770900000.0,0.027766486751717445,-0.00019812,1309.33139904944,1309.4204005460053,-3.0,0.3302,12.1,0.3209445044160942,long_nclose,3.8834285034347396,0.002965963014599715,1.0
1678771020000.0,103995,1678771020000.0,0.012310991167811647,-0.00013084000000000001,1309.3435792006078,1309.3916097060053,-2.0,0.3271,10.1,0.3209445044160942,long_nclose,3.2415394946025513,0.0024756981636413606,2.0
1678771680000.0,104006,1678771680000.0,0.004277693817468164,-9.072e-05,1309.3477661744253,1309.3839189860053,-1.4,0.324,8.7,0.3209445044160942,long_nclose,2.792217188420019,0.002132525262236597,11.0
1678771860000.0,104009,1678771860000.0,0.008617693817468151,-9.158799999999999e-05,1309.3562922802428,1309.4041473980053,-1.4,0.3271,7.3,0.3209445044160942,long_nclose,2.3428948822374873,0.0017893486257719341,3.0
1678772700000.0,104023,1678772700000.0,0.0030554955839058318,-6.48e-05,1309.3592829758265,1309.3860925980052,-1.0,0.324,6.3,0.3209445044160942,long_nclose,2.021950377821393,0.0015442288484991194,14.0
1678773900000.0,104043,1678773900000.0,0.006155495583905823,-6.542000000000001e-05,1309.3653730514104,1309.3974671780052,-1.0,0.3271,5.3,0.3209445044160942,long_nclose,1.701005873405299,0.001299107115870332,20.0
1678774080000.0,104046,1678774080000.0,0.004924396467124659,-5.233600000000001e-05,1309.3702451118777,1309.4010948420053,-0.8,0.3271,4.5,0.3209445044160942,long_nclose,1.4442502698724238,0.0011030113715078515,3.0
1678774860000.0,104059,1678774860000.0,0.004308846908734076,-4.5793999999999996e-05,1309.3745081647864,1309.3959990480053,-0.7,0.3271,3.8,0.3209445044160942,long_nclose,1.219589116781158,0.0009314287922792453,13.0
1678774920000.0,104060,1678774920000.0,0.0036932973503434937,-3.9252e-05,1309.3781622101367,1309.3972197960052,-0.6,0.3271,3.2,0.3209445044160942,long_nclose,1.0270224141315014,0.0007843588993404021,1.0
1678775040000.0,104062,1678775040000.0,0.0030777477919529117,-3.2710000000000004e-05,1309.3812072479286,1309.3983670860052,-0.5,0.3271,2.7,0.3209445044160942,long_nclose,0.8665501619234544,0.0006618012822597162,2.0
1678775280000.0,104066,1678775280000.0,0.0024621982335623297,-2.6168000000000004e-05,1309.3836432781623,1309.3982609180052,-0.4,0.3271,2.3,0.3209445044160942,long_nclose,0.7381723601570166,0.0005637555990152239,4.0
1678775460000.0,104069,1678775460000.0,0.0018466486751717468,-1.9626e-05,1309.3854703008374,1309.3979812920052,-0.3,0.3271,2.0,0.3209445044160942,long_nclose,0.6418890088321884,0.0004902215759922182,3.0
1678775640000.0,104072,1678775640000.0,0.0018466486751717468,-1.9626e-05,1309.3872973235125,1309.3975916660052,-0.3,0.3271,1.7,0.3209445044160942,long_nclose,0.5456056575073601,0.0004166877581771411,3.0
1678777320000.0,104100,1678777320000.0,0.0012310991167811649,-1.3084000000000002e-05,1309.388515338629,1309.397898582005,-0.2,0.3271,1.5,0.3209445044160942,long_nclose,0.4814167566241413,0.00036766532697107027,28.0
1678777440000.0,104102,1678777440000.0,0.0012310991167811649,-1.3084000000000002e-05,1309.3897333537457,1309.3989054980048,-0.2,0.3271,1.3,0.3209445044160942,long_nclose,0.41722785574092247,0.00031864298696788687,2.0
1678779120000.0,104130,1678779120000.0,0.0012310991167811649,-1.3084000000000002e-05,1309.3909513688623,1309.3987124140046,-0.2,0.3271,1.1,0.3209445044160942,long_nclose,0.35303895485770365,0.0002696207381673365,28.0
1678780020000.0,104145,1678780020000.0,0.0,-0.013024110000000002,1309.3779272588622,1309.3807383040046,201.3,0.3235,202.4,0.323486111437044,long_ientry_partial,65.4735889548577,0.050003583833068285,15.0
1678797060000.0,104429,1678797060000.0,0.08999137946942909,-0.0018877479999999999,1309.4660308903317,1310.6135405560046,-28.9,0.3266,173.5,0.323486111437044,long_nclose,56.12484033432713,0.04286086008368369,284.0
1678797060000.0,104429,1678797060000.0,0.17958137946942884,-0.0019056659999999999,1309.643706603801,1310.6000748900046,-28.9,0.3297,144.6,0.323486111437044,long_nclose,46.77609171379656,0.03571665444420561,0.0
1678797360000.0,104434,1678797360000.0,0.06414610439689411,-0.001345592,1309.706507116198,1309.9934292980047,-20.6,0.3266,124.0,0.323486111437044,long_nclose,40.112277818193455,0.030626921069908577,5.0
1678797420000.0,104435,1678797420000.0,0.05511582756432162,-0.0011561639999999999,1309.7604667797625,1310.1765131340048,-17.7,0.3266,106.3,0.323486111437044,long_nclose,34.38657364575777,0.02625409341473116,1.0
1678797660000.0,104439,1678797660000.0,0.10998582756432147,-0.001167138,1309.8692854693268,1310.3932559960047,-17.7,0.3297,88.6,0.323486111437044,long_nclose,28.660869473322094,0.02188070961832874,4.0
1678797720000.0,104440,1678797720000.0,0.09134416187545343,-0.000969318,1309.9596603132022,1310.4632066780048,-14.7,0.3297,73.9,0.323486111437044,long_nclose,23.905623635197554,0.018249129617840205,1.0
1678797840000.0,104442,1678797840000.0,0.1369141618754533,-0.000978432,1310.0955960430776,1310.6943382460047,-14.7,0.3328,59.2,0.323486111437044,long_nclose,19.150377797073006,0.014617542303716985,2.0
1678797960000.0,104444,1678797960000.0,0.1837255507317488,-0.000994264,1310.2783273298094,1310.8250639820046,-14.8,0.3359,44.4,0.323486111437044,long_nclose,14.362783347804752,0.010961627807028135,2.0
1678798020000.0,104445,1678798020000.0,0.1377941630488116,-0.0007456979999999999,1310.4153757948582,1310.8853682840047,-11.1,0.3359,33.3,0.323486111437044,long_nclose,10.772087510853563,0.0082203610472134,1.0
1678798020000.0,104445,1678798020000.0,0.17220416304881211,-0.0007525800000000001,1310.586827377907,1310.9001557040046,-11.1,0.339,22.2,0.323486111437044,long_nclose,7.181391673902376,0.005479523770485468,0.0
1678798080000.0,104446,1678798080000.0,0.11480277536587474,-0.0005017200000000001,1310.7011284332727,1310.9470139840046,-7.4,0.339,14.8,0.323486111437044,long_nclose,4.787594449268251,0.0036526972819433154,1.0
1678798260000.0,104449,1678798260000.0,0.07601805395848463,-0.00033222000000000004,1310.7768142672312,1310.9323817640045,-4.9,0.339,9.9,0.323486111437044,long_nclose,3.2025125032267354,0.002443217234519859,3.0
1678798380000.0,104451,1678798380000.0,0.0912080539584846,-0.00033525800000000006,1310.8676870631898,1310.9612565060045,-4.9,0.3421,5.0,0.323486111437044,long_nclose,1.6174305571852199,0.001233862557714608,2.0
1678798800000.0,104458,1678798800000.0,0.046534721407390095,-0.00017105,1310.9140507345971,1310.9625854560045,-2.5,0.3421,2.5,0.323486111437044,long_nclose,0.8087152785926099,0.0006169094595785513,7.0
1678799280000.0,104466,1678799280000.0,0.022336666275547246,-8.2104e-05,1310.9363052968727,1310.9603733520046,-1.2,0.3421,1.3,0.323486111437044,long_nclose,0.4205319448681572,0.0003207874731739344,8.0
1678799400000.0,104468,1678799400000.0,0.011168333137773623,-4.1052e-05,1310.9474325780104,1310.9601823000046,-0.6,0.3421,0.7,0.323486111437044,long_nclose,0.22644027800593078,0.00017273025018297675,2.0
1678799520000.0,104470,1678799520000.0,0.005584166568886812,-2.0526e-05,1310.9529962185793,1310.9604017740046,-0.3,0.3421,0.4,0.323486111437044,long_nclose,0.1293944445748176,9.870258121233453e-05,2.0
1678799580000.0,104471,1678799580000.0,0.003722777712591208,-1.3684000000000003e-05,1310.956705312292,1310.9607480900045,-0.2,0.3421,0.2,0.323486111437044,long_nclose,0.0646972222874088,4.93511509764137e-05,1.0
1678799640000.0,104472,1678799640000.0,0.0043427777125912065,-1.3808000000000002e-05,1310.9610342820044,1310.9610342820044,-0.2,0.3452,0.0,0.323486111437044,long_nclose,0.0,0.0,1.0
1678821240000.0,104832,1678821240000.0,0.0,-0.013109460000000002,1310.9479248220046,1310.4892848220045,191.1,0.343,191.1,0.343,long_ientry_normal,65.5473,0.049999926586633686,360.0
1678821300000.0,104833,1678821300000.0,0.0,-0.013112022,1310.9348128000045,1310.2833228000045,196.7,0.3333,387.8,0.3380799638989169,long_rentry,131.10741,0.10001062502869215,1.0
1678821540000.0,104837,1678821540000.0,0.17839000000000196,-0.0037816040000000005,1311.1094211960044,1312.3127211960045,-55.4,0.3413,332.4,0.3380799638989169,long_nclose,112.37777999999997,0.08571197657743018,4.0
1678823460000.0,104869,1678823460000.0,0.15262971119133742,-0.0032355239999999996,1311.2588153831957,1312.5470256720043,-47.4,0.3413,285.0,0.3380799638989169,long_nclose,96.35278971119132,0.07348113780499822,32.0
1678823940000.0,104877,1678823940000.0,0.3097017148014469,-0.0032737000000000005,1311.5652433979972,1312.9237519720043,-47.5,0.3446,237.5,0.3380799638989169,long_nclose,80.29399142599277,0.06121997501090184,8.0
1678824120000.0,104880,1678824120000.0,0.2575414259927822,-0.00272234,1311.82006248399,1313.2100296320043,-39.5,0.3446,198.0,0.3380799638989169,long_nclose,66.93983285198556,0.05102821245562596,3.0
1678824360000.0,104884,1678824360000.0,0.21516119133574207,-0.00227436,1312.0329493153256,1313.2077552720043,-33.0,0.3446,165.0,0.3380799638989169,long_nclose,55.783194043321295,0.04251661063270654,4.0
1678824540000.0,104887,1678824540000.0,0.17930099277978506,-0.0018953,1312.2103550081056,1313.2443599720045,-27.5,0.3446,137.5,0.3380799638989169,long_nclose,46.48599503610108,0.03542571879476895,3.0
1678824900000.0,104893,1678824900000.0,0.14930882671480283,-0.001578268,1312.3580855668204,1313.1740417040046,-22.9,0.3446,114.6,0.3380799638989169,long_nclose,38.743963862815875,0.029522402680273025,6.0
1678825500000.0,104903,1678825500000.0,0.1245326895306871,-0.0013163720000000001,1312.481301884351,1313.1517153320044,-19.1,0.3446,95.5,0.3380799638989169,long_nclose,32.286636552346565,0.024599692586852177,10.0
1678825740000.0,104907,1678825740000.0,0.10366857400722118,-0.001095828,1312.5838746303584,1313.1108295040046,-15.9,0.3446,79.6,0.3380799638989169,long_nclose,26.911165126353787,0.020502434660742985,4.0
1678825860000.0,104909,1678825860000.0,0.08606447653429683,-0.0009097440000000001,1312.6690293628928,1313.1152397600047,-13.2,0.3446,66.4,0.3380799638989169,long_nclose,22.448509602888084,0.017101423969592338,2.0
1678826100000.0,104913,1678826100000.0,0.0,-0.008580543999999999,1312.6604488188927,1312.9664692160047,125.3,0.3424,191.7,0.34090364946733487,long_ientry_partial,65.3512296028881,0.049785326937891596,4.0
1678828560000.0,104954,1678828560000.0,0.0,-0.013126105999999998,1312.6473227128927,1310.5724231100046,198.1,0.3313,389.8,0.3360229851279838,long_rentry,130.98175960288808,0.09978442597375176,41.0
1678831860000.0,105009,1678831860000.0,0.18220202688410095,-0.003773016,1312.8257517237769,1314.0211900940046,-55.6,0.3393,334.2,0.3360229851279838,long_nclose,112.29888162977218,0.08553982238870667,55.0
1678832460000.0,105019,1678832460000.0,0.15631360939517294,-0.003236922,1312.9788284111721,1313.9176931720046,-47.7,0.3393,286.5,0.3360229851279838,long_nclose,96.27058523916736,0.07332226777461738,10.0
1678832580000.0,105021,1678832580000.0,0.13402990826546274,-0.002775474,1313.1100828454378,1313.890357698005,-40.9,0.3393,245.6,0.3360229851279838,long_nclose,82.52724514743282,0.06284868742200257,2.0
1678832760000.0,105024,1678832760000.0,0.11469552052056714,-0.0023750999999999998,1313.2224032659583,1313.9336025980049,-35.0,0.3393,210.6,0.3360229851279838,long_nclose,70.76644066795339,0.053887628243288146,3.0
1678833780000.0,105041,1678833780000.0,0.22734322200777005,-0.0024043500000000004,1313.447342137966,1314.6016082480048,-35.1,0.3425,175.5,0.3360229851279838,long_nclose,58.97203388996115,0.04489866627920487,17.0
1678834500000.0,105053,1678834500000.0,0.18912883426287422,-0.0020002,1313.6344707722287,1314.5527980480047,-29.2,0.3425,146.3,0.3360229851279838,long_nclose,49.16016272422403,0.03742301516747266,12.0
1678834620000.0,105055,1678834620000.0,0.15739146138999463,-0.0016645500000000003,1313.7901976836188,1314.6535934980047,-24.3,0.3425,122.0,0.3360229851279838,long_nclose,40.99480418561402,0.031203463275866376,2.0
1678835220000.0,105065,1678835220000.0,0.13148340190192967,-0.0013905500000000002,1313.9202905355207,1314.5891729480047,-20.3,0.3425,101.7,0.3360229851279838,long_nclose,34.17353758751595,0.026008836178020876,10.0
1678835340000.0,105067,1678835340000.0,0.10946155133707446,-0.00115765,1314.0285944368577,1314.5863252980046,-16.9,0.3425,84.8,0.3360229851279838,long_nclose,28.494749138853024,0.0216850297318414,2.0
1678835520000.0,105070,1678835520000.0,0.09132590969542899,-0.0009658500000000001,1314.118954496553,1314.5980894480044,-14.1,0.3425,70.7,0.3360229851279838,long_nclose,23.756825048548453,0.01807813894416418,3.0
1678835640000.0,105072,1678835640000.0,0.07578107400259,-0.00080145,1314.1939341205557,1314.5819779980047,-11.7,0.3425,59.0,0.3360229851279838,long_nclose,19.825356122551042,0.01508556355939807,2.0
1678836420000.0,105085,1678836420000.0,0.06347474574575916,-0.0006713000000000001,1314.2567375663014,1314.6196866980044,-9.8,0.3425,49.2,0.3360229851279838,long_nclose,16.532330868296803,0.012579224740297582,13.0
1678836960000.0,105094,1678836960000.0,0.05311152195053317,-0.0005617,1314.309287388252,1314.5912449980046,-8.2,0.3425,41.0,0.3360229851279838,long_nclose,13.776942390247335,0.010482268155940964,9.0
1678837080000.0,105096,1678837080000.0,0.044043701129710434,-0.00046580000000000005,1314.3528652893817,1314.5846391980047,-6.8,0.3425,34.2,0.3360229851279838,long_nclose,11.491986091377047,0.008743455730091821,2.0
1678838220000.0,105115,1678838220000.0,0.03691898477049257,-0.0003904500000000001,1314.3893938241522,1314.5511887480047,-5.7,0.3425,28.5,0.3360229851279838,long_nclose,9.576655076147539,0.007286010615381432,19.0
1678838340000.0,105117,1678838340000.0,0.03044196989847633,-0.00032195000000000005,1314.4195138440507,1314.5665267980046,-4.7,0.3425,23.8,0.3360229851279838,long_nclose,7.9973470460460145,0.006084318561779097,2.0
1678838400000.0,105118,1678838400000.0,0.025260358000863337,-0.00026715,1314.4445070520517,1314.5813596480048,-3.9,0.3425,19.9,0.3360229851279838,long_nclose,6.686857404046877,0.005087211645810529,1.0
1678838640000.0,105122,1678838640000.0,0.02137414907765359,-0.00022605000000000002,1314.4656551511293,1314.5881135980048,-3.3,0.3425,16.6,0.3360229851279838,long_nclose,5.577981553124531,0.004243535410199218,4.0
1678838880000.0,105126,1678838880000.0,0.01748794015444385,-0.00018495000000000005,1314.482958141284,1314.574378648005,-2.7,0.3425,13.9,0.3360229851279838,long_nclose,4.670719493278975,0.00355327504578949,4.0
1678839120000.0,105130,1678839120000.0,0.0,-0.012200292000000001,1314.470757849284,1314.515078356005,179.1,0.3406,193.0,0.340270360068803,long_ientry_partial,65.67217949327897,0.04996092845818095,4.0
1678841940000.0,105177,1678841940000.0,0.0888150981079179,-0.0018892500000000003,1314.557683697392,1315.191489106005,-27.5,0.3435,165.5,0.340270360068803,long_nclose,56.3147445913869,0.04283931035494249,47.0
1678843140000.0,105197,1678843140000.0,0.17956509810791707,-0.0019073999999999999,1314.7353413955,1315.719231706005,-27.5,0.3468,138.0,0.340270360068803,long_nclose,46.957309689494814,0.03571616903494273,20.0
1678843860000.0,105209,1678843860000.0,0.27129806210103746,-0.0019325520000000001,1315.004706905601,1316.0898991540053,-27.6,0.3501,110.4,0.340270360068803,long_nclose,37.565847751595854,0.028567082349076758,12.0
1678844340000.0,105217,1678844340000.0,0.2162520784863342,-0.0015404400000000001,1315.2194185440874,1316.106038714005,-22.0,0.3501,88.4,0.340270360068803,long_nclose,30.079899830082187,0.022870632387240623,8.0
1678845120000.0,105230,1678845120000.0,0.1730016627890674,-0.0012323520000000004,1315.3911878548765,1316.1083663620052,-17.6,0.3501,70.8,0.340270360068803,long_nclose,24.09114149287125,0.0183148113772594,13.0
1678846080000.0,105246,1678846080000.0,0.13859792302987783,-0.0009872820000000001,1315.5287984959064,1316.1258290800051,-14.1,0.3501,56.7,0.340270360068803,long_nclose,19.29332941590113,0.014665835850921637,16.0
1678849920000.0,105310,1678849920000.0,0.11107493122252622,-0.0007912260000000001,1315.6390822011288,1316.0898878540052,-11.3,0.3501,45.4,0.340270360068803,long_nclose,15.448274347123656,0.011742030588873914,64.0
1678850040000.0,105312,1678850040000.0,0.08846675938077309,-0.00063018,1315.7269187805095,1316.088357674005,-9.0,0.3501,36.4,0.340270360068803,long_nclose,12.38584110650443,0.009413686783868745,2.0
1678851240000.0,105332,1678851240000.0,0.039177839587181906,-0.00041616,1315.7656804600967,1315.976341514005,-6.0,0.3468,30.4,0.340270360068803,long_nclose,10.344218946091612,0.007861748561852174,20.0
1678851840000.0,105342,1678851840000.0,0.05897783958718206,-0.00042012,1315.824238179684,1316.0543213940052,-6.0,0.3501,24.4,0.340270360068803,long_nclose,8.302596785678793,0.006309806845604725,10.0
1678851900000.0,105343,1678851900000.0,0.047182271669745646,-0.00033609600000000003,1315.8710843553538,1316.0696252980053,-4.8,0.3501,19.6,0.340270360068803,long_nclose,6.66929905734854,0.005068352923505295,1.0
1678852080000.0,105346,1678852080000.0,0.03833559573166834,-0.00027307800000000006,1315.9091468730855,1316.0697522200053,-3.9,0.3501,15.7,0.340270360068803,long_nclose,5.342244653080207,0.004059736696697227,3.0
1678852200000.0,105348,1678852200000.0,0.03047188378671073,-0.00021706200000000002,1315.9394016948722,1316.0607351580054,-3.1,0.3501,12.6,0.340270360068803,long_nclose,4.287406536866918,0.0032580577276924197,2.0
1678852440000.0,105352,1678852440000.0,0.024574099827992524,-0.00017505000000000003,1315.9638007447002,1316.0640901080053,-2.5,0.3501,10.1,0.340270360068803,long_nclose,3.4367306366949104,0.0026115692808191793,4.0
1678853880000.0,105376,1678853880000.0,0.01965927986239402,-0.00014004000000000002,1315.9833199845627,1316.0645600680054,-2.0,0.3501,8.1,0.340270360068803,long_nclose,2.7561899165573043,0.002094395783519229,24.0
1678854720000.0,105390,1678854720000.0,0.015727423889915215,-0.00011203200000000003,1315.9989353764527,1316.0615280360055,-1.6,0.3501,6.5,0.340270360068803,long_nclose,2.2117573404472197,0.0016806680317066728,14.0
1678854840000.0,105392,1678854840000.0,0.012778531910556112,-9.1026e-05,1316.011622882363,1316.0642970100052,-1.3,0.3501,5.2,0.340270360068803,long_nclose,1.7694058723577757,0.0013445214628746034,2.0
1678855200000.0,105398,1678855200000.0,0.00982963993119701,-7.002000000000001e-05,1316.0213825022943,1316.0639269900053,-1.0,0.3501,4.2,0.340270360068803,long_nclose,1.4291355122889726,0.0010859515896098908,6.0
1678855560000.0,105404,1678855560000.0,0.007863711944957608,-5.6016000000000014e-05,1316.0291901982393,1316.0612509740054,-0.8,0.3501,3.4,0.340270360068803,long_nclose,1.1569192242339301,0.0008790984522612741,6.0
1678855860000.0,105409,1678855860000.0,0.005897783958718206,-4.2012000000000004e-05,1316.035045970198,1316.0608889620055,-0.6,0.3501,2.8,0.340270360068803,long_nclose,0.9527570081926484,0.000723960209957983,5.0
1678856460000.0,105419,1678856460000.0,0.004914819965598505,-3.5010000000000005e-05,1316.0399257801637,1316.0627639520055,-0.5,0.3501,2.3,0.340270360068803,long_nclose,0.7826218281582469,0.0005946793959873973,10.0
1678857660000.0,105439,1678857660000.0,0.003931855972478804,-2.8008000000000007e-05,1316.043829628136,1316.0636459440054,-0.4,0.3501,1.9,0.340270360068803,long_nclose,0.6465136841307257,0.0004912554350970255,20.0
1678858260000.0,105449,1678858260000.0,0.002948891979359103,-2.1006000000000002e-05,1316.0467575141154,1316.0631249380053,-0.3,0.3501,1.6,0.340270360068803,long_nclose,0.5444325761100849,0.0004136878670925532,10.0
1678858620000.0,105455,1678858620000.0,0.002948891979359103,-2.1006000000000002e-05,1316.0496854000946,1316.0627239320052,-0.3,0.3501,1.3,0.340270360068803,long_nclose,0.4423514680894439,0.0003361206442254981,6.0
1678858800000.0,105458,1678858800000.0,0.001965927986239402,-1.4004000000000003e-05,1316.051637324081,1316.0613499280053,-0.2,0.3501,1.1,0.340270360068803,long_nclose,0.37429739607568335,0.00028440935405600024,3.0
1678859280000.0,105466,1678859280000.0,0.001965927986239402,-1.4004000000000003e-05,1316.0535892480673,1316.0615359240053,-0.2,0.3501,0.9,0.340270360068803,long_nclose,0.30624332406192273,0.00023269821727920376,8.0
1678860420000.0,105485,1678860420000.0,0.0,-0.013097567999999999,1316.0404916800674,1316.1022583560054,189.6,0.3454,190.5,0.34537576548064003,long_ientry_partial,65.79408332406193,0.04999396579361225,19.0
1678863840000.0,105542,1678863840000.0,0.09041917892659147,-0.0018969280000000002,1316.129013930994,1316.7208514280055,-27.2,0.3487,163.3,0.34537576548064003,long_nclose,56.39986250298852,0.04285283730242696,57.0
1678864080000.0,105546,1678864080000.0,0.07745466430108756,-0.001624942,1316.204843653295,1316.7262364860055,-23.3,0.3487,140.0,0.34537576548064003,long_nclose,48.352607167289605,0.0367363844620726,4.0
1678864740000.0,105557,1678864740000.0,0.06648469038719962,-0.0013948,1316.269933543682,1316.6688416860054,-20.0,0.3487,120.0,0.34537576548064003,long_nclose,41.4450918576768,0.03148677243283807,11.0
1678864800000.0,105558,1678864800000.0,0.05684441028105568,-0.0011925540000000002,1316.325585399963,1316.719099132005,-17.1,0.3487,102.9,0.34537576548064003,long_nclose,35.53916626795786,0.026998765854087194,1.0
1678865580000.0,105571,1678865580000.0,0.11327441028105516,-0.00120384,1316.4376559702441,1316.963115292005,-17.1,0.352,85.8,0.34537576548064003,long_nclose,29.633240678238913,0.022510173986476062,13.0
1678865760000.0,105574,1678865760000.0,0.0947265536268473,-0.00100672,1316.5313758038708,1316.9907085720051,-14.3,0.352,71.5,0.34537576548064003,long_nclose,24.694367231865762,0.01875714296348421,3.0
1678866180000.0,105581,1678866180000.0,0.07882839078038341,-0.00083776,1316.6093664346513,1317.0160908120051,-11.9,0.352,59.6,0.34537576548064003,long_nclose,20.584395622646145,0.015634398590364147,7.0
1678866900000.0,105593,1678866900000.0,0.11809839078038371,-0.000845614,1316.7266192114319,1317.2190851980054,-11.9,0.3553,47.7,0.34537576548064003,long_nclose,16.474424013426532,0.01251165106944737,12.0
1678867440000.0,105602,1678867440000.0,0.09428022793391977,-0.00067507,1316.8202243693659,1317.1993301280054,-9.5,0.3553,38.2,0.34537576548064003,long_nclose,13.19335424136045,0.010019100555414719,9.0
1678867500000.0,105603,1678867500000.0,0.07542418234713581,-0.000540056,1316.895108495713,1317.2232700720053,-7.6,0.3553,30.6,0.34537576548064003,long_nclose,10.568498423707585,0.008025315270386236,1.0
1678867740000.0,105607,1678867740000.0,0.10126418234713591,-0.000545224,1316.9958274540602,1317.2907848480054,-7.6,0.3587,23.0,0.34537576548064003,long_nclose,7.943642606054721,0.00603163840041233,4.0
1678868340000.0,105617,1678868340000.0,0.07594813676035195,-0.0004089180000000001,1317.0713666728207,1317.3053359300056,-5.7,0.3587,17.3,0.34537576548064003,long_nclose,5.975000742815073,0.004536580852037723,10.0
1678868880000.0,105626,1678868880000.0,0.05729420843324795,-0.000308482,1317.1283523992538,1317.3067674480055,-4.3,0.3587,13.0,0.34537576548064003,long_nclose,4.48988495124832,0.003408843901256577,9.0
1678870140000.0,105647,1678870140000.0,0.013910892490655897,-0.00014784,1317.1421154517445,1317.2164996080055,-2.1,0.352,10.9,0.34537576548064003,long_nclose,3.7645958437389764,0.002858154636144043,21.0
1678870440000.0,105652,1678870440000.0,0.01192362213484791,-0.00012672,1317.1539123538794,1317.2169228880055,-1.8,0.352,9.1,0.34537576548064003,long_nclose,3.142919465873824,0.002386144425792372,5.0
1678871760000.0,105674,1678871760000.0,0.009936351779039926,-0.0001056,1317.1637431056583,1317.2163672880056,-1.5,0.352,7.6,0.34537576548064003,long_nclose,2.6248558176528642,0.001992809042453507,22.0
1678872540000.0,105687,1678872540000.0,0.003324234519359981,-6.974e-05,1317.1669976001776,1317.1895975480054,-1.0,0.3487,6.6,0.34537576548064003,long_nclose,2.2794800521722243,0.001730593050331006,13.0
1678873020000.0,105695,1678873020000.0,0.0,-0.012712265999999998,1317.1542853341775,1317.1330852820054,182.7,0.3479,189.3,0.3478119918234137,long_ientry_partial,65.84081005217222,0.04998716610899355,8.0
1678878480000.0,105786,1678878480000.0,0.0,-0.013168480000000003,1317.1411168541774,1314.9380168020052,194.8,0.338,384.1,0.3428357460353351,long_rentry,131.68321005217223,0.0999765388591624,91.0
1678879980000.0,105811,1678879980000.0,0.0,-0.013173650000000002,1317.1279432041774,1313.1579831520053,198.1,0.3325,582.2,0.3393188939405225,long_rentry,197.55146005217222,0.14998653780861163,25.0
1678883460000.0,105869,1678883460000.0,0.27265991354258123,-0.005694012,1317.39490910572,1319.930889140005,-83.1,0.3426,499.1,0.3393188939405225,long_nclose,169.35405996571478,0.1285522350171191,58.0
1678885440000.0,105902,1678885440000.0,0.2339428620407466,-0.004885476,1317.6239664917607,1319.0704036640052,-71.3,0.3426,427.8,0.3393188939405225,long_nclose,145.16062282775553,0.11016847486028424,33.0
1678885740000.0,105907,1678885740000.0,0.200475580234076,-0.004186572,1317.8202554999948,1319.1701170920053,-61.1,0.3426,366.7,0.3393188939405225,long_nclose,124.4282384079896,0.0944197343216433,5.0
1678885980000.0,105911,1678885980000.0,0.39599558023407483,-0.004225676,1318.2120254042288,1320.345451416005,-61.1,0.3458,305.6,0.3393188939405225,long_nclose,103.69585398822369,0.07866401761615353,4.0
1678886160000.0,105914,1678886160000.0,0.32988829842740436,-0.0035202439999999996,1318.5383934586564,1320.3419511720053,-50.9,0.3458,254.7,0.3393188939405225,long_nclose,86.42452228665108,0.06554570023550928,3.0
1678886880000.0,105926,1678886880000.0,0.49785829842740564,-0.0035538380000000006,1319.0326979190838,1320.7815273340054,-50.9,0.3491,203.8,0.3393188939405225,long_nclose,69.15319058507849,0.05242719963968679,12.0
1678887180000.0,105931,1678887180000.0,0.21970949541628698,-0.0023445239999999997,1319.2500628905002,1320.4191628100054,-33.9,0.3458,169.9,0.3393188939405225,long_nclose,57.650280080494774,0.04369928166172075,5.0
1678889400000.0,105968,1678889400000.0,0.07940276663935579,-0.001658184,1319.3278074731395,1319.7184446260053,-24.2,0.3426,145.7,0.3393188939405225,long_nclose,49.43876284713412,0.037472690689224826,37.0
1678889460000.0,105969,1678889460000.0,0.0,-0.0032284800000000006,1319.3245789931395,1319.6766361460054,47.2,0.342,192.9,0.33997492403905716,long_ientry_partial,65.58116284713412,0.04970813391287175,1.0
1678891260000.0,105999,1678891260000.0,0.0,-0.013196176,1319.3113828171395,1317.0325199700053,199.7,0.3304,392.6,0.33510454112871657,long_rentry,131.56204284713414,0.09972023629949157,30.0
1678894380000.0,106051,1678894380000.0,0.0,-0.013195000000000002,1319.2981878171395,1315.5098249700054,203.0,0.325,595.6,0.3316605823491171,long_rentry,197.53704284713416,0.14972888212176766,52.0
1678894800000.0,106058,1678894800000.0,0.0,-0.0189449,1319.2792429171395,1314.3252600700055,295.0,0.3211,890.6,0.3281625228465463,long_rentry,292.26154284713414,0.2215312220033847,7.0
1678896060000.0,106079,1678896060000.0,0.0,-0.027948096000000006,1319.2512948211395,1307.6669619740053,441.1,0.3168,1331.7,0.3243989057949494,long_rentry,432.0020228471341,0.3274599953344778,21.0
1678896420000.0,106085,1678896420000.0,0.0,-0.04113961,1319.2101552111394,1302.1671223640053,659.5,0.3119,1991.2,0.32025917680149363,long_rentry,637.7000728471342,0.48339536375466297,6.0
1678899360000.0,106134,1678899360000.0,0.0,-0.06035544,1319.1497997711394,1288.0772669240052,986.2,0.306,2977.4,0.315536129793489,long_rentry,939.4772728471341,0.7121839180130451,49.0
1678959840000.0,107142,1678959840000.0,1.303063998829128,-0.027100116000000004,1320.4257636539687,1326.4585968080055,-425.3,0.3186,2552.1,0.315536129793489,long_nclose,805.2797568459632,0.6098637113968,1008.0
1678963560000.0,107204,1678963560000.0,1.116780690273259,-0.02322594,1321.519318404242,1328.4406008680055,-364.5,0.3186,2187.6,0.315536129793489,long_nclose,690.2668375362365,0.5223282232224542,62.0
1678964340000.0,107217,1678964340000.0,0.9574594395346872,-0.0199125,1322.4568653437768,1328.5769483680056,-312.5,0.3186,1875.1,0.315536129793489,long_nclose,591.6617969757712,0.4473959132284945,13.0
1678964460000.0,107219,1678964460000.0,0.8205044413036456,-0.017064216000000004,1323.2603055690804,1328.5063241520054,-267.8,0.3186,1607.3,0.315536129793489,long_nclose,507.16122141707484,0.38326640592378797,2.0
1678964700000.0,107223,1678964700000.0,0.7034645994149253,-0.014630112,1323.9491400564953,1328.3080040400055,-229.6,0.3186,1377.7,0.315536129793489,long_nclose,434.7141260164898,0.3283465450930689,4.0
1678965420000.0,107235,1678965420000.0,0.6029696566413647,-0.012540096000000002,1324.5395696171365,1328.1576939440054,-196.8,0.3186,1180.9,0.315536129793489,long_nclose,372.6166156731312,0.2813178437400987,12.0
1678965480000.0,107236,1678965480000.0,0.5168749038384055,-0.010749564,1325.045694956975,1328.1469443800054,-168.7,0.3186,1012.2,0.315536129793489,long_nclose,319.3856705769696,0.24103747651309504,1.0
1678965540000.0,107237,1678965540000.0,0.4430356318614904,-0.009213912,1325.4795166768365,1328.5715304680054,-144.6,0.3186,867.6,0.315536129793489,long_nclose,273.75914620883105,0.20653593115884863,1.0
1678965780000.0,107241,1678965780000.0,0.37961351858671283,-0.007894908,1325.8512352874232,1328.2785755600053,-123.9,0.3186,743.7,0.315536129793489,long_nclose,234.6642197274178,0.17699136485440342,4.0
1678965900000.0,107243,1678965900000.0,0.3253830159314681,-0.006767064000000001,1326.1698512393546,1328.1868184960053,-106.2,0.3186,637.5,0.315536129793489,long_nclose,201.15428274334923,0.15168063318236585,2.0
1678966140000.0,107247,1678966140000.0,0.2788121887925009,-0.005798520000000001,1326.442864908147,1328.0079699760051,-91.0,0.3186,546.5,0.315536129793489,long_nclose,172.44049493214175,0.13000220325666484,4.0
1678966260000.0,107249,1678966260000.0,0.23898187610785793,-0.00497016,1326.6768766242546,1328.252849816005,-78.0,0.3186,468.5,0.315536129793489,long_nclose,147.82867680824958,0.11142779331799424,2.0
1678966800000.0,107258,1678966800000.0,0.20497291681558585,-0.004262868,1326.8775866730703,1328.549796948005,-66.9,0.3186,401.6,0.315536129793489,long_nclose,126.71930972506519,0.09550188427162543,9.0
1678968060000.0,107279,1678968060000.0,0.17555976283308022,-0.0036511559999999996,1327.0494952799033,1327.8633757920052,-57.3,0.3186,344.3,0.315536129793489,long_nclose,108.63908948789826,0.08186513756593829,21.0
1678978140000.0,107447,1678978140000.0,0.15043602713969007,-0.003128652,1327.196802655043,1327.9536571400051,-49.1,0.3186,295.2,0.315536129793489,long_nclose,93.14626551503795,0.07018270789132391,168.0
1678978200000.0,107448,1678978200000.0,0.12898893569411307,-0.002682612,1327.3231089787373,1328.0479545280052,-42.1,0.3186,253.1,0.315536129793489,long_nclose,79.86219445073206,0.060167862602934157,1.0
1678978500000.0,107453,1678978500000.0,0.11060571445504708,-0.0023002920000000002,1327.4314144011923,1328.0528742360052,-36.1,0.3186,217.0,0.315536129793489,long_nclose,68.47134016518712,0.05158182895353182,5.0
1678982280000.0,107516,1678982280000.0,0.09497997640184097,-0.00197532,1327.5244190575943,1328.0570989160053,-31.0,0.3186,186.0,0.315536129793489,long_nclose,58.68972014158895,0.04420989874013211,63.0
1678982520000.0,107520,1678982520000.0,0.08119256047254148,-0.00168858,1327.6039230380668,1328.1245103360052,-26.5,0.3186,159.5,0.315536129793489,long_nclose,50.32801270206149,0.03790890628500984,4.0
1678985460000.0,107569,1678985460000.0,0.06954985368779967,-0.001446444,1327.6720264477544,1328.145883892005,-22.7,0.3186,136.8,0.315536129793489,long_nclose,43.1653425557493,0.03251205244659714,49.0
1678986780000.0,107591,1678986780000.0,0.0,-0.00467347,1327.6673529777545,1327.4833904220052,74.3,0.3145,211.1,0.3151714474455201,long_ientry_partial,66.53269255574929,0.05011247162666661,22.0
1678994400000.0,107718,1678994400000.0,0.09115943188984404,-0.0019155639999999998,1327.7565968456443,1328.322864858005,-30.1,0.3182,181.0,0.3151714474455201,long_nclose,57.04603198763914,0.04296422410791525,127.0
1678994640000.0,107722,1678994640000.0,0.18145943188984415,-0.001933624,1327.936122653534,1328.770381234005,-30.1,0.3212,150.9,0.3151714474455201,long_nclose,47.559371419528986,0.03581450237568203,4.0
1678994700000.0,107723,1678994700000.0,0.1513166691174448,-0.001612424,1328.0858268986515,1328.856798810005,-25.1,0.3212,125.8,0.3151714474455201,long_nclose,39.64856808864643,0.02985392004463585,1.0
1678994940000.0,107727,1678994940000.0,0.1259967483886293,-0.0013426159999999998,1328.21048103104,1328.800916194005,-20.9,0.3212,104.9,0.3151714474455201,long_nclose,33.06148483703506,0.02489175120148929,4.0
1678995540000.0,107737,1678995540000.0,0.04512543306175004,-0.0009482360000000001,1328.2546582281016,1328.5542279580047,-14.9,0.3182,90.0,0.3151714474455201,long_nclose,28.36543027009681,0.021355415615810027,10.0
1678996560000.0,107754,1678996560000.0,0.03876547269734232,-0.000814592,1328.2926091087988,1328.5572933660046,-12.8,0.3182,77.2,0.3151714474455201,long_nclose,24.331235742794153,0.018317677577923804,17.0
1678998120000.0,107780,1678998120000.0,0.033314078099278555,-0.0007000400000000001,1328.325223146898,1328.5190933260046,-11.0,0.3182,66.2,0.3151714474455201,long_nclose,20.864349820893434,0.01570726013277403,26.0
1678998420000.0,107785,1678998420000.0,0.028468394012110765,-0.0005982159999999999,1328.35309332491,1328.5535151100046,-9.4,0.3182,56.8,0.3151714474455201,long_nclose,17.901738214905542,0.013476641342473877,5.0
1678998660000.0,107789,1678998660000.0,0.024531275691286936,-0.000515484,1328.3771091166013,1328.5392096260045,-8.1,0.3182,48.7,0.3151714474455201,long_nclose,15.34884949059683,0.011554587462594969,4.0
1678998840000.0,107792,1678998840000.0,0.020897012625911093,-0.00043911600000000003,1328.3975670132272,1328.5199805100044,-6.9,0.3182,41.8,0.3151714474455201,long_nclose,13.17416650322274,0.009917337121328498,3.0
1678998900000.0,107793,1678998900000.0,0.017868460071431225,-0.000375476,1328.4150599972986,1328.5201950340045,-5.9,0.3182,35.9,0.3151714474455201,long_nclose,11.314654963294172,0.008517409433251367,1.0
1678999260000.0,107799,1678999260000.0,0.015445618027847328,-0.00032456399999999995,1328.4301810513264,1328.5173004700043,-5.1,0.3182,30.8,0.3151714474455201,long_nclose,9.707280581322019,0.0073073321577500055,6.0
1678999860000.0,107809,1678999860000.0,0.0,-0.0113436,1328.4188374513265,1328.2901568700045,180.0,0.3151,210.8,0.31511043919033216,long_ientry_partial,66.42528058132203,0.05000326606988202,10.0
1679003040000.0,107862,1679003040000.0,0.08998578037100184,-0.0019149620000000003,1328.5069082696975,1329.1013319080046,-30.1,0.3181,180.7,0.31511043919033216,long_nclose,56.940456361693016,0.0428604894767575,53.0
1679004960000.0,107894,1679004960000.0,0.07713066888943014,-0.001641396,1328.582397542587,1329.0609705120046,-25.8,0.3181,154.9,0.31511043919033216,long_nclose,48.81060703058245,0.036738863258210415,32.0
1679009880000.0,107976,1679009880000.0,0.06606929389365916,-0.0014060020000000002,1328.6470608344805,1329.0307945100044,-22.1,0.3181,132.8,0.31511043919033216,long_nclose,41.84666632447611,0.03149569781021724,82.0
1679009940000.0,107977,1679009940000.0,0.05650269930272208,-0.001202418,1328.702361115783,1329.0542620920044,-18.9,0.3181,113.9,0.31511043919033216,long_nclose,35.891079023778836,0.027012128580579296,1.0
1679011020000.0,107995,1679011020000.0,0.04843088511661892,-0.0010306439999999998,1328.7497613568999,1329.0516114480045,-16.2,0.3181,97.7,0.31511043919033216,long_nclose,30.78628990889545,0.023169366275149463,18.0
1679011440000.0,108002,1679011440000.0,0.041554895254382905,-0.000884318,1328.7904319341542,1329.0828571300044,-13.9,0.3181,83.8,0.31511043919033216,long_nclose,26.406254804149835,0.01987239986798637,7.0
1679011560000.0,108004,1679011560000.0,0.035575773635047235,-0.000757078,1328.825250629789,1329.076150052004,-11.9,0.3181,71.9,0.31511043919033216,long_nclose,22.656440577784885,0.017049977464717047,2.0
1679012220000.0,108015,1679012220000.0,0.030493520258611916,-0.000648924,1328.8550952260478,1329.0395511280042,-10.2,0.3181,61.7,0.31511043919033216,long_nclose,19.442314098043497,0.014630875983311198,11.0
1679013060000.0,108029,1679013060000.0,0.0,-0.009398920000000002,1328.8456963060478,1328.8635622080044,149.0,0.3154,210.7,0.31531520691999765,long_ientry_partial,66.4369140980435,0.049995958358992454,14.0
1679016540000.0,108087,1679016540000.0,0.09285227170807128,-0.0019167680000000001,1328.936631809756,1329.6924054400042,-30.1,0.3184,180.6,0.31531520691999765,long_nclose,56.945926369751575,0.0428507462332513,58.0
1679016900000.0,108093,1679016900000.0,0.18315227170807138,-0.0019348280000000004,1329.1178492534639,1329.9884606120042,-30.1,0.3214,150.5,0.31531520691999765,long_nclose,47.45493864145965,0.03570408648722462,6.0
1679016960000.0,108094,1679016960000.0,0.15211982700005927,-0.0016070000000000001,1329.268362080464,1330.0696536120042,-25.0,0.3214,125.5,0.31531520691999765,long_nclose,39.5720584684597,0.029769803899134934,1.0
1679017380000.0,108101,1679017380000.0,0.2280283063080596,-0.0016284880000000002,1329.494761898772,1330.6578751240042,-25.1,0.3244,100.4,0.31531520691999765,long_nclose,31.657646774767766,0.023811787516601127,7.0
1679017380000.0,108101,1679017380000.0,0.3033283063080597,-0.0016435480000000003,1329.79644665708,1330.6687815760042,-25.1,0.3274,75.3,0.31531520691999765,long_nclose,23.743235081075824,0.017854789085023467,0.0
1679017680000.0,108106,1679017680000.0,0.1362718962000356,-0.0009732000000000001,1329.93174535328,1330.455438376004,-15.0,0.3244,60.3,0.31531520691999765,long_nclose,19.013506977275856,0.0142966035991758,5.0
1679017860000.0,108109,1679017860000.0,0.10901751696002848,-0.0007785600000000001,1330.0399843102398,1330.478779816004,-12.0,0.3244,48.3,0.31531520691999765,long_nclose,15.229724494235885,0.011450576429199636,3.0
1679017920000.0,108110,1679017920000.0,0.08721401356802279,-0.0006228480000000001,1330.1265754758078,1330.501376968004,-9.6,0.3244,38.7,0.31531520691999765,long_nclose,12.20269850780391,0.00917408819039557,1.0
1679018100000.0,108113,1679018100000.0,0.06995290671601828,-0.0004995760000000001,1330.1960288065238,1330.4745573920038,-7.7,0.3244,31.0,0.31531520691999765,long_nclose,9.774771414519927,0.007348369114656004,3.0
1679018160000.0,108114,1679018160000.0,0.056325717096014714,-0.00040225600000000003,1330.25195226762,1330.4698151360042,-6.2,0.3244,24.8,0.31531520691999765,long_nclose,7.819817131615942,0.005878448152837404,1.0
1679018220000.0,108115,1679018220000.0,0.044515486092011634,-0.00031791200000000006,1330.2961498417121,1330.4968372240041,-4.9,0.3244,19.9,0.31531520691999765,long_nclose,6.274772617707953,0.004716823857946645,1.0
1679018760000.0,108124,1679018760000.0,0.059215486092011646,-0.00032085200000000005,1330.355044475804,1330.5318163720042,-4.9,0.3274,15.0,0.31531520691999765,long_nclose,4.729728103799965,0.0035552374709591945,9.0
1679018820000.0,108125,1679018820000.0,0.04471373439600879,-0.00024227600000000004,1330.3995159342,1330.5372040960042,-3.7,0.3274,11.3,0.31531520691999765,long_nclose,3.5630618381959738,0.0026781893675705444,1.0
1679018940000.0,108127,1679018940000.0,0.03383742062400665,-0.000183344,1330.433170010824,1330.539290752004,-2.8,0.3274,8.5,0.31531520691999765,long_nclose,2.68017925881998,0.002014516263750531,2.0
1679020020000.0,108145,1679020020000.0,0.042517420624006624,-0.00018508,1330.475502351448,1330.564905672004,-2.8,0.3305,5.7,0.31531520691999765,long_nclose,1.7972966794439866,0.0013508679237366572,18.0
1679020200000.0,108148,1679020200000.0,0.028851106852004496,-0.00012559,1330.5042278683002,1330.562690082004,-1.9,0.3305,3.8,0.31531520691999765,long_nclose,1.198197786295991,0.0009005591723791159,3.0
1679020500000.0,108153,1679020500000.0,0.01822175169600284,-7.932e-05,1330.5223702999963,1330.5626307620043,-1.2,0.3305,2.6,0.31531520691999765,long_nclose,0.8198195379919939,0.0006161636634543372,5.0
1679020620000.0,108155,1679020620000.0,0.012147834464001896,-5.288000000000001e-05,1330.5344652544602,1330.5619778820042,-0.8,0.3305,1.8,0.31531520691999765,long_nclose,0.5675673724559958,0.00042657096623757913,2.0
1679021640000.0,108172,1679021640000.0,0.004833917232000951,-2.6192000000000006e-05,1330.5392729796922,1330.5567516900041,-0.4,0.3274,1.4,0.31531520691999765,long_nclose,0.4414412896879967,0.0003317762193515759,17.0
1679022240000.0,108182,1679022240000.0,0.0036254379240007128,-1.9644e-05,1330.5428787736162,1330.5568320460043,-0.3,0.3274,1.1,0.31531520691999765,long_nclose,0.3468467276119974,0.0002606806087539936,10.0
1679022480000.0,108186,1679022480000.0,0.00455543792400071,-1.983e-05,1330.5474143815402,1330.5595622160042,-0.3,0.3305,0.8,0.31531520691999765,long_nclose,0.2522521655359981,0.00018958525100982513,4.0
1679022540000.0,108187,1679022540000.0,0.003036958616000474,-1.3220000000000002e-05,1330.550438120156,1330.5598489960041,-0.2,0.3305,0.6,0.31531520691999765,long_nclose,0.1891891241519986,0.00014218861512630142,1.0
1679025180000.0,108231,1679025180000.0,0.003036958616000474,-1.3220000000000002e-05,1330.553461858772,1330.5596557760039,-0.2,0.3305,0.4,0.31531520691999765,long_nclose,0.12612608276799905,9.47921946644684e-05,44.0
1679026680000.0,108256,1679026680000.0,0.001518479308000237,-6.610000000000001e-06,1330.55497372808,1330.5595891660041,-0.1,0.3305,0.3,0.31531520691999765,long_nclose,0.0945945620759993,7.109406521622697e-05,25.0
1679027640000.0,108272,1679027640000.0,0.001518479308000237,-6.610000000000001e-06,1330.5564855973882,1330.5595425560043,-0.1,0.3305,0.2,0.31531520691999765,long_nclose,0.06306304138399953,4.739598962285748e-05,16.0
1679028420000.0,108285,1679028420000.0,0.001518479308000237,-6.610000000000001e-06,1330.5579974666964,1330.5596059460045,-0.1,0.3305,0.1,0.31531520691999765,long_nclose,0.03153152069199976,2.3697967884176347e-05,13.0
1679028720000.0,108290,1679028720000.0,0.001818479308000237,-6.670000000000001e-06,1330.5598092760044,1330.5598092760044,-0.1,0.3335,0.0,0.31531520691999765,long_nclose,0.0,0.0,5.0
1679056680000.0,108756,1679056680000.0,0.0,-0.013304952,1330.5465043240044,1330.5266343240044,198.7,0.3348,198.7,0.3348,long_ientry_normal,66.52476,0.04999807205821677,466.0
1679057160000.0,108764,1679057160000.0,0.09056000000000103,-0.0019130800000000002,1330.6351512440046,1331.1804312440047,-28.3,0.338,170.4,0.3348,long_nclose,57.04992,0.042874201802548424,8.0
1679057220000.0,108765,1679057220000.0,0.07776000000000088,-0.00164268,1330.7112685640045,1331.2080085640046,-24.3,0.338,146.1,0.3348,long_nclose,48.91428,0.036757996385485124,1.0
1679057460000.0,108769,1679057460000.0,0.06656000000000076,-0.0014060800000000003,1330.7764224840046,1331.0520824840046,-20.8,0.338,125.3,0.3348,long_nclose,41.95044,0.03152328166567305,4.0
1679057640000.0,108772,1679057640000.0,0.05728000000000064,-0.0012100400000000001,1330.8324924440046,1331.1761724440046,-17.9,0.338,107.4,0.3348,long_nclose,35.95752,0.02701881732235579,3.0
1679057700000.0,108773,1679057700000.0,0.04896000000000056,-0.00103428,1330.8804181640046,1331.2027681640045,-15.3,0.338,92.1,0.3348,long_nclose,30.835079999999998,0.023168933571460954,1.0
1679058000000.0,108778,1679058000000.0,0.04192000000000047,-0.0008855600000000001,1330.9214526040046,1331.1900526040047,-13.1,0.338,79.0,0.3348,long_nclose,26.449199999999998,0.01987284820471637,5.0
1679059260000.0,108799,1679059260000.0,0.0358400000000004,-0.00075712,1330.9565354840047,1331.2141754840047,-11.2,0.338,67.8,0.3348,long_nclose,22.69944,0.01705498218373097,21.0
1679060220000.0,108815,1679060220000.0,0.030720000000000344,-0.0006489600000000001,1330.9866065240046,1331.1903065240047,-9.6,0.338,58.2,0.3348,long_nclose,19.48536,0.01463978668492227,16.0
1679060580000.0,108821,1679060580000.0,0.026560000000000302,-0.0005610800000000002,1331.0126054440047,1331.1822654440048,-8.3,0.338,49.9,0.3348,long_nclose,16.706519999999998,0.012551736874367893,6.0
1679061660000.0,108839,1679061660000.0,0.022720000000000254,-0.00047996000000000003,1331.0348454840048,1331.1760854840047,-7.1,0.338,42.8,0.3348,long_nclose,14.329439999999998,0.010765638516991175,18.0
1679062500000.0,108853,1679062500000.0,0.019520000000000218,-0.00041236,1331.053953124005,1331.160383124005,-6.1,0.338,36.7,0.3348,long_nclose,12.28716,0.009231150977134953,14.0
1679062740000.0,108857,1679062740000.0,0.0,-0.010850308,1331.0431028160049,1331.0813028160048,161.8,0.3353,198.5,0.33520755667506297,long_ientry_partial,66.5387,0.04998989128092714,4.0
1679079900000.0,109143,1679079900000.0,0.09034614609571741,-0.001915344,1331.1315336181005,1331.708927472005,-28.3,0.3384,170.2,0.33520755667506297,long_nclose,57.052326146095716,0.042860021496916874,286.0
1679080200000.0,109148,1679080200000.0,0.07757637279596936,-0.0016446240000000001,1331.2074653668965,1331.7024228480047,-24.3,0.3384,145.9,0.33520755667506297,long_nclose,48.90678251889169,0.03673866304934851,5.0
1679080320000.0,109150,1679080320000.0,0.06640282115868983,-0.001407744,1331.272460444055,1331.7218751040045,-20.8,0.3384,125.1,0.33520755667506297,long_nclose,41.93446534005037,0.0314995364104977,2.0
1679080740000.0,109157,1679080740000.0,0.0568254911838788,-0.001204704,1331.328081231239,1331.6384404000046,-17.8,0.3384,107.3,0.33520755667506297,long_nclose,35.967770831234255,0.027016459232175542,7.0
1679080920000.0,109160,1679080920000.0,0.04884438287153627,-0.001035504,1331.3758901101105,1331.7063948960047,-15.3,0.3384,92.0,0.33520755667506297,long_nclose,30.839095214105793,0.023163327083799954,3.0
1679081700000.0,109173,1679081700000.0,0.041821007556674845,-0.0008866079999999999,1331.416824509667,1331.6844882880046,-13.1,0.3384,78.9,0.33520755667506297,long_nclose,26.44787622166247,0.01986445997586268,13.0
1679084400000.0,109218,1679084400000.0,0.08505100755667518,-0.000895254,1331.500980263224,1331.9281830340049,-13.1,0.3417,65.8,0.33520755667506297,long_nclose,22.05665722921914,0.016565257972892194,45.0
1679084460000.0,109219,1679084460000.0,0.07076763224181369,-0.000744906,1331.5710029894658,1331.9384181280047,-10.9,0.3417,54.9,0.33520755667506297,long_nclose,18.402894861460958,0.013820438279404726,1.0
1679085900000.0,109243,1679085900000.0,0.024901057934508686,-0.0005279039999999999,1331.5953761434005,1331.731610224005,-7.8,0.3384,47.1,0.33520755667506297,long_nclose,15.788275919395467,0.011856661717406876,24.0
1679086200000.0,109248,1679086200000.0,0.021389370277077973,-0.00045345600000000003,1331.6163120576775,1331.737206768005,-6.7,0.3384,40.4,0.33520755667506297,long_nclose,13.542385289672543,0.010169885399455793,5.0
1679086260000.0,109249,1679086260000.0,0.018196926952140962,-0.000385776,1331.6341232086297,1331.7900109920051,-5.7,0.3384,34.7,0.33520755667506297,long_nclose,11.631702216624685,0.008734908496184822,1.0
1679087280000.0,109266,1679087280000.0,0.037006926952141105,-0.00038953800000000004,1331.670740597582,1331.8474214540051,-5.7,0.3417,29.0,0.33520755667506297,long_nclose,9.721019143576825,0.007299866886926236,17.0
1679087580000.0,109271,1679087580000.0,0.03116372795969777,-0.000328032,1331.7015762935416,1331.8756334220052,-4.8,0.3417,24.2,0.33520755667506297,long_nclose,8.112022871536524,0.00609147200539802,5.0
1679087820000.0,109275,1679087820000.0,0.046523727959697676,-0.000331104,1331.7477689175014,1331.9222223180052,-4.8,0.3449,19.4,0.33520755667506297,long_nclose,6.503026599496221,0.004883076774201878,4.0
1679088060000.0,109279,1679088060000.0,0.03683128463476066,-0.00026212399999999997,1331.784338078136,1331.980780194005,-3.8,0.3449,15.6,0.33520755667506297,long_nclose,5.229237884130982,0.003926489998881622,4.0
1679088120000.0,109280,1679088120000.0,0.050280528967254504,-0.00027151800000000005,1331.8343470891032,1332.0202886760048,-3.9,0.3481,11.7,0.33520755667506297,long_nclose,3.9219284130982364,0.0029447569224131513,1.0
1679088120000.0,109280,1679088120000.0,0.06276052896725443,-0.000274014,1331.8968336040703,1332.0207946620048,-3.9,0.3513,7.8,0.33520755667506297,long_nclose,2.614618942065491,0.001963079178580533,0.0
1679088180000.0,109281,1679088180000.0,0.041840352644836286,-0.00018267600000000002,1331.9384912807152,1332.0174919860049,-2.6,0.3513,5.2,0.33520755667506297,long_nclose,1.7430792947103275,0.0013086785209084867,1.0
1679088240000.0,109282,1679088240000.0,0.027357153652392958,-0.00011944200000000001,1331.9657289923678,1332.026602544005,-1.7,0.3513,3.5,0.33520755667506297,long_nclose,1.1732264483627204,0.0008808232995981558,1.0
1679088420000.0,109285,1679088420000.0,0.03279715365239292,-0.00012052999999999999,1331.9984056160201,1332.036012014005,-1.7,0.3545,1.8,0.33520755667506297,long_nclose,0.6033736020151134,0.00045298372691074374,3.0
1679089200000.0,109298,1679089200000.0,0.017363198992443315,-6.381e-05,1332.0157050050125,1332.0339682040049,-0.9,0.3545,0.9,0.33520755667506297,long_nclose,0.3016868010075567,0.00022648892192034733,13.0
1679089320000.0,109300,1679089320000.0,0.020333198992443336,-6.4404e-05,1332.0359738000047,1332.0359738000047,-0.9,0.3578,0.0,0.33520755667506297,long_nclose,0.0,0.0,2.0
1679127300000.0,109933,1679127300000.0,0.0,-0.013321056000000003,1332.0226527440047,1331.8382527440046,184.4,0.3612,184.4,0.3612,long_ientry_normal,66.60528000000001,0.05000311358278422,633.0
1679127660000.0,109939,1679127660000.0,0.09205000000000009,-0.0019183220000000003,1332.1127844220048,1332.6819444220048,-26.3,0.3647,158.1,0.3612,long_nclose,57.10572,0.04286853235537245,6.0
1679127780000.0,109941,1679127780000.0,0.07875000000000007,-0.00164115,1332.1898932720046,1332.5966932720046,-22.5,0.3647,135.6,0.3612,long_nclose,48.97872,0.036765569418713194,2.0
1679127840000.0,109942,1679127840000.0,0.06755000000000007,-0.0014077420000000002,1332.2560355300045,1332.6747155300045,-19.3,0.3647,116.3,0.3612,long_nclose,42.00756,0.03153114632600508,1.0
1679128020000.0,109945,1679128020000.0,0.058100000000000054,-0.0012108040000000002,1332.3129247260044,1332.7117247260044,-16.6,0.3647,99.7,0.3612,long_nclose,36.01164,0.027029415786389628,3.0
1679128380000.0,109951,1679128380000.0,0.04970000000000004,-0.0010357480000000002,1332.3615889780044,1332.7206889780043,-14.2,0.3647,85.5,0.3612,long_nclose,30.8826,0.023178842932336914,6.0
1679129520000.0,109970,1679129520000.0,0.04270000000000004,-0.0008898680000000001,1332.4033991100043,1332.7185891100044,-12.2,0.3647,73.3,0.3612,long_nclose,26.47596,0.01987082892289599,19.0
1679130000000.0,109978,1679130000000.0,0.036400000000000036,-0.0007585760000000001,1332.4390405340043,1332.6466105340044,-10.4,0.3647,62.9,0.3612,long_nclose,22.71948,0.01705104647106007,8.0
1679131620000.0,110005,1679131620000.0,0.0,-0.00877722,1332.4302633140044,1332.3569833140043,121.4,0.3615,184.3,0.36139761258817144,long_ientry_partial,66.60558,0.049988042026559355,27.0
1679132520000.0,110020,1679132520000.0,0.09211278893109132,-0.0019193740000000002,1332.5204567289354,1333.0896339400044,-26.3,0.3649,158.0,0.36139761258817144,long_nclose,57.10082278893109,0.04285174197558055,15.0
1679134620000.0,110055,1679134620000.0,0.07880371676614276,-0.0016420500000000002,1332.5976183957014,1333.0450918900042,-22.5,0.3649,135.5,0.36139761258817144,long_nclose,48.96937650569723,0.03674730903740537,35.0
1679134680000.0,110056,1679134680000.0,0.06759607704829135,-0.0014085140000000003,1332.6638059587497,1333.082403376004,-19.3,0.3649,116.2,0.36139761258817144,long_nclose,41.99440258274552,0.0315116253589057,1.0
1679136300000.0,110083,1679136300000.0,0.058139631036354215,-0.0012114680000000003,1332.7207341217859,1333.049651908004,-16.6,0.3649,99.6,0.36139761258817144,long_nclose,35.99520221378187,0.02700881084250662,27.0
1679136960000.0,110094,1679136960000.0,0.049733901247965645,-0.001036316,1332.7694317070338,1333.128315592004,-14.2,0.3649,85.4,0.36139761258817144,long_nclose,30.86335611502984,0.023157310920238865,11.0
1679137380000.0,110101,1679137380000.0,0.04272912642430851,-0.0008903559999999999,1332.8112704774583,1333.0896052360042,-12.2,0.3649,73.2,0.36139761258817144,long_nclose,26.45430524145415,0.019848500554753953,7.0
1679137680000.0,110106,1679137680000.0,0.0364248290830171,-0.0007589920000000001,1332.8469363145412,1333.085726244004,-10.4,0.3649,62.8,0.36139761258817144,long_nclose,22.695770070537165,0.01702803934358232,5.0
1679138040000.0,110112,1679138040000.0,0.03117124796527425,-0.0006495220000000001,1332.8774580405063,1333.0716267220039,-8.9,0.3649,53.9,0.36139761258817144,long_nclose,19.47933131850244,0.014614495279363078,6.0
1679138280000.0,110116,1679138280000.0,0.026968383071079967,-0.000561946,1332.9038644775774,1333.0933947760038,-7.7,0.3649,46.2,0.36139761258817144,long_nclose,16.696569701573523,0.012526462070179104,4.0
1679139000000.0,110128,1679139000000.0,0.05314838307108007,-0.0005671820000000001,1332.9564456786486,1333.233737594004,-7.7,0.3683,38.5,0.36139761258817144,long_nclose,13.9138080846446,0.01043830661515775,12.0
1679140620000.0,110155,1679140620000.0,0.04417527943570292,-0.000471424,1333.0001495340844,1333.224926170004,-6.4,0.3683,32.1,0.36139761258817144,long_nclose,11.600863364080304,0.00870282225259696,27.0
1679140800000.0,110158,1679140800000.0,0.03658265328269148,-0.000390398,1333.036341789367,1333.2240057720041,-5.3,0.3683,26.8,0.36139761258817144,long_nclose,9.685456017362995,0.007265710403935404,3.0
1679142540000.0,110187,1679142540000.0,0.013309072164948553,-0.000277324,1333.049373537532,1333.136828448004,-3.8,0.3649,23.0,0.36139761258817144,long_nclose,8.312145089527943,0.006235436777161439,29.0
1679143140000.0,110197,1679143140000.0,0.026229072164948606,-0.000279908,1333.075322701697,1333.213608540004,-3.8,0.3683,19.2,0.36139761258817144,long_nclose,6.938834161692891,0.005205132855981611,10.0
1679143380000.0,110201,1679143380000.0,0.02208763971785146,-0.000235712,1333.097174629415,1333.212412828004,-3.2,0.3683,16.0,0.36139761258817144,long_nclose,5.782361801410743,0.004337539611857756,4.0
1679145180000.0,110231,1679145180000.0,0.033287639717851474,-0.00023795200000000004,1333.1302243171328,1333.2646548760042,-3.2,0.3718,12.8,0.36139761258817144,long_nclose,4.625889441128595,0.0034699456637839765,30.0
1679146080000.0,110246,1679146080000.0,0.014495013564840021,-0.00015468600000000002,1333.1445646446975,1333.226980190004,-2.1,0.3683,10.7,0.36139761258817144,long_nclose,3.8669544546934342,0.002900626501615775,15.0
1679146560000.0,110254,1679146560000.0,0.011734058600108588,-0.00012522200000000003,1333.1561734812976,1333.219194968004,-1.7,0.3683,9.0,0.36139761258817144,long_nclose,3.252578513293543,0.002439758055352224,8.0
1679147700000.0,110273,1679147700000.0,0.010353581117742872,-0.00011049000000000001,1333.1664165724153,1333.217434478004,-1.5,0.3683,7.5,0.36139761258817144,long_nclose,2.7104820944112857,0.0020331160916729086,19.0
1679148240000.0,110282,1679148240000.0,0.008282864894194298,-8.8392e-05,1333.1746110453096,1333.2168360860042,-1.2,0.3683,6.3,0.36139761258817144,long_nclose,2.2768049593054798,0.0017078070197573691,9.0
1679148300000.0,110283,1679148300000.0,0.006902387411828581,-7.366000000000001e-05,1333.1814397727214,1333.2180224260042,-1.0,0.3683,5.3,0.36139761258817144,long_nclose,1.9154073467173085,0.0014367191813320203,1.0
1679148360000.0,110284,1679148360000.0,0.005521909929462865,-5.8928e-05,1333.1869027546509,1333.218863498004,-0.8,0.3683,4.5,0.36139761258817144,long_nclose,1.6262892566467715,0.001219850910091082,1.0
1679148960000.0,110294,1679148960000.0,0.004831671188280006,-5.1562e-05,1333.191682863839,1333.222091936004,-0.7,0.3683,3.8,0.36139761258817144,long_nclose,1.3733109278350515,0.0010300926307048601,10.0
1679150760000.0,110324,1679150760000.0,0.004141432447097149,-4.4196e-05,1333.1957801002861,1333.218187740004,-0.6,0.3683,3.2,0.36139761258817144,long_nclose,1.1564723602821487,0.0008674437599818656,30.0
1679151180000.0,110331,1679151180000.0,0.0034511937059142905,-3.6830000000000005e-05,1333.199194463992,1333.2175609100038,-0.5,0.3683,2.7,0.36139761258817144,long_nclose,0.975773553988063,0.0007319037980520002,7.0
1679151240000.0,110332,1679151240000.0,0.0027609549647314327,-2.9464e-05,1333.2019259549568,1333.218031446004,-0.4,0.3683,2.3,0.36139761258817144,long_nclose,0.8312145089527943,0.0006234723283627161,1.0
1679151720000.0,110340,1679151720000.0,0.0,-0.013161984000000002,1333.1887639709569,1333.178319462004,180.4,0.3648,182.7,0.36475716753668747,long_ientry_partial,66.6411345089528,0.049986270744181396,8.0
1679154240000.0,110382,1679154240000.0,0.0,-0.013329200000000001,1333.1754347709568,1331.153170262004,188.0,0.3545,370.7,0.35955525899366814,long_rentry,133.28713450895276,0.09997719057271097,42.0
1679157060000.0,110429,1679157060000.0,0.0,-0.013331136000000002,1333.1621036349568,1328.669509126004,191.1,0.3488,561.8,0.355896786238791,long_rentry,199.94281450895278,0.14997637118831622,47.0
1679157780000.0,110441,1679157780000.0,0.2729377436489619,-0.005763172,1333.4292782066059,1334.7793059540043,-80.2,0.3593,481.6,0.355896786238791,long_nclose,171.39989225260175,0.12854066957576168,12.0
1679157840000.0,110442,1679157840000.0,0.23414110677117925,-0.004943968,1333.6584753453772,1335.2697219860042,-68.8,0.3593,412.8,0.355896786238791,long_nclose,146.91419335937294,0.11015878208349152,1.0
1679157960000.0,110444,1679157960000.0,0.4680611067711802,-0.004990752,1334.1215457001483,1336.186651234004,-68.8,0.3627,344.0,0.355896786238791,long_nclose,122.4284944661441,0.0917671218643677,2.0
1679158080000.0,110446,1679158080000.0,0.38982414851727654,-0.004156542000000001,1334.5072133066656,1336.343014692004,-57.3,0.3627,286.7,0.355896786238791,long_nclose,102.03560861466138,0.07645939085022684,2.0
1679158320000.0,110450,1679158320000.0,0.13919144283344811,-0.0029390740000000003,1334.6434656754989,1335.750355618004,-40.9,0.3593,245.8,0.355896786238791,long_nclose,87.47943005749484,0.0655451679098576,4.0
1679158740000.0,110457,1679158740000.0,0.11945280301843593,-0.0025222860000000003,1334.7603961925174,1335.6038733320042,-35.1,0.3593,210.7,0.355896786238791,long_nclose,74.98745286051326,0.056180459859626775,7.0
1679164020000.0,110545,1679164020000.0,0.10243673421239093,-0.002162986,1334.8606699407298,1335.4391703460042,-30.1,0.3593,180.6,0.355896786238791,long_nclose,64.27495959472566,0.04815106253567242,88.0
1679164440000.0,110552,1679164440000.0,0.08780291503919223,-0.0018539880000000002,1334.946618867769,1335.4889163580042,-25.8,0.3593,154.8,0.355896786238791,long_nclose,55.09282250976485,0.041269682046531316,7.0
1679164800000.0,110558,1679164800000.0,0.07521102412271892,-0.0015881060000000002,1335.0202417858916,1335.578008252004,-22.1,0.3593,132.7,0.355896786238791,long_nclose,47.227503533887564,0.03537587075886587,6.0
1679164860000.0,110559,1679164860000.0,0.0,-0.003799488,1335.0164422978917,1335.4972987640042,52.8,0.3598,185.5,0.3570077818538413,long_ientry_partial,66.22494353388755,0.04960608831146539,1.0
1679165100000.0,110563,1679165100000.0,0.08989378087320551,-0.00191012,1335.1044259587648,1335.516588644004,-26.5,0.3604,159.0,0.3570077818538413,long_nclose,56.76423731476077,0.042516702222747296,4.0
1679181900000.0,110843,1679181900000.0,0.0,-0.013349466,1335.0910764927648,1333.445479178004,192.3,0.3471,351.3,0.35158430775622196,long_rentry,123.51156731476078,0.09251171660829396,280.0
1679185800000.0,110908,1679185800000.0,0.17112618141327898,-0.0035571,1335.258645574178,1336.347692078004,-50.1,0.355,301.2,0.35158430775622196,long_nclose,105.89719349617405,0.07930837508311878,65.0
1679186100000.0,110913,1679186100000.0,0.146874766482455,-0.0030529999999999997,1335.4024673406605,1336.2843990780038,-43.0,0.355,258.2,0.35158430775622196,long_nclose,90.77906826265651,0.06797880824904813,5.0
1679186520000.0,110920,1679186520000.0,0.12569747457103125,-0.0026127999999999998,1335.5255520152316,1336.215366278004,-36.8,0.355,221.4,0.35158430775622196,long_nclose,77.84076573722754,0.05828474462339585,7.0
1679186580000.0,110921,1679186580000.0,0.10793587490338555,-0.0022436,1335.631244290135,1336.2226026780043,-31.6,0.355,189.8,0.35158430775622196,long_nclose,66.73070161213093,0.0499619201762513,1.0
1679189400000.0,110968,1679189400000.0,0.09256525980638444,-0.0019241,1335.7218854499415,1336.2776185780042,-27.1,0.355,162.7,0.35158430775622196,long_nclose,57.20276687193731,0.04282535720575425,47.0
1679189460000.0,110969,1679189460000.0,0.07924406005565014,-0.0016472,1335.799482309997,1336.4154713780042,-23.2,0.355,139.5,0.35158430775622196,long_nclose,49.04601093199296,0.03671659675086693,1.0
1679189880000.0,110976,1679189880000.0,0.06797227565118266,-0.0014129,1335.866041685648,1336.3223984780038,-19.9,0.355,119.6,0.35158430775622196,long_nclose,42.049483207644144,0.031477320251800445,7.0
1679190240000.0,110982,1679190240000.0,0.0580667681442264,-0.0012070000000000002,1335.9229014537923,1336.2733514780039,-17.0,0.355,102.6,0.35158430775622196,long_nclose,36.07254997578837,0.027001969901506377,6.0
1679190300000.0,110983,1679190300000.0,0.04986910675915914,-0.0010366,1335.9717339605515,1336.298714878004,-14.6,0.355,88.0,0.35158430775622196,long_nclose,30.93941908254753,0.02315873779067627,1.0
1679190600000.0,110988,1679190600000.0,0.042696153047225294,-0.0008875,1336.0135426135987,1336.3167273780039,-12.5,0.355,75.5,0.35158430775622196,long_nclose,26.544615235594758,0.019868522577747537,5.0
1679191020000.0,110995,1679191020000.0,0.03654790700842485,-0.0007597,1336.0493308206073,1336.3030676780043,-10.7,0.355,64.8,0.35158430775622196,long_nclose,22.78266314260318,0.017052261931533596,7.0
1679191140000.0,110997,1679191140000.0,0.03142436864275781,-0.0006531999999999999,1336.0801019892501,1336.2755744780043,-9.2,0.355,55.6,0.35158430775622196,long_nclose,19.548087511245942,0.01463092480917976,2.0
1679191320000.0,111000,1679191320000.0,0.026983968725846387,-0.0005609,1336.106525057976,1336.283763578004,-7.9,0.355,47.7,0.35158430775622196,long_nclose,16.77057147997179,0.012551822152985958,3.0
1679192580000.0,111021,1679192580000.0,0.02322670725769056,-0.00048279999999999997,1336.1292689652335,1336.289420778004,-6.8,0.355,40.9,0.35158430775622196,long_nclose,14.379798187229477,0.010762280657444116,21.0
1679195220000.0,111065,1679195220000.0,0.019811015013912536,-0.0004118,1336.1486681802473,1336.275578978004,-5.8,0.355,35.1,0.35158430775622196,long_nclose,12.34060920224339,0.009235955171852654,44.0
1679195460000.0,111069,1679195460000.0,0.017078461218890117,-0.000355,1336.1653916414664,1336.268203978004,-5.0,0.355,30.1,0.35158430775622196,long_nclose,10.58268766346228,0.007920192911493951,4.0
1679195520000.0,111070,1679195520000.0,0.0146874766482455,-0.0003053,1336.1797738181147,1336.2730586780042,-4.3,0.355,25.8,0.35158430775622196,long_nclose,9.070875140110527,0.006788663709667323,1.0
1679195880000.0,111076,1679195880000.0,0.012296492077600885,-0.00025560000000000003,1336.1918147101924,1336.2787430780043,-3.6,0.355,22.2,0.35158430775622196,long_nclose,7.805171632188127,0.0058413556693437734,6.0
1679196960000.0,111094,1679196960000.0,0.010588645955711873,-0.0002201,1336.2021832561481,1336.2674229780043,-3.1,0.355,19.1,0.35158430775622196,long_nclose,6.71526027814384,0.005025631870904176,18.0
1679197020000.0,111095,1679197020000.0,0.009222369058200664,-0.00019170000000000002,1336.2112139252065,1336.2639512780045,-2.7,0.355,16.4,0.35158430775622196,long_nclose,5.76598264720204,0.0043151730707783045,1.0
1679197080000.0,111096,1679197080000.0,0.007856092160689453,-0.00016329999999999998,1336.2189067173672,1336.2712979780044,-2.3,0.355,14.1,0.35158430775622196,long_nclose,4.957338739362729,0.0037099750006839936,1.0
1679197440000.0,111102,1679197440000.0,0.006831384487556047,-0.000142,1336.2255961018548,1336.2741859780044,-2.0,0.355,12.1,0.35158430775622196,long_nclose,4.254170123850286,0.0031837214735751917,6.0
1679199660000.0,111139,1679199660000.0,0.0,-0.012506832000000002,1336.2130892698547,1336.2009091460043,176.8,0.3537,188.9,0.35356447921572415,long_ientry_partial,66.78833012385029,0.04998329282969781,37.0
1679223960000.0,111544,1679223960000.0,0.0,-0.013359168000000001,1336.1997301018546,1334.2024499780043,194.4,0.3436,383.3,0.34851074908387764,long_rentry,133.5841701238503,0.09997320543813279,405.0
1679236200000.0,111748,1679236200000.0,0.18539202511189282,-0.0038497860000000004,1336.3812723409665,1337.6592801920042,-54.7,0.3519,328.6,0.34851074908387764,long_nclose,114.52063214896219,0.08569458022137204,204.0
1679238180000.0,111781,1679238180000.0,0.15895586796613845,-0.003300822,1336.5369273869326,1337.5761893700042,-46.9,0.3519,281.7,0.34851074908387764,long_nclose,98.17547801692832,0.07345511822772566,33.0
1679238900000.0,111793,1679238900000.0,0.13624788682811867,-0.0028292760000000004,1336.6703459977607,1337.4888500940042,-40.2,0.3519,241.5,0.34851074908387764,long_nclose,84.16534590375645,0.06296641962303055,12.0
1679238960000.0,111794,1679238960000.0,0.11692915660622125,-0.00242811,1336.7848470443669,1337.6520219840043,-34.5,0.3519,207.0,0.34851074908387764,long_nclose,72.14172506036267,0.0539665939660134,1.0
1679239620000.0,111805,1679239620000.0,0.09998290202560947,-0.00207621,1336.8827537363925,1337.5730957740043,-29.5,0.3519,177.5,0.34851074908387764,long_nclose,61.86065796238828,0.046272313551429065,11.0
1679239860000.0,111809,1679239860000.0,0.08574804817789558,-0.001780614,1336.9667211705705,1337.5434451600042,-25.3,0.3519,152.2,0.34851074908387764,long_nclose,53.04333601056617,0.03967438767969071,4.0
1679240100000.0,111813,1679240100000.0,0.0735467448798551,-0.001527246,1337.0387406694504,1337.4940879140042,-21.7,0.3519,130.5,0.34851074908387764,long_nclose,45.48065275544603,0.03401595733319891,4.0
1679241360000.0,111834,1679241360000.0,0.0630400670398758,-0.001309068,1337.1004716684902,1337.4909188460042,-18.6,0.3519,111.9,0.34851074908387764,long_nclose,38.99835282248591,0.029166359334106082,21.0
1679241720000.0,111840,1679241720000.0,0.053889089566345444,-0.001119042,1337.1532417160565,1337.5074098040043,-15.9,0.3519,96.0,0.34851074908387764,long_nclose,33.45703191205225,0.02502109022980391,6.0
1679242260000.0,111849,1679242260000.0,0.04643273755087626,-0.0009642059999999999,1337.1987102476076,1337.4941055980044,-13.7,0.3519,82.3,0.34851074908387764,long_nclose,28.682434649603127,0.021449642771710447,9.0
1679242380000.0,111851,1679242380000.0,0.03965423571863155,-0.0008234459999999999,1337.2375410373263,1337.4909421520047,-11.7,0.3519,70.6,0.34851074908387764,long_nclose,24.604858885321757,0.01839976678057901,2.0
1679242500000.0,111853,1679242500000.0,0.03389250916122355,-0.0007038000000000001,1337.2707297464874,1337.4700583520043,-10.0,0.3519,60.6,0.34851074908387764,long_nclose,21.119751394482986,0.01579317555128628,2.0
1679242560000.0,111854,1679242560000.0,0.029147557878652253,-0.000605268,1337.299272036366,1337.4911130840042,-8.6,0.3519,52.0,0.34851074908387764,long_nclose,18.122558952361636,0.013551610571630388,1.0
1679243580000.0,111871,1679243580000.0,0.05752755787865246,-0.0006109440000000001,1337.3561886502446,1337.6768821400042,-8.6,0.3552,43.4,0.34851074908387764,long_nclose,15.125366510240289,0.01130990131021556,17.0
1679243880000.0,111876,1679243880000.0,0.0867675578786521,-0.000616792,1337.442339416123,1337.7725653480043,-8.6,0.3586,34.8,0.34851074908387764,long_nclose,12.128174068118941,0.009068184631730475,5.0
1679244060000.0,111879,1679244060000.0,0.06961583132124415,-0.000494868,1337.5114603794443,1337.795740480004,-6.9,0.3586,27.9,0.34851074908387764,long_nclose,9.723449899440185,0.007269806792295969,3.0
1679244300000.0,111883,1679244300000.0,0.05549088003867286,-0.00039446,1337.566556799483,1337.7858360200041,-5.5,0.3586,22.4,0.34851074908387764,long_nclose,7.806640779478858,0.005836450335719007,4.0
1679244420000.0,111885,1679244420000.0,0.04439270403093829,-0.000315568,1337.610633935514,1337.799440452004,-4.4,0.3586,18.0,0.34851074908387764,long_nclose,6.2731934835097976,0.004689850188356253,2.0
1679245620000.0,111905,1679245620000.0,0.03632130329804042,-0.00025819199999999997,1337.646697046812,1337.7934222600043,-3.6,0.3586,14.4,0.34851074908387764,long_nclose,5.018554786807838,0.0037517789995576162,20.0
1679246040000.0,111912,1679246040000.0,0.028249902565142548,-0.00020081599999999998,1337.6747461333773,1337.7941014440044,-2.8,0.3586,11.6,0.34851074908387764,long_nclose,4.042724689372981,0.0030222030437957355,7.0
1679246340000.0,111917,1679246340000.0,0.02320527710708138,-0.00016495599999999998,1337.6977864544845,1337.7990564880045,-2.3,0.3586,9.3,0.34851074908387764,long_nclose,3.2411499664800623,0.0024229313969866117,5.0
1679247180000.0,111931,1679247180000.0,0.01816065164902021,-0.00012909599999999999,1337.7158180101335,1337.7914873920045,-1.8,0.3586,7.5,0.34851074908387764,long_nclose,2.6138306181290822,0.001953950594691467,14.0
1679247240000.0,111932,1679247240000.0,0.015133876374183508,-0.00010758,1337.7308443065076,1337.7967798120044,-1.5,0.3586,6.0,0.34851074908387764,long_nclose,2.0910644945032657,0.001563142917278919,1.0
1679249040000.0,111962,1679249040000.0,0.012107101099346805,-8.6064e-05,1337.742865343607,1337.7917737480045,-1.2,0.3586,4.8,0.34851074908387764,long_nclose,1.6728515956026127,0.0012505030966268177,30.0
1679249220000.0,111965,1679249220000.0,0.009080325824510104,-6.454799999999999e-05,1337.7518811214316,1337.7927892000043,-0.9,0.3586,3.9,0.34851074908387764,long_nclose,1.3591919214271226,0.0010160269184504662,3.0
1679250660000.0,111989,1679250660000.0,0.012050325824510127,-6.514200000000001e-05,1337.763866305256,1337.8028340580045,-0.9,0.3619,3.0,0.34851074908387764,long_nclose,1.0455322472516329,0.0007815521659583078,24.0
1679250720000.0,111990,1679250720000.0,0.009372475641285655,-5.0666e-05,1337.7731881148973,1337.8044433920043,-0.7,0.3619,2.3,0.34851074908387764,long_nclose,0.8015747228929185,0.0005991858186531944,1.0
1679250840000.0,111992,1679250840000.0,0.006694625458061182,-3.6190000000000004e-05,1337.7798465503554,1337.8030472020043,-0.5,0.3619,1.8,0.34851074908387764,long_nclose,0.6273193483509798,0.00046892569802767383,2.0
1679251140000.0,111997,1679251140000.0,0.0053557003664489455,-2.8952e-05,1337.7851732987217,1337.8027982500043,-0.4,0.3619,1.4,0.34851074908387764,long_nclose,0.48791504871742863,0.000364718535124981,5.0
1679251200000.0,111998,1679251200000.0,0.004016775274836709,-2.1714000000000003e-05,1337.7891683599964,1337.8041165360041,-0.3,0.3619,1.1,0.34851074908387764,long_nclose,0.3833618239922654,0.00028656370754012825,1.0
1679251440000.0,112002,1679251440000.0,0.0026778501832244728,-1.4476e-05,1337.7918317341798,1337.8039720600043,-0.2,0.3619,0.9,0.34851074908387764,long_nclose,0.3136596741754899,0.00023446074847750624,4.0
1679251800000.0,112008,1679251800000.0,0.0026778501832244728,-1.4476e-05,1337.7944951083632,1337.8041475840046,-0.2,0.3619,0.7,0.34851074908387764,long_nclose,0.24395752435871432,0.00018235799687526253,6.0
1679252580000.0,112021,1679252580000.0,0.003357850183224476,-1.4612e-05,1337.7978383465463,1337.8063329720044,-0.2,0.3653,0.5,0.34851074908387764,long_nclose,0.17425537454193882,0.00013025538653681042,13.0
1679252760000.0,112024,1679252760000.0,0.001678925091612238,-7.306e-06,1337.799509965638,1337.8065056660043,-0.1,0.3653,0.4,0.34851074908387764,long_nclose,0.13940429963355105,0.00010420417902315701,3.0
1679253480000.0,112036,1679253480000.0,0.004017850183224469,-1.4744e-05,1337.803513071821,1337.8074509220044,-0.2,0.3686,0.2,0.34851074908387764,long_nclose,0.06970214981677553,5.2101933606623374e-05,12.0
1679253780000.0,112041,1679253780000.0,0.0020089250916122347,-7.372e-06,1337.8055146249126,1337.8075535500043,-0.1,0.3686,0.1,0.34851074908387764,long_nclose,0.034851074908387764,2.605092782724785e-05,5.0
1679255340000.0,112067,1679255340000.0,0.001678925091612238,-7.306e-06,1337.8071862440042,1337.8071862440042,-0.1,0.3653,0.0,0.34851074908387764,long_nclose,0.0,0.0,26.0
1679258280000.0,112116,1679258280000.0,0.0,-0.01337848,1337.7938077640042,1337.8125977640043,187.9,0.356,187.9,0.356,long_ientry_normal,66.8924,0.05000202543305557,49.0
1679259840000.0,112142,1679259840000.0,0.09112000000000038,-0.0019263840000000002,1337.8830013800043,1338.5112913800044,-26.8,0.3594,161.1,0.356,long_nclose,57.3516,0.04286742558268755,26.0
1679260560000.0,112154,1679260560000.0,0.07820000000000032,-0.00165324,1337.9595481400042,1338.4705181400043,-23.0,0.3594,138.1,0.356,long_nclose,49.163599999999995,0.03674520658591354,12.0
1679261220000.0,112165,1679261220000.0,0.06698000000000028,-0.0014160359999999999,1338.0251121040044,1338.4750321040044,-19.7,0.3594,118.4,0.356,long_nclose,42.1504,0.031501949865290466,11.0
1679261460000.0,112169,1679261460000.0,0.05746000000000023,-0.001214772,1338.0813573320045,1338.4670573320045,-16.9,0.3594,101.5,0.356,long_nclose,36.134,0.027004337069643846,4.0
1679263080000.0,112196,1679263080000.0,0.0,-0.006149738,1338.0752075940045,1338.0680975940045,86.3,0.3563,187.8,0.3561378594249201,long_ientry_partial,66.88269,0.04998425321717296,27.0
1679263800000.0,112208,1679263800000.0,0.09278536741214065,-0.001927456,1338.1660655054166,1338.7395701380044,-26.8,0.3596,161.0,0.3561378594249201,long_nclose,57.33819536741213,0.04284834060991965,12.0
1679265660000.0,112239,1679265660000.0,0.07962923322683713,-0.00165416,1338.2440405786433,1338.8184159780044,-23.0,0.3596,138.0,0.3561378594249201,long_nclose,49.14702460063897,0.03672500912418657,31.0
1679266200000.0,112248,1679266200000.0,0.06820416932907354,-0.001416824,1338.3108279239723,1338.7440591540042,-19.7,0.3596,118.3,0.3561378594249201,long_nclose,42.131108769968044,0.03148080990671134,9.0
1679266740000.0,112257,1679266740000.0,0.05851017571884988,-0.0012154479999999998,1338.368122651691,1338.739463706004,-16.9,0.3596,101.4,0.3561378594249201,long_nclose,36.1123789456869,0.026982396199139832,9.0
1679266860000.0,112259,1679266860000.0,0.0498548242811502,-0.001035648,1338.416941827972,1338.857348058004,-14.4,0.3596,87.0,0.3561378594249201,long_nclose,30.98399376996805,0.023149732196045714,2.0
1679267280000.0,112266,1679267280000.0,0.04293054313099045,-0.000891808,1338.458980563103,1338.791856250004,-12.4,0.3596,74.6,0.3561378594249201,long_nclose,26.567884313099036,0.01984960667372986,7.0
1679267460000.0,112269,1679267460000.0,0.03669869009584668,-0.000762352,1338.4949169011988,1338.716493898004,-10.6,0.3596,64.0,0.3561378594249201,long_nclose,22.792823003194886,0.017028695974403422,3.0
1679267520000.0,112270,1679267520000.0,0.031505479233226864,-0.0006544719999999999,1338.525767908432,1338.7268194260039,-9.1,0.3596,54.9,0.3561378594249201,long_nclose,19.551968482428112,0.014607091586275427,1.0
1679267940000.0,112277,1679267940000.0,0.027004696485623026,-0.000560976,1338.5522116289176,1338.7341184500037,-7.8,0.3596,47.1,0.3561378594249201,long_nclose,16.774093178913738,0.012531519527729833,7.0
1679268120000.0,112280,1679268120000.0,0.023196341853035162,-0.000481864,1338.5749261067706,1338.6945965860039,-6.7,0.3596,40.4,0.3561378594249201,long_nclose,14.387969520766772,0.010748721823599379,3.0
1679268240000.0,112282,1679268240000.0,0.019734201277955287,-0.000409944,1338.5942503640485,1338.756026642004,-5.7,0.3596,34.7,0.3561378594249201,long_nclose,12.357983722044729,0.009232060961477917,2.0
1679268600000.0,112288,1679268600000.0,0.03911420127795537,-0.0004138200000000001,1338.6329507453265,1338.8580528220039,-5.7,0.363,29.0,0.3561378594249201,long_nclose,10.327997923322682,0.0077153322107992636,6.0
1679269320000.0,112300,1679269320000.0,0.03293827476038347,-0.00034848,1338.665540540087,1338.8340243420039,-4.8,0.363,24.2,0.3561378594249201,long_nclose,8.618536198083067,0.006438154966330054,12.0
1679270040000.0,112312,1679270040000.0,0.0,-0.01165962,1338.653880920087,1338.449744722004,163.3,0.357,187.5,0.35688872638977637,long_ientry_partial,66.91663619808307,0.049988004481105866,12.0
1679271720000.0,112340,1679271720000.0,0.09108100539297123,-0.0019240020000000002,1338.74303792348,1339.355890720004,-26.7,0.3603,160.8,0.35688872638977637,long_nclose,57.38770720347605,0.04286685762526163,28.0
1679272020000.0,112345,1679272020000.0,0.07811816567412139,-0.001650174,1338.8195059151542,1339.386450546004,-22.9,0.3603,137.9,0.35688872638977637,long_nclose,49.21495536915016,0.036759962901428696,5.0
1679273400000.0,112368,1679273400000.0,0.0,-0.00353628,1338.8159696351543,1338.840154266004,49.5,0.3572,187.4,0.35697094647358674,long_ientry_partial,66.89635536915016,0.04996680416605751,23.0
1679274360000.0,112384,1679274360000.0,0.09155572915523408,-0.001924536,1338.9056008283096,1339.4245097300043,-26.7,0.3604,160.7,0.35697094647358674,long_nclose,57.36523109830539,0.042844866032987365,16.0
1679274420000.0,112385,1679274420000.0,0.07852532575486368,-0.001650632,1338.9824755220643,1339.510119098004,-22.9,0.3604,137.8,0.35697094647358674,long_nclose,49.19059642406025,0.03673729665870423,1.0
1679274600000.0,112388,1679274600000.0,0.06720944911769994,-0.0014127680000000002,1339.048272203182,1339.477226330004,-19.6,0.3604,118.2,0.35697094647358674,long_nclose,42.19396587317795,0.0315104143361126,3.0
1679275200000.0,112398,1679275200000.0,0.0576080992437428,-0.0012109440000000003,1339.1046693584258,1339.432095386004,-16.8,0.3604,101.4,0.35697094647358674,long_nclose,36.1968539724217,0.027030638306835164,10.0
1679275260000.0,112399,1679275260000.0,0.04937837078035097,-0.001037952,1339.1530097772063,1339.4600374340043,-14.4,0.3604,87.0,0.35697094647358674,long_nclose,31.056472343202046,0.023191130600056585,1.0
1679277180000.0,112431,1679277180000.0,0.0990212761329925,-0.00105502,1339.2509760333394,1339.8113324140043,-14.5,0.3638,72.5,0.35697094647358674,long_nclose,25.880393619335038,0.01932452847336269,32.0
1679277540000.0,112437,1679277540000.0,0.14977127613299254,-0.00106517,1339.3996821394724,1340.0103672440043,-14.5,0.3673,58.0,0.35697094647358674,long_nclose,20.70431489546803,0.015457906382653657,6.0
1679277780000.0,112441,1679277780000.0,0.19907127613299194,-0.00107503,1339.5976783856054,1340.2079422140043,-14.5,0.3707,43.5,0.35697094647358674,long_nclose,15.528236171601023,0.011591716245966197,4.0
1679277960000.0,112444,1679277960000.0,0.14827377808526299,-0.0008007120000000001,1339.7451514516906,1340.2464115020043,-10.8,0.3707,32.7,0.35697094647358674,long_nclose,11.672949949686288,0.008712813729564894,3.0
1679278080000.0,112446,1679278080000.0,0.18670668343790445,-0.000815538,1339.9310425971285,1340.3698559640043,-10.9,0.3741,21.8,0.35697094647358674,long_nclose,7.781966633124191,0.00580773665638849,2.0
1679278080000.0,112446,1679278080000.0,0.2237666834379046,-0.00082295,1340.1539863305663,1340.3733930140043,-10.9,0.3775,10.9,0.35697094647358674,long_nclose,3.8909833165620955,0.0029033852499412214,0.0
1679278920000.0,112460,1679278920000.0,0.06166459269508771,-0.000269352,1340.2153815712613,1340.3550236620042,-3.6,0.3741,7.3,0.35697094647358674,long_nclose,2.605887909257183,0.0019443799445146301,14.0
1679279460000.0,112469,1679279460000.0,0.07390459269508776,-0.0002718,1340.2890143639563,1340.365341862004,-3.6,0.3775,3.7,0.35697094647358674,long_nclose,1.320792501952271,0.000985453501295064,9.0
1679279640000.0,112472,1679279640000.0,0.0889074980477291,-0.00028194000000000006,1340.3776399220042,1340.3776399220042,-3.7,0.381,0.0,0.35697094647358674,long_nclose,0.0,0.0,3.0
1679283060000.0,112529,1679283060000.0,0.0,-0.01340442,1340.3642355020042,1339.6967955020043,185.4,0.3615,185.4,0.3615,long_ientry_normal,67.0221,0.05000290087186512,57.0
1679288460000.0,112619,1679288460000.0,0.09240000000000008,-0.0019272,1340.4547083020043,1340.9476083020043,-26.4,0.365,159.0,0.3615,long_nclose,57.4785,0.042879852369506616,90.0
1679288520000.0,112620,1679288520000.0,0.07945000000000006,-0.0016571,1340.5325012020041,1341.1049612020042,-22.7,0.365,136.3,0.3615,long_nclose,49.27245,0.03675587869433921,1.0
1679288760000.0,112624,1679288760000.0,0.06790000000000006,-0.0014162,1340.5989850020042,1341.1484150020042,-19.4,0.365,116.9,0.3615,long_nclose,42.25935,0.031522737576842805,4.0
1679290920000.0,112660,1679290920000.0,0.0,-0.004971824000000001,1340.5940131780042,1340.5865031780043,68.9,0.3608,185.8,0.3612404198062432,long_ientry_partial,67.11846999999999,0.05006621642363548,36.0
1679292060000.0,112679,1679292060000.0,0.09167887513455536,-0.0019329100000000001,1340.6837591431386,1341.298590268004,-26.5,0.3647,159.3,0.3612404198062432,long_nclose,57.54559887513455,0.04292257475537203,19.0
1679292600000.0,112688,1679292600000.0,0.18442887513455544,-0.0019514600000000003,1340.866236558273,1341.7771888080038,-26.5,0.3682,132.8,0.3612404198062432,long_nclose,47.9727277502691,0.03577741495930661,9.0
1679292660000.0,112689,1679292660000.0,0.1538067222820255,-0.0016274440000000002,1341.018415836555,1341.855261364004,-22.1,0.3682,110.7,0.3612404198062432,long_nclose,39.98931447255112,0.029820108359664067,1.0
1679293020000.0,112695,1679293020000.0,0.12805627556512528,-0.001354976,1341.1451171361202,1341.852096388004,-18.4,0.3682,92.3,0.3612404198062432,long_nclose,33.34249074811625,0.02486121026135916,6.0
1679293140000.0,112697,1679293140000.0,0.10648157696447919,-0.001126692,1341.2504720210845,1341.8094596960038,-15.3,0.3682,77.0,0.3612404198062432,long_nclose,27.81551232508073,0.020738492105181878,2.0
1679293320000.0,112700,1679293320000.0,0.08908262648008716,-0.0009425920000000002,1341.3386120555647,1341.791837104004,-12.8,0.3682,64.2,0.3612404198062432,long_nclose,23.191634951560815,0.01728991825264783,3.0
1679293440000.0,112702,1679293440000.0,0.07446750807319785,-0.000787948,1341.412291615638,1341.757879156004,-10.7,0.3682,53.5,0.3612404198062432,long_nclose,19.326362459634012,0.01440747380982826,2.0
1679293980000.0,112711,1679293980000.0,0.061940263724435604,-0.0006553960000000001,1341.4735764833624,1341.815193760004,-8.9,0.3682,44.6,0.3612404198062432,long_nclose,16.111322723358448,0.012010167778029483,9.0
1679294160000.0,112714,1679294160000.0,0.05150089343380039,-0.0005449360000000001,1341.524532440796,1341.787148824004,-7.4,0.3682,37.2,0.3612404198062432,long_nclose,13.43814361679225,0.01001706885847449,3.0
1679294640000.0,112722,1679294640000.0,0.018335775026911073,-0.00038658200000000006,1341.542481633823,1341.6624122420037,-5.3,0.3647,31.9,0.3612404198062432,long_nclose,11.523569391819159,0.008589790893378912,8.0
1679295120000.0,112730,1679295120000.0,0.015568110871905627,-0.00032823000000000005,1341.557721514695,1341.696354012004,-4.5,0.3647,27.4,0.3612404198062432,long_nclose,9.897987502691064,0.007377981091648948,8.0
1679296080000.0,112746,1679296080000.0,0.013492362755651544,-0.00028446600000000004,1341.5709294114506,1341.6545795460038,-3.9,0.3647,23.5,0.3612404198062432,long_nclose,8.489149865446716,0.006327768200203116,16.0
1679296320000.0,112750,1679296320000.0,0.027142362755651555,-0.00028719600000000003,1341.5977845782063,1341.743992350004,-3.9,0.3682,19.6,0.3612404198062432,long_nclose,7.080312228202367,0.0052775223018338485,4.0
1679296680000.0,112756,1679296680000.0,0.02227065662002179,-0.00023564800000000006,1341.6198195868265,1341.733956702004,-3.2,0.3682,16.4,0.3612404198062432,long_nclose,5.924342884822388,0.004415813480339673,6.0
1679296740000.0,112757,1679296740000.0,0.018790866523143386,-0.00019882800000000004,1341.6384116253496,1341.737867874004,-2.7,0.3682,13.7,0.3612404198062432,long_nclose,4.948993751345532,0.0036887686789989814,1.0
1679297040000.0,112762,1679297040000.0,0.015311076426264981,-0.00016200800000000003,1341.653560693776,1341.731295866004,-2.2,0.3682,11.5,0.3612404198062432,long_nclose,4.154264827771797,0.003096376702211863,5.0
1679297880000.0,112776,1679297880000.0,0.013223202368137937,-0.000139916,1341.666643980144,1341.7449759500041,-1.9,0.3682,9.6,0.3612404198062432,long_nclose,3.467908030139935,0.002584776215239393,14.0
1679297940000.0,112777,1679297940000.0,0.019873202368137836,-0.00014124599999999998,1341.6863759365121,1341.7684547040042,-1.9,0.3717,7.7,0.3612404198062432,long_nclose,2.7815512325080727,0.0020731754323483524,1.0
1679298420000.0,112785,1679298420000.0,0.015689370290635135,-0.00011151000000000001,1341.7019537968029,1341.7742431940042,-1.5,0.3717,6.2,0.3612404198062432,long_nclose,2.239690602798708,0.0016692907068225845,8.0
1679299620000.0,112805,1679299620000.0,0.012551496232508107,-8.920799999999999e-05,1341.7144160850355,1341.7632139860043,-1.2,0.3717,5.0,0.3612404198062432,long_nclose,1.806202099031216,0.0013461896789493406,20.0
1679300100000.0,112813,1679300100000.0,0.005567664155005448,-5.8912000000000015e-05,1341.7199248371905,1341.7478950740044,-0.8,0.3682,4.2,0.3612404198062432,long_nclose,1.5172097631862216,0.0011307946875502542,8.0
1679301420000.0,112835,1679301420000.0,0.004871706135629766,-5.154800000000001e-05,1341.724744995326,1341.7484035260043,-0.7,0.3682,3.5,0.3612404198062432,long_nclose,1.2643414693218513,0.0009423255209668625,22.0
1679302320000.0,112850,1679302320000.0,0.0034797900968784046,-3.682e-05,1341.7281879654229,1341.752366706004,-0.5,0.3682,3.0,0.3612404198062432,long_nclose,1.0837212594187298,0.0008077055167649633,15.0
1679302680000.0,112856,1679302680000.0,0.0062757481162540535,-4.4603999999999995e-05,1341.734419109539,1341.760242102004,-0.6,0.3717,2.4,0.3612404198062432,long_nclose,0.8669770075349837,0.0006461614125620816,6.0
1679302800000.0,112858,1679302800000.0,0.004183832077502703,-2.9736e-05,1341.7385732056166,1341.760292366004,-0.4,0.3717,2.0,0.3612404198062432,long_nclose,0.7224808396124864,0.0005384661766758113,2.0
1679303280000.0,112866,1679303280000.0,0.0020878740581270427,-2.2092e-05,1341.7406389876746,1341.752640274004,-0.3,0.3682,1.7,0.3612404198062432,long_nclose,0.6141087136706135,0.0004576955454922721,8.0
1679303400000.0,112868,1679303400000.0,0.001391916038751362,-1.4728000000000004e-05,1341.7420161757134,1341.751405546004,-0.2,0.3682,1.5,0.3612404198062432,long_nclose,0.5418606297093649,0.00040384859621061706,2.0
1679304420000.0,112885,1679304420000.0,0.001391916038751362,-1.4728000000000004e-05,1341.7433933637521,1341.751660818004,-0.2,0.3682,1.3,0.3612404198062432,long_nclose,0.4696125457481162,0.00035000175746779493,17.0
1679304540000.0,112887,1679304540000.0,0.001391916038751362,-1.4728000000000004e-05,1341.744770551791,1341.752536090004,-0.2,0.3682,1.1,0.3612404198062432,long_nclose,0.3973644617868676,0.0002961550292634656,2.0
1679305020000.0,112895,1679305020000.0,0.000695958019375681,-7.364000000000002e-06,1341.7454591458102,1341.7529187260038,-0.1,0.3682,1.0,0.3612404198062432,long_nclose,0.3612404198062432,0.00026923170661312927,8.0
1679305320000.0,112900,1679305320000.0,0.0020919160387513516,-1.4868e-05,1341.7475361938489,1341.756143858004,-0.2,0.3717,0.8,0.3612404198062432,long_nclose,0.28899233584499456,0.00021538503187028951,5.0
1679306400000.0,112918,1679306400000.0,0.00034595801937568064,-7.294000000000001e-06,1341.7478748578683,1341.749946564004,-0.1,0.3647,0.7,0.3612404198062432,long_nclose,0.25286829386437026,0.00018846185531775608,18.0
1679306460000.0,112919,1679306460000.0,0.0,-0.013369752,1341.7345051058683,1341.662786812004,183.6,0.3641,184.3,0.36408913887066935,long_ientry_partial,67.10162829386437,0.05001110729321952,1.0
1679308680000.0,112956,1679308680000.0,0.09233564770139567,-0.0019335760000000002,1341.8249071775697,1342.395423236004,-26.3,0.3676,158.0,0.36408913887066935,long_nclose,57.52608394156576,0.04287152789745695,37.0
1679309100000.0,112963,1679309100000.0,0.07899437540993925,-0.0016542,1341.9022473529797,1342.296669036004,-22.5,0.3676,135.5,0.36408913887066935,long_nclose,49.3340783169757,0.036764286231945366,7.0
1679309220000.0,112965,1679309220000.0,0.06775961979608124,-0.0014189360000000002,1341.9685880367758,1342.399790100004,-19.3,0.3676,116.2,0.36408913887066935,long_nclose,42.30715793677178,0.03152619093615653,2.0
1679309760000.0,112974,1679309760000.0,0.0,-0.004963596000000001,1341.963624440776,1342.107606504004,68.2,0.3639,184.4,0.36401918620808993,long_ientry_partial,67.12513793677178,0.050020087515221745,9.0
1679319360000.0,113134,1679319360000.0,0.0,-0.013423172,1341.9502012687758,1339.542043332004,189.7,0.3538,374.1,0.35883720378714723,long_rentry,134.24099793677178,0.10003426193449706,160.0
1679331360000.0,113334,1679331360000.0,0.0,-0.013422736000000001,1341.9367785327759,1337.6365405960041,192.8,0.3481,566.9,0.3551855317282974,long_rentry,201.3546779367718,0.15004781235441328,200.0
1679335260000.0,113399,1679335260000.0,0.0,-0.019307808,1341.917470724776,1335.2934727880042,280.8,0.3438,847.7,0.35141408273772773,long_rentry,297.8937179367718,0.22199108695997377,65.0
1679361120000.0,113830,1679361120000.0,0.0,-0.028479232000000004,1341.8889914927759,1330.267613556004,419.8,0.3392,1267.5,0.3473687399895635,long_rentry,440.28987793677175,0.32811199788365064,431.0
1679382420000.0,114185,1679382420000.0,0.0,-0.041917806,1341.847073686776,1323.0697657500043,627.7,0.3339,1895.2,0.342907823942999,long_rentry,649.8789079367717,0.4843166711622396,355.0
1679399040000.0,114462,1679399040000.0,0.8911920586301694,-0.018743268,1342.7195224774061,1348.8799124820043,-270.7,0.3462,1624.5,0.342907823942999,long_nclose,557.053759995402,0.41486978529037916,277.0
1679399520000.0,114470,1679399520000.0,0.7637848452242308,-0.01606368,1343.4672436426306,1348.7478488020045,-232.0,0.3462,1392.5,0.342907823942999,long_nclose,477.4991448406261,0.3554229901027966,8.0
1679399820000.0,114475,1679399820000.0,0.6548138177374979,-0.013771836000000003,1344.1082856243681,1348.1571869660045,-198.9,0.3462,1193.6,0.342907823942999,long_nclose,409.2947786583636,0.30451027126005487,5.0
1679400060000.0,114479,1679400060000.0,0.5613160177186697,-0.011805420000000002,1344.6577962220867,1348.7421915460045,-170.5,0.3462,1023.1,0.342907823942999,long_nclose,350.8289946760823,0.2609057826175267,4.0
1679400240000.0,114482,1679400240000.0,0.48098692192784537,-0.010115964,1345.1286671800144,1347.9282055820042,-146.1,0.3462,877.0,0.342907823942999,long_nclose,300.7301615980101,0.22356981078135355,3.0
1679400300000.0,114483,1679400300000.0,0.41218044233652457,-0.008668848,1345.5321787743508,1347.781696734004,-125.2,0.3462,751.8,0.342907823942999,long_nclose,257.79810204034663,0.19159564230948062,1.0
1679400660000.0,114489,1679400660000.0,0.3535797085219069,-0.007436376000000001,1345.8783221068727,1348.064240358004,-107.4,0.3462,644.4,0.342907823942999,long_nclose,220.96980174886855,0.16418259965949725,6.0
1679400780000.0,114491,1679400780000.0,0.30288019724409154,-0.00637008,1346.174832224117,1348.1591502780043,-92.0,0.3462,552.4,0.342907823942999,long_nclose,189.42228194611263,0.14071150151660003,2.0
1679401500000.0,114503,1679401500000.0,0.2597526908973785,-0.005463036000000001,1346.4291218790142,1348.4614672420041,-78.9,0.3462,473.5,0.342907823942999,long_nclose,162.36685463701002,0.1205907180694505,12.0
1679402160000.0,114514,1679402160000.0,0.5201226908973762,-0.00551511,1346.9437294599115,1349.584462132004,-78.9,0.3495,394.6,0.342907823942999,long_nclose,135.3114273279074,0.10045811444711479,11.0
1679402340000.0,114517,1679402340000.0,0.4331059669449634,-0.004592430000000001,1347.3722429968566,1349.7377497020043,-65.7,0.3495,328.9,0.342907823942999,long_nclose,112.78238329485237,0.08370543766286827,3.0
1679402700000.0,114523,1679402700000.0,0.649915966944965,-0.0046357920000000006,1348.0175231718015,1350.5948239100042,-65.7,0.3528,263.2,0.342907823942999,long_nclose,90.25333926179734,0.06695264542959117,6.0
1679402760000.0,114524,1679402760000.0,0.5203284605982521,-0.0037114560000000006,1348.5341401763997,1350.448952454004,-52.6,0.3528,210.6,0.342907823942999,long_nclose,72.2163877223956,0.05355176822809179,1.0
1679402820000.0,114525,1679402820000.0,0.41646061199974166,-0.0029705760000000004,1348.9476302123994,1350.6987118780041,-42.1,0.3528,168.5,0.342907823942999,long_nclose,57.779968334395335,0.04283336657428098,1.0
1679403000000.0,114528,1679403000000.0,0.5553906119997427,-0.0029983620000000005,1349.500022462399,1351.1422335160041,-42.1,0.3561,126.4,0.342907823942999,long_nclose,43.343548946395074,0.032118227658349485,3.0
1679403060000.0,114529,1679403060000.0,0.4168727634012321,-0.0022505520000000007,1349.9146446738002,1351.155782964004,-31.6,0.3561,94.8,0.342907823942999,long_nclose,32.5076617097963,0.024081271981201156,1.0
1679403120000.0,114530,1679403120000.0,0.31265457255092405,-0.001687914,1350.225611332351,1351.2560050500038,-23.7,0.3561,71.1,0.342907823942999,long_nclose,24.38074628234723,0.01805679441844481,1.0
1679403300000.0,114533,1679403300000.0,0.39086457255092333,-0.0017035560000000002,1350.614772348902,1351.4107214940038,-23.7,0.3594,47.4,0.342907823942999,long_nclose,16.25383085489815,0.012034394401469885,3.0
1679403420000.0,114535,1679403420000.0,0.2605763817006156,-0.001135704,1350.8742130266025,1351.3700857900037,-15.8,0.3594,31.6,0.342907823942999,long_nclose,10.835887236598769,0.008021388765961571,2.0
1679403540000.0,114537,1679403540000.0,0.17316784859851034,-0.0007547400000000001,1351.046626135201,1351.3861710500037,-10.5,0.3594,21.1,0.342907823942999,long_nclose,7.23535508519728,0.005355370381179745,2.0
1679403600000.0,114538,1679403600000.0,0.11544523239900689,-0.00050316,1351.1615682075999,1351.4096178900036,-7.0,0.3594,14.1,0.342907823942999,long_nclose,4.835000317596286,0.0035784027842134494,1.0
1679403840000.0,114542,1679403840000.0,0.07751322746790464,-0.00033783600000000005,1351.238743599068,1351.3918900540036,-4.7,0.3594,9.4,0.342907823942999,long_nclose,3.223333545064191,0.002385465603568129,4.0
1679403900000.0,114543,1679403900000.0,0.051125745776703056,-0.00022282800000000003,1351.2896465168446,1351.3966972260037,-3.1,0.3594,6.3,0.342907823942999,long_nclose,2.160319290840894,0.0015987092748097691,1.0
1679404320000.0,114550,1679404320000.0,0.06135574577670313,-0.00022487400000000002,1351.3507773886213,1351.4109123520036,-3.1,0.3627,3.2,0.342907823942999,long_nclose,1.097305036617597,0.0008120060719823259,7.0
1679404500000.0,114553,1679404500000.0,0.016492176057000985,-7.188e-05,1351.3671976846783,1351.4089804720038,-1.0,0.3594,2.2,0.342907823942999,long_nclose,0.7543972126745979,0.0005582473912102648,3.0
1679404800000.0,114558,1679404800000.0,0.011544523239900689,-5.0316e-05,1351.3786918919184,1351.4043301560039,-0.7,0.3594,1.5,0.342907823942999,long_nclose,0.5143617359144985,0.00038061998387320774,5.0
1679405340000.0,114567,1679405340000.0,0.008246088028500492,-3.594e-05,1351.3869020399468,1351.4042942160038,-0.5,0.3594,1.0,0.342907823942999,long_nclose,0.342907823942999,0.00025374511431579846,9.0
1679405400000.0,114568,1679405400000.0,0.009896088028500505,-3.6270000000000003e-05,1351.3967618579752,1351.4068079460037,-0.5,0.3627,0.5,0.342907823942999,long_nclose,0.1714539119714995,0.00012687163149316353,1.0
1679406360000.0,114584,1679406360000.0,0.0016492176057000985,-7.1880000000000005e-06,1351.398403887581,1351.4054407580038,-0.1,0.3594,0.4,0.342907823942999,long_nclose,0.13716312957719962,0.00010149718186925565,16.0
1679407140000.0,114597,1679407140000.0,0.003958435211400202,-1.4508000000000002e-05,1351.4023478147924,1351.4061862500039,-0.2,0.3627,0.2,0.342907823942999,long_nclose,0.06858156478859981,5.0748442830142844e-05,13.0
1679407200000.0,114598,1679407200000.0,0.001979217605700101,-7.254000000000001e-06,1351.404319778398,1351.4063989960039,-0.1,0.3627,0.1,0.342907823942999,long_nclose,0.034290782394299904,2.5374184389112263e-05,1.0
1679407380000.0,114601,1679407380000.0,0.001979217605700101,-7.254000000000001e-06,1351.4062917420038,1351.4062917420038,-0.1,0.3627,0.0,0.342907823942999,long_nclose,0.0,0.0,3.0
1679420460000.0,114819,1679420460000.0,0.0,-0.013511670000000002,1351.3927800720037,1351.4314400720036,193.3,0.3495,193.3,0.3495,long_ientry_normal,67.55835,0.0499916463934345,218.0
1679421060000.0,114829,1679421060000.0,0.0938400000000004,-0.0019480080000000002,1351.4846720640037,1352.0480520640037,-27.6,0.3529,165.7,0.3495,long_nclose,57.91214999999999,0.042850763458201754,10.0
1679421120000.0,114830,1679421120000.0,0.08024000000000034,-0.0016656880000000002,1351.5632463760037,1352.0037563760036,-23.6,0.3529,142.1,0.3495,long_nclose,49.66394999999999,0.036745561210817006,1.0
1679421240000.0,114832,1679421240000.0,0.06902000000000029,-0.0014327740000000002,1351.6308336020036,1352.0084136020037,-20.3,0.3529,121.8,0.3495,long_nclose,42.5691,0.03149462038133317,2.0
1679422920000.0,114860,1679422920000.0,0.0,-0.004999280000000001,1351.6258343220036,1351.2707443220036,71.5,0.3496,193.3,0.3495369891360579,long_ientry_partial,67.5655,0.04998831650320734,28.0
1679426880000.0,114926,1679426880000.0,0.09281909984480152,-0.0019480080000000002,1351.7167054138483,1352.2076763140035,-27.6,0.3529,165.7,0.3495369891360579,long_nclose,57.91827909984479,0.04284794207830127,66.0
1679428920000.0,114960,1679428920000.0,0.07936705638903319,-0.0016656880000000002,1351.7944067822373,1352.2154506260035,-23.6,0.3529,142.1,0.3495369891360579,long_nclose,49.66920615623383,0.03674316590380383,34.0
1679428980000.0,114961,1679428980000.0,0.06826912053802431,-0.0014327740000000002,1351.8612431287752,1352.3439378520034,-20.3,0.3529,121.8,0.3495369891360579,long_nclose,42.57360527677185,0.03149258512525933,1.0
1679430780000.0,114991,1679430780000.0,0.1372891205380246,-0.0014465780000000002,1351.9970856713132,1352.6124812740034,-20.3,0.3563,101.5,0.3495369891360579,long_nclose,35.478004397309874,0.026241184077474413,30.0
1679430840000.0,114992,1679430840000.0,0.11429488360062146,-0.001204294,1352.110176260914,1352.7077069800034,-16.9,0.3563,84.6,0.3495369891360579,long_nclose,29.5708292809105,0.02187013292266227,1.0
1679431500000.0,115003,1679431500000.0,0.09535845318158358,-0.001004766,1352.2045299480956,1352.7306722140036,-14.1,0.3563,70.5,0.3495369891360579,long_nclose,24.642357734092084,0.018223839063043208,11.0
1679433060000.0,115029,1679433060000.0,0.03363010863942084,-0.0007058,1352.237454256735,1352.4711664140034,-10.0,0.3529,60.5,0.3495369891360579,long_nclose,21.1469878427315,0.015638516575740807,26.0
1679433540000.0,115037,1679433540000.0,0.028921893429901924,-0.0006069879999999999,1352.2657691621648,1352.4610694260034,-8.6,0.3529,51.9,0.3495369891360579,long_nclose,18.140969736161406,0.013415239925359618,8.0
1679434080000.0,115046,1679434080000.0,0.058161893429902044,-0.000612836,1352.3233182195947,1352.6161565900034,-8.6,0.3563,43.3,0.3495369891360579,long_nclose,15.134951629591306,0.01119181443200822,9.0
1679434320000.0,115050,1679434320000.0,0.04869367822038311,-0.000513072,1352.371498825815,1352.6192535180032,-7.2,0.3563,36.1,0.3495369891360579,long_nclose,12.618285307811691,0.009330487457601264,4.0
1679437080000.0,115096,1679437080000.0,0.01715135540610463,-0.00035995799999999996,1352.3882902232212,1352.5049435600035,-5.1,0.3529,31.0,0.3495369891360579,long_nclose,10.835646663217796,0.008012230467796564,46.0
1679437380000.0,115101,1679437380000.0,0.014797247801345172,-0.000310552,1352.4027769190227,1352.4922330080035,-4.4,0.3529,26.6,0.3495369891360579,long_nclose,9.29768391101914,0.006874937015583971,5.0
1679437440000.0,115102,1679437440000.0,0.01277944128297992,-0.00026820399999999997,1352.4152881563057,1352.4919648040036,-3.8,0.3529,22.8,0.3495369891360579,long_nclose,7.969443352302121,0.005892748641703503,1.0
1679438820000.0,115125,1679438820000.0,0.01076163476461467,-0.00022585600000000003,1352.4258239350702,1352.5054589480035,-3.2,0.3529,19.6,0.3495369891360579,long_nclose,6.850924987066736,0.005065656737559936,23.0
1679439660000.0,115139,1679439660000.0,0.021641634764614715,-0.00022803200000000003,1352.4472375378348,1352.5647109160034,-3.2,0.3563,16.4,0.3495369891360579,long_nclose,5.732406621831349,0.004238543628709201,14.0
1679440080000.0,115146,1679440080000.0,0.018260129332643666,-0.00019240200000000002,1352.4653052651674,1352.5593285140035,-2.7,0.3563,13.7,0.3495369891360579,long_nclose,4.788656751163993,0.0035406873156166602,7.0
1679440560000.0,115154,1679440560000.0,0.014878623900672617,-0.00015677200000000004,1352.480027117068,1352.5601017420033,-2.2,0.3563,11.5,0.3495369891360579,long_nclose,4.019675375064666,0.0029720774388313615,8.0
1679441100000.0,115163,1679441100000.0,0.012849720641489986,-0.000135394,1352.4927414437095,1352.5586263480034,-1.9,0.3563,9.6,0.3495369891360579,long_nclose,3.3555550957061557,0.0024810152342291244,9.0
1679441220000.0,115165,1679441220000.0,0.010820817382307358,-0.00011401600000000001,1352.503448245092,1352.5583523320036,-1.6,0.3563,8.0,0.3495369891360579,long_nclose,2.7962959130884633,0.0020674963281733065,2.0
1679441400000.0,115168,1679441400000.0,0.008791914123124729,-9.263800000000002e-05,1352.512147521215,1352.5534396940034,-1.3,0.3563,6.7,0.3495369891360579,long_nclose,2.341897827211588,0.0017315170377609152,3.0
1679442060000.0,115179,1679442060000.0,0.0074393119503363084,-7.838600000000002e-05,1352.5195084471652,1352.5596213080032,-1.1,0.3563,5.6,0.3495369891360579,long_nclose,1.957407139161924,0.0014472302446929093,11.0
1679442300000.0,115183,1679442300000.0,0.006086709777547889,-6.4134e-05,1352.5255310229427,1352.5559071740033,-0.9,0.3563,4.7,0.3495369891360579,long_nclose,1.6428238489394722,0.0012146342610604704,4.0
1679442480000.0,115186,1679442480000.0,0.004734107604759469,-4.9882e-05,1352.5302152485474,1352.5588672920032,-0.7,0.3563,4.0,0.3495369891360579,long_nclose,1.3981479565442316,0.0010337277058814552,3.0
1679442660000.0,115189,1679442660000.0,0.0040578065183652584,-4.2756e-05,1352.5342302990657,1352.558244536003,-0.6,0.3563,3.4,0.3495369891360579,long_nclose,1.188425763062597,0.0008786659416374387,3.0
1679443200000.0,115198,1679443200000.0,0.003381505431971049,-3.563e-05,1352.5375761744976,1352.556318906003,-0.5,0.3563,2.9,0.3495369891360579,long_nclose,1.013657268494568,0.0007494485080123134,9.0
1679445120000.0,115230,1679445120000.0,0.0,-0.013319148000000001,1352.5242570264977,1352.5308197580032,189.3,0.3518,192.2,0.35176585467478966,long_ientry_partial,67.60939726849456,0.04998756725970498,32.0
1679454840000.0,115392,1679454840000.0,0.09409558191076381,-0.0019464960000000003,1352.6164061124084,1353.215313262003,-27.4,0.3552,164.8,0.35176585467478966,long_nclose,57.97101285040534,0.04285842799809105,162.0
1679461920000.0,115510,1679461920000.0,0.08070241514244342,-0.0016694400000000003,1352.695439087551,1353.1524238220031,-23.5,0.3552,141.3,0.35176585467478966,long_nclose,49.70451526554778,0.036744794008528286,118.0
1679462160000.0,115514,1679462160000.0,0.0690263210367282,-0.0014279040000000002,1352.7630375045878,1353.1792559180033,-20.1,0.3552,121.2,0.35176585467478966,long_nclose,42.63402158658451,0.031516252591607286,4.0
1679462220000.0,115515,1679462220000.0,0.0594107141261392,-0.0012289920000000001,1352.821219226714,1353.1988069260033,-17.3,0.3552,103.9,0.35176585467478966,long_nclose,36.54847230071065,0.02701648361311343,1.0
1679463240000.0,115532,1679463240000.0,0.050825350813113304,-0.0010513920000000002,1352.8709931855271,1353.2037055340033,-14.8,0.3552,89.1,0.35176585467478966,long_nclose,31.342337651523756,0.023167277448771197,17.0
1679464500000.0,115553,1679464500000.0,0.043613645630171546,-0.0009022080000000002,1352.9137046231572,1353.2371933260033,-12.7,0.3552,76.4,0.35176585467478966,long_nclose,26.874911297153933,0.019864468225369716,21.0
1679464680000.0,115556,1679464680000.0,0.037432184044792906,-0.0007743360000000001,1352.950362471202,1353.1818489900033,-10.9,0.3552,65.5,0.35176585467478966,long_nclose,23.040663481198724,0.017029939989161393,3.0
1679464800000.0,115558,1679464800000.0,0.031937551524456334,-0.0006606720000000002,1352.9816393507263,1353.180258318003,-9.3,0.3552,56.2,0.35176585467478966,long_nclose,19.76924103272318,0.014611610725338531,2.0
1679465700000.0,115573,1679465700000.0,0.027473162601682866,-0.0005683200000000001,1353.008544193328,1353.193349998003,-8.0,0.3552,48.2,0.35176585467478966,long_nclose,16.955114195324864,0.012531416943441114,15.0
1679466120000.0,115580,1679466120000.0,0.023352188211430435,-0.0004830720000000001,1353.0314133095394,1353.177726926003,-6.8,0.3552,41.4,0.35176585467478966,long_nclose,14.563106383536292,0.010763317274293483,7.0
1679466300000.0,115583,1679466300000.0,0.020261457418741115,-0.0004191360000000001,1353.0512556309582,1353.1660677900031,-5.9,0.3552,35.5,0.35176585467478966,long_nclose,12.487687840955033,0.009229279222782839,3.0
1679466360000.0,115584,1679466360000.0,0.01717072662605179,-0.0003552,1353.0680711575842,1353.1819625900032,-5.0,0.3552,30.5,0.35176585467478966,long_nclose,10.728858567581085,0.007929282196720726,1.0
1679468700000.0,115623,1679468700000.0,0.01476682489840454,-0.00030547200000000005,1353.0825325104827,1353.1777471180033,-4.3,0.3552,26.2,0.35176585467478966,long_nclose,9.216265392479489,0.006811310597129513,39.0
1679469660000.0,115639,1679469660000.0,0.012706337703278326,-0.00026284800000000004,1353.094976000186,1353.1744942700034,-3.7,0.3552,22.5,0.35176585467478966,long_nclose,7.914731730182767,0.005849354162543043,16.0
1679470200000.0,115648,1679470200000.0,0.0,-0.011946624000000001,1353.083029376186,1353.1120076460031,169.6,0.3522,192.1,0.3521491500790358,long_ientry_partial,67.64785173018278,0.049995344159604584,9.0
1679485860000.0,115909,1679485860000.0,0.0,-0.013530588000000001,1353.069498788186,1351.197247058003,197.7,0.3422,389.8,0.3471031085946197,long_rentry,135.30079173018277,0.09999544875659282,261.0
1679492280000.0,116016,1679492280000.0,0.1833071621391452,-0.0038964480000000003,1353.248909502325,1354.584670610003,-55.6,0.3504,334.2,0.3471031085946197,long_nclose,116.00185889232189,0.08572100673998186,107.0
1679495460000.0,116069,1679495460000.0,0.15726172003664074,-0.003342816,1353.4028284063616,1354.318737794003,-47.7,0.3504,286.5,0.3471031085946197,long_nclose,99.44504061235854,0.07347778394216566,53.0
1679495520000.0,116070,1679495520000.0,0.13484285848005462,-0.002866272,1353.5348049928416,1354.246281522003,-40.9,0.3504,245.6,0.3471031085946197,long_nclose,85.24852347083859,0.06298214361121615,1.0
1679495580000.0,116071,1679495580000.0,0.11539119918831081,-0.0024527999999999998,1353.64774339203,1354.2999487220031,-35.0,0.3504,210.6,0.3471031085946197,long_nclose,73.0999146700269,0.05400216934344376,1.0
1679496300000.0,116083,1679496300000.0,0.09890674216140927,-0.0021024000000000004,1353.7445477341914,1354.5025063220032,-30.0,0.3504,180.6,0.3471031085946197,long_nclose,62.686821412188316,0.04630624109778273,12.0
1679496780000.0,116091,1679496780000.0,0.08505979825881198,-0.001808064,1353.8277994684502,1354.384598258003,-25.8,0.3504,154.8,0.3471031085946197,long_nclose,53.73156121044713,0.03968862305201859,8.0
1679497620000.0,116105,1679497620000.0,0.17277979825881234,-0.0018256080000000003,1353.998753658709,1354.785252650003,-25.8,0.3538,129.0,0.3471031085946197,long_nclose,44.776301008705936,0.03306967668006607,14.0
1679497680000.0,116106,1679497680000.0,0.14398316521567694,-0.0015213400000000001,1354.1412154839247,1354.882631310003,-21.5,0.3538,107.5,0.3471031085946197,long_nclose,37.31358417392162,0.027555164666180694,1.0
1679498100000.0,116113,1679498100000.0,0.11987435615630777,-0.001266604,1354.259823236081,1354.9225847060031,-17.9,0.3538,89.6,0.3471031085946197,long_nclose,31.10043853007792,0.0229648978700126,7.0
1679498580000.0,116121,1679498580000.0,0.17894435615630722,-0.0012784179999999997,1354.4374891742373,1355.132756288003,-17.9,0.3571,71.7,0.3471031085946197,long_nclose,24.88729288623423,0.01837463381304317,8.0
1679499120000.0,116130,1679499120000.0,0.07969300772402585,-0.0008420440000000001,1354.5163401379614,1354.9825942440032,-11.9,0.3538,59.8,0.3471031085946197,long_nclose,20.756765893958256,0.015324116275957306,9.0
1679500080000.0,116146,1679500080000.0,0.0,-0.009382080000000001,1354.5069580579614,1354.5022121640031,134.8,0.348,194.6,0.34772438794428706,long_ientry_partial,67.66716589395826,0.0499570456182645,16.0
1679508300000.0,116283,1679508300000.0,0.09384201514882035,-0.0019521160000000003,1354.5988479571101,1355.4955000480031,-27.8,0.3511,166.8,0.34772438794428706,long_nclose,58.00042790910709,0.04281742007722682,137.0
1679508720000.0,116290,1679508720000.0,0.0803395669259685,-0.0016712360000000002,1354.677516288036,1355.231728812003,-23.8,0.3511,143.0,0.34772438794428706,long_nclose,49.72458747603305,0.036705848350007196,7.0
1679508900000.0,116293,1679508900000.0,0.06886248593654443,-0.001432488,1354.7449462859724,1355.232356324003,-20.4,0.3511,122.6,0.34772438794428706,long_nclose,42.63100996196959,0.03146792322705637,3.0
1679509020000.0,116295,1679509020000.0,0.059073210974976836,-0.00122885,1354.8027906469474,1355.1470574740028,-17.5,0.3511,105.1,0.34772438794428706,long_nclose,36.54583317294457,0.026975020589892016,2.0
1679509080000.0,116296,1679509080000.0,0.05063418083569443,-0.0010533,1354.8523715277831,1355.201564174003,-15.0,0.3511,90.1,0.34772438794428706,long_nclose,31.329967353780262,0.02312426653425819,1.0
1679509620000.0,116305,1679509620000.0,0.043207834313125915,-0.0008988160000000001,1354.8946805460962,1355.2251853580028,-12.8,0.3511,77.3,0.34772438794428706,long_nclose,26.879095188093387,0.0198385125973479,9.0
1679510100000.0,116313,1679510100000.0,0.0,-0.00818448,1354.8864960660962,1354.9712808780027,118.0,0.3468,195.3,0.3471658739789728,long_ientry_partial,67.8014951880934,0.05004219570049195,8.0
1679510520000.0,116320,1679510520000.0,0.09302211598665812,-0.00195579,1354.977562392083,1355.4519950880028,-27.9,0.3505,167.4,0.3471658739789728,long_nclose,58.11556730408005,0.042890427795337506,7.0
1679510640000.0,116322,1679510640000.0,0.07968561190254943,-0.00167539,1355.0555726139855,1355.620119698003,-23.9,0.3505,143.5,0.3471658739789728,long_nclose,49.8183029159826,0.03676476738137022,2.0
1679510820000.0,116325,1679510820000.0,0.15855561190255002,-0.001691164,1355.212437061888,1355.993918534003,-23.9,0.3538,119.6,0.3471658739789728,long_nclose,41.521038527885146,0.03063802942799367,3.0
1679510880000.0,116326,1679510880000.0,0.13201910781844123,-0.001408124,1355.3430480457066,1356.024410410003,-19.9,0.3538,99.7,0.3471658739789728,long_nclose,34.61243763570359,0.025537768969717215,1.0
1679511240000.0,116332,1679511240000.0,0.1101264919490515,-0.0011746160000000003,1355.4519999216557,1355.853715794003,-16.6,0.3538,83.1,0.3471658739789728,long_nclose,28.849484127652637,0.021284032285407466,6.0
1679511660000.0,116339,1679511660000.0,0.0,-0.00778668,1355.4442132416557,1355.391369114003,112.2,0.347,195.3,0.34707057925065354,long_ientry_partial,67.78288412765264,0.050007874514838443,7.0
1679512140000.0,116347,1679512140000.0,0.0,-0.013552714,1355.4306605276556,1353.9582864000029,200.9,0.3373,396.2,0.34211623959528686,long_rentry,135.54645412765265,0.10000249962981195,8.0
1679513820000.0,116375,1679513820000.0,0.0,-0.013557348,1355.4171031796557,1352.230559052003,204.3,0.3318,600.5,0.3386064848087471,long_rentry,203.33319412765263,0.15001521941154194,28.0
1679514300000.0,116383,1679514300000.0,0.0,-0.019497544,1355.3976056356557,1348.9981015080032,297.4,0.3278,897.9,0.3350271902524253,long_rentry,300.82091412765266,0.221942928685176,8.0
1679514480000.0,116386,1679514480000.0,0.0,-0.028763196,1355.3688424396557,1347.345468312003,444.7,0.3234,1342.6,0.3311759974137142,long_rentry,444.6368941276526,0.3280560097038301,3.0
1679519220000.0,116465,1679519220000.0,0.6183636960496167,-0.012827584,1355.9743785517053,1359.914720728003,-191.8,0.3344,1150.8,0.3311759974137142,long_nclose,381.11733782370226,0.2810652943389444,79.0
1679519820000.0,116475,1679519820000.0,0.5300260251853858,-0.010995072,1356.4934095048907,1360.166765656003,-164.4,0.3344,986.4,0.3311759974137142,long_nclose,326.67200384888764,0.24082092958204665,10.0
1679520300000.0,116483,1679520300000.0,0.4542619644076694,-0.009423392000000001,1356.9382480772983,1359.579592264003,-140.9,0.3344,845.5,0.3311759974137142,long_nclose,280.0093058132953,0.20635375722517368,8.0
1679520360000.0,116484,1679520360000.0,0.3891371121646962,-0.008072416,1357.319312773463,1359.873509848003,-120.7,0.3344,724.8,0.3311759974137142,long_nclose,240.03636292546003,0.17684590550397786,1.0
1679521560000.0,116504,1679521560000.0,0.33368426768058046,-0.00692208,1357.6460749611435,1359.462757768003,-103.5,0.3344,621.3,0.3311759974137142,long_nclose,205.7596471931406,0.15155617578685193,20.0
1679529660000.0,116639,1679529660000.0,0.28596902940355057,-0.0059322559999999995,1357.926111734547,1359.9095155120028,-88.7,0.3344,532.6,0.3311759974137142,long_nclose,176.38433622254416,0.12989244016910437,135.0
1679530020000.0,116645,1679530020000.0,0.2450241965577209,-0.00508288,1358.1660530511049,1359.775112632003,-76.0,0.3344,456.6,0.3311759974137142,long_nclose,151.21496041910189,0.11133760859314601,6.0
1679530440000.0,116652,1679530440000.0,0.21020496862583427,-0.004360576,1358.3718974437309,1359.672912056003,-65.2,0.3344,391.4,0.3311759974137142,long_nclose,129.62228538772771,0.09542474018467184,7.0
1679532600000.0,116688,1679532600000.0,0.18022174457337628,-0.0037385920000000002,1358.5483805963042,1359.6300334640032,-55.9,0.3344,335.5,0.3311759974137142,long_nclose,111.1095471323011,0.0817854915726535,36.0
1679532660000.0,116689,1679532660000.0,0.15442972388308987,-0.003203552,1358.6996067681873,1359.7131099120031,-47.9,0.3344,287.6,0.3311759974137142,long_nclose,95.2462168561842,0.07010101157145217,1.0
1679542320000.0,116850,1679542320000.0,0.13218410603771785,-0.0027420799999999996,1358.8290487942252,1359.6240878320032,-41.0,0.3344,246.6,0.3311759974137142,long_nclose,81.66800096222191,0.06010174792384008,161.0
1679542380000.0,116851,1679542380000.0,0.11348489103726021,-0.002354176,1358.9401795092624,1359.6428736560033,-35.2,0.3344,211.4,0.3311759974137142,long_nclose,70.01060585325918,0.051518534008274934,1.0
1679547780000.0,116941,1679547780000.0,0.09736487810583119,-0.002019776,1359.0355246113681,1359.674073880003,-30.2,0.3344,181.2,0.3311759974137142,long_nclose,60.009090731365006,0.04415564541517433,90.0
1679549640000.0,116972,1679549640000.0,0.19098487810583262,-0.0020385000000000004,1359.224470989474,1360.209595380003,-30.2,0.3375,151.0,0.3311759974137142,long_nclose,50.00757560947084,0.03679125609993385,31.0
1679550840000.0,116992,1679550840000.0,0.28762487810583204,-0.0020578280000000003,1359.5100380395797,1360.6846975520032,-30.2,0.3407,120.8,0.3311759974137142,long_nclose,40.00606048757667,0.029426822434695375,20.0
1679551200000.0,116998,1679551200000.0,0.22952846232948848,-0.0016421740000000002,1359.7379243279092,1360.6975753780032,-24.1,0.3407,96.7,0.3311759974137142,long_nclose,32.02471894990616,0.023552126021442937,6.0
1679552880000.0,117026,1679552880000.0,0.30664846232948806,-0.0016575980000000001,1360.0429151922388,1360.973937780003,-24.1,0.3439,72.6,0.3311759974137142,long_nclose,24.043377412235646,0.017678396132696426,28.0
1679554200000.0,117048,1679554200000.0,0.13809803750114452,-0.00098803,1360.18002519974,1360.7391797500031,-14.5,0.3407,58.1,0.3311759974137142,long_nclose,19.241325449736795,0.014146160870809173,22.0
1679554800000.0,117058,1679554800000.0,0.11047843000091562,-0.000790424,1360.289713205741,1360.7372293260032,-11.6,0.3407,46.5,0.3311759974137142,long_nclose,15.39968387973771,0.011320885345406225,10.0
1679554920000.0,117060,1679554920000.0,0.08857322405245821,-0.0006337020000000001,1360.3776527277935,1360.7393856240033,-9.3,0.3407,37.2,0.3311759974137142,long_nclose,12.319747103790169,0.009056122819341332,2.0
1679555700000.0,117073,1679555700000.0,0.07047761913851514,-0.000504236,1360.4476261109319,1360.7374013880033,-7.4,0.3407,29.8,0.3311759974137142,long_nclose,9.869044722928683,0.007254262886356754,13.0
1679555880000.0,117076,1679555880000.0,0.05619161525908639,-0.00040202600000000004,1360.503415700191,1360.7310393620032,-5.9,0.3407,23.9,0.3311759974137142,long_nclose,7.915106338187768,0.005817777630579643,3.0
1679555940000.0,117077,1679555940000.0,0.0447628121555434,-0.000320258,1360.5478582543465,1360.732639104003,-4.7,0.3407,19.2,0.3311759974137142,long_nclose,6.358579150343312,0.004673543169956328,1.0
1679556060000.0,117079,1679556060000.0,0.03619120982788615,-0.000258932,1360.5837905321744,1360.735080172003,-3.8,0.3407,15.4,0.3311759974137142,long_nclose,5.100110360171199,0.00374847208651248,2.0
1679556240000.0,117082,1679556240000.0,0.028572007758857487,-0.00020442000000000002,1360.6121581199332,1360.7314957520032,-3.0,0.3407,12.4,0.3311759974137142,long_nclose,4.106582367930056,0.003018187323567981,3.0
1679558460000.0,117119,1679558460000.0,0.03944440801748601,-0.00021321800000000002,1360.6513893099507,1360.7725125340032,-3.1,0.3439,9.3,0.3311759974137142,long_nclose,3.0799367759475422,0.0022635752259140534,37.0
1679560920000.0,117160,1679560920000.0,0.02926520594845736,-0.000158194,1360.680496321899,1360.770264340003,-2.3,0.3439,7.0,0.3311759974137142,long_nclose,2.318231981895999,0.0017037298529393855,41.0
1679561760000.0,117174,1679561760000.0,0.021630804396685875,-0.000116926,1360.7020102002957,1360.769447414003,-1.7,0.3439,5.3,0.3311759974137142,long_nclose,1.755232786292685,0.0012899464931593026,14.0
1679561820000.0,117175,1679561820000.0,0.016541203362171554,-8.9414e-05,1360.7184619896577,1360.769358000003,-1.3,0.3439,4.0,0.3311759974137142,long_nclose,1.3247039896548567,0.0009735327524827286,1.0
1679562540000.0,117187,1679562540000.0,0.01272400258628581,-6.878e-05,1360.731117212244,1360.769589220003,-1.0,0.3439,3.0,0.3311759974137142,long_nclose,0.9935279922411425,0.0007301427737440167,12.0
1679562660000.0,117189,1679562660000.0,0.008906801810400065,-4.8145999999999996e-05,1360.7399758680544,1360.768551074003,-0.7,0.3439,2.3,0.3311759974137142,long_nclose,0.7617047940515426,0.0005597724822963547,2.0
1679563200000.0,117198,1679563200000.0,0.006362001293142905,-3.439e-05,1360.7463034793475,1360.7695666840027,-0.5,0.3439,1.8,0.3311759974137142,long_nclose,0.5961167953446855,0.00043808077510146476,9.0
1679563440000.0,117202,1679563440000.0,0.005089601034514325,-2.7512e-05,1360.751365568382,1360.7691791720029,-0.4,0.3439,1.4,0.3311759974137142,long_nclose,0.4636463963791998,0.00034072822420834833,4.0
1679563560000.0,117204,1679563560000.0,0.0038172007758857426,-2.0634e-05,1360.755162135158,1360.769378538003,-0.3,0.3439,1.1,0.3311759974137142,long_nclose,0.36429359715508564,0.000267714286369837,2.0
1679563860000.0,117209,1679563860000.0,0.0025448005172571623,-1.3756e-05,1360.757693179675,1360.7694147820027,-0.2,0.3439,0.9,0.3311759974137142,long_nclose,0.29805839767234277,0.0002190385541571853,5.0
1679564820000.0,117225,1679564820000.0,0.0025448005172571623,-1.3756e-05,1360.7602242241921,1360.7694810260025,-0.2,0.3439,0.7,0.3311759974137142,long_nclose,0.2318231981895999,0.00017036300302043943,16.0
1679565720000.0,117240,1679565720000.0,0.003184800517257169,-1.3884000000000003e-05,1360.7633951407092,1360.7712071420024,-0.2,0.3471,0.5,0.3311759974137142,long_nclose,0.1655879987068571,0.000121687575737393,15.0
1679565840000.0,117242,1679565840000.0,0.0015924002586285846,-6.9420000000000015e-06,1360.764980598968,1360.7715102000025,-0.1,0.3471,0.4,0.3311759974137142,long_nclose,0.13247039896548568,9.734994716514249e-05,2.0
1679566560000.0,117254,1679566560000.0,0.0015924002586285846,-6.9420000000000015e-06,1360.7665660572266,1360.7712832580025,-0.1,0.3471,0.3,0.3311759974137142,long_nclose,0.09935279922411425,7.301237530547616e-05,12.0
1679567160000.0,117264,1679567160000.0,0.0015924002586285846,-6.9420000000000015e-06,1360.7681515154852,1360.7713563160025,-0.1,0.3471,0.2,0.3311759974137142,long_nclose,0.06623519948274284,4.8674860158195805e-05,10.0
1679567880000.0,117276,1679567880000.0,0.0019124002586285828,-7.006e-06,1360.7700569097437,1360.7719893100025,-0.1,0.3503,0.1,0.3311759974137142,long_nclose,0.03311759974137142,2.433739600104092e-05,12.0
1679568060000.0,117279,1679568060000.0,0.0019124002586285828,-7.006e-06,1360.7719623040023,1360.7719623040023,-0.1,0.3503,0.0,0.3311759974137142,long_nclose,0.0,0.0,3.0
1679577540000.0,117437,1679577540000.0,0.0,-0.013610476,1360.7583518280023,1360.9773618280024,199.1,0.3418,199.1,0.3418,long_ientry_normal,68.05238,0.05001062819756385,158.0
1679579040000.0,117462,1679579040000.0,0.0937200000000007,-0.0019601680000000004,1360.8501116600023,1361.2939316600023,-28.4,0.3451,170.7,0.3418,long_nclose,58.345259999999996,0.042874126621357915,25.0
1679579400000.0,117468,1679579400000.0,0.08019000000000061,-0.001677186,1360.9286244740022,1361.3239044740021,-24.3,0.3451,146.4,0.3418,long_nclose,50.03952,0.03676865862038888,6.0
1679579580000.0,117471,1679579580000.0,0.06897000000000052,-0.001442518,1360.9961519560022,1361.4228519560022,-20.9,0.3451,125.5,0.3418,long_nclose,42.8959,0.031518017107065796,3.0
1679579700000.0,117473,1679579700000.0,0.05907000000000045,-0.001235458,1361.0539864980021,1361.462866498002,-17.9,0.3451,107.6,0.3418,long_nclose,36.77768,0.02702147039341851,2.0
1679580840000.0,117492,1679580840000.0,0.1181399999999999,-0.001247272,1361.1708792260022,1361.7808392260022,-17.9,0.3484,89.7,0.3418,long_nclose,30.65946,0.022524328479194163,19.0
1679581620000.0,117505,1679581620000.0,0.09833999999999993,-0.001038232,1361.2681809940023,1361.8067409940022,-14.9,0.3484,74.8,0.3418,long_nclose,25.56664,0.01878148652628548,13.0
1679582760000.0,117524,1679582760000.0,0.08183999999999994,-0.0008640319999999999,1361.3491569620023,1361.8608369620024,-12.4,0.3484,62.4,0.3418,long_nclose,21.328319999999998,0.015667046099765065,19.0
1679582820000.0,117525,1679582820000.0,0.12276000000000024,-0.0008722160000000001,1361.4710447460022,1361.9410447460023,-12.4,0.3517,50.0,0.3418,long_nclose,17.09,0.012552598945053827,1.0
1679582940000.0,117527,1679582940000.0,0.0990000000000002,-0.0007034000000000001,1361.5693413460021,1361.9813413460022,-10.0,0.3517,40.0,0.3418,long_nclose,13.672,0.010041354182141261,2.0
1679583060000.0,117529,1679583060000.0,0.07920000000000016,-0.0005627200000000001,1361.647978626002,1361.958378626002,-8.0,0.3517,32.0,0.3418,long_nclose,10.9376,0.008032619422706302,2.0
1679583120000.0,117530,1679583120000.0,0.06336000000000012,-0.000450176,1361.7108884500021,1361.9566484500021,-6.4,0.3517,25.6,0.3418,long_nclose,8.75008,0.0064257986583040215,1.0
1679583180000.0,117531,1679583180000.0,0.0504900000000001,-0.000358734,1361.7610197160022,1361.9762697160022,-5.1,0.3517,20.5,0.3418,long_nclose,7.0069,0.005145469651834579,1.0
1679583360000.0,117534,1679583360000.0,0.04059000000000008,-0.00028839400000000003,1361.8013213220022,1361.9653213220022,-4.1,0.3517,16.4,0.3418,long_nclose,5.605519999999999,0.004116253900061062,3.0
1679583540000.0,117537,1679583540000.0,0.05371,-0.000291018,1361.854740304002,1362.015870304002,-4.1,0.3549,12.3,0.3418,long_nclose,4.20414,0.0030870693294804148,3.0
1679583600000.0,117538,1679583600000.0,0.0393,-0.00021294,1361.893827364002,1362.036117364002,-3.0,0.3549,9.3,0.3418,long_nclose,3.1787400000000003,0.0023340585999663236,1.0
1679583600000.0,117538,1679583600000.0,0.04920000000000008,-0.00021492,1361.942812444002,1362.0392024440018,-3.0,0.3582,6.3,0.3418,long_nclose,2.15334,0.001581079602113277,0.0
1679583960000.0,117544,1679583960000.0,0.034440000000000054,-0.00015044400000000004,1361.9771020000019,1362.045142000002,-2.1,0.3582,4.2,0.3418,long_nclose,1.43556,0.0010540265309100607,6.0
1679584260000.0,117549,1679584260000.0,0.022960000000000036,-0.00010029600000000002,1361.9999617040019,1362.0464417040018,-1.4,0.3582,2.8,0.3418,long_nclose,0.9570399999999999,0.0007026725601391681,5.0
1679584500000.0,117553,1679584500000.0,0.014760000000000023,-6.4476e-05,1362.0146572280019,1362.0528472280018,-0.9,0.3582,1.9,0.3418,long_nclose,0.64942,0.00047680837834866767,4.0
1679584500000.0,117553,1679584500000.0,0.017729999999999996,-6.507e-05,1362.032322158002,1362.052422158002,-0.9,0.3615,1.0,0.3418,long_nclose,0.3418,0.0002509485233496167,0.0
1679585400000.0,117568,1679585400000.0,0.009849999999999998,-3.615e-05,1362.042136008002,1362.052136008002,-0.5,0.3615,0.5,0.3418,long_nclose,0.1709,0.00012547335760176216,15.0
1679585700000.0,117573,1679585700000.0,0.003939999999999999,-1.4460000000000002e-05,1362.046061548002,1362.0521215480019,-0.2,0.3615,0.3,0.3418,long_nclose,0.10253999999999999,7.528379758571493e-05,5.0
1679585940000.0,117577,1679585940000.0,0.0019699999999999995,-7.230000000000001e-06,1362.048024318002,1362.052004318002,-0.1,0.3615,0.2,0.3418,long_nclose,0.06836,5.018912606567517e-05,4.0
1679586300000.0,117583,1679586300000.0,0.0019699999999999995,-7.230000000000001e-06,1362.0499870880021,1362.052007088002,-0.1,0.3615,0.1,0.3418,long_nclose,0.03418,2.5094526870541082e-05,6.0
1679587200000.0,117598,1679587200000.0,0.002300000000000002,-7.296000000000002e-06,1362.0522797920023,1362.0522797920023,-0.1,0.3648,0.0,0.3418,long_nclose,0.0,0.0,15.0
1679633880000.0,118376,1679633880000.0,0.0,-0.013622202,1362.0386575900022,1362.0386575900022,188.1,0.3621,188.1,0.3621,long_ientry_normal,68.11101,0.05000666436334189,778.0
1679635020000.0,118395,1679635020000.0,0.09380000000000009,-0.0019596160000000004,1362.1304979740023,1362.7273079740023,-26.8,0.3656,161.3,0.3621,long_nclose,58.40673,0.04287895329182678,19.0
1679635140000.0,118397,1679635140000.0,0.08050000000000007,-0.00168176,1362.2093162140022,1362.6518762140022,-23.0,0.3656,138.3,0.3621,long_nclose,50.078430000000004,0.03676265417064048,2.0
1679635200000.0,118398,1679635200000.0,0.06895000000000005,-0.001440464,1362.2768257500022,1362.7037857500022,-19.7,0.3656,118.6,0.3621,long_nclose,42.94506,0.03152447372534328,1.0
1679635320000.0,118400,1679635320000.0,0.05915000000000005,-0.0012357279999999997,1362.3347400220023,1362.6906900220022,-16.9,0.3656,101.7,0.3621,long_nclose,36.82557,0.02703121994775326,2.0
1679635380000.0,118401,1679635380000.0,0.050750000000000045,-0.00106024,1362.3844297820024,1362.6983497820024,-14.5,0.3656,87.2,0.3621,long_nclose,31.57512,0.023176365869839243,1.0
1679635560000.0,118404,1679635560000.0,0.04340000000000004,-0.000906688,1362.4269230940024,1362.7336030940023,-12.4,0.3656,74.8,0.3621,long_nclose,27.085079999999998,0.01988002405185238,3.0
1679635980000.0,118411,1679635980000.0,0.03710000000000003,-0.000775072,1362.4632480220025,1362.7007880220026,-10.6,0.3656,64.2,0.3621,long_nclose,23.24682,0.017062346477051238,7.0
1679636160000.0,118414,1679636160000.0,0.031850000000000024,-0.000665392,1362.4944326300026,1362.6983026300027,-9.1,0.3656,55.1,0.3621,long_nclose,19.95171,0.014643516716238987,3.0
1679639520000.0,118470,1679639520000.0,0.0,-0.009629934,1362.4848026960026,1362.4770226960027,132.9,0.3623,188.0,0.36224138297872344,long_ientry_partial,68.10138,0.04998322173226821,56.0
1679641380000.0,118501,1679641380000.0,0.09269093617021258,-0.001960152,1362.5755334801727,1363.0847025440025,-26.8,0.3657,161.2,0.36224138297872344,long_nclose,58.39331093617022,0.04285510014041355,31.0
1679641500000.0,118503,1679641500000.0,0.07954819148936154,-0.0016822200000000003,1362.653399451662,1363.2281203240022,-23.0,0.3657,138.2,0.36224138297872344,long_nclose,50.06175912765958,0.0367384392449354,2.0
1679642700000.0,118523,1679642700000.0,0.0681347553191488,-0.0014408580000000002,1362.720093348981,1363.1536394660022,-19.7,0.3657,118.5,0.36224138297872344,long_nclose,42.92560388297873,0.03149994198550784,20.0
1679643420000.0,118535,1679643420000.0,0.0,-0.00503875,1362.715054598981,1362.6705007160022,69.5,0.3625,188.0,0.3623369887392486,long_ientry_partial,68.11935388297873,0.04998796604843032,12.0
1679647860000.0,118609,1679647860000.0,0.0,-0.01362627,1362.701428328981,1360.9294744460021,193.5,0.3521,381.5,0.35714470218343053,long_rentry,136.25070388297874,0.09998573498969382,74.0
1679658420000.0,118785,1679658420000.0,0.0,-0.013627375999999998,1362.687800952981,1357.7792170700022,196.7,0.3464,578.2,0.35348942214282036,long_rentry,204.38758388297876,0.14998856211968914,176.0
1679677860000.0,119109,1679677860000.0,0.0,-0.019601216,1362.668199736981,1356.3135758540022,286.4,0.3422,864.6,0.3497497847362696,long_rentry,302.39366388297873,0.2219129087633703,324.0
1679679660000.0,119139,1679679660000.0,0.0,-0.028912063999999998,1362.639287672981,1351.7467437900023,428.2,0.3376,1292.8,0.3457255444639378,long_rentry,446.9539838829787,0.3280060893050098,30.0
1679767680000.0,120606,1679767680000.0,0.6229244919570911,-0.012888772000000001,1363.249323392938,1369.6485750180022,-184.6,0.3491,1108.2,0.3457255444639378,long_nclose,383.13304837493587,0.2810440040574317,1467.0
1679767920000.0,120610,1679767920000.0,1.2327719375106916,-0.013017656,1364.4690776744487,1369.4323873620021,-184.7,0.3524,923.5,0.3457255444639378,long_nclose,319.27754031244655,0.23399397284738144,4.0
1679768100000.0,120613,1679768100000.0,1.0271987069999755,-0.010846872,1365.4854295094487,1370.4681704900022,-153.9,0.3524,769.6,0.3457255444639378,long_nclose,266.07037901944653,0.19485405942048933,3.0
1679768160000.0,120614,1679768160000.0,0.8556651997231763,-0.009035536,1366.332059173172,1370.6130549540023,-128.2,0.3524,641.4,0.3457255444639378,long_nclose,221.74836421916967,0.16229463601502508,1.0
1679768220000.0,120615,1679768220000.0,0.7134992968050512,-0.0075343120000000005,1367.0380241579771,1370.6589706420025,-106.9,0.3524,534.5,0.3457255444639378,long_nclose,184.79030351597473,0.13517568659423043,1.0
1679769300000.0,120633,1679769300000.0,0.5940265427095375,-0.00627272,1367.6257779806867,1370.7774479220025,-89.0,0.3524,445.5,0.3457255444639378,long_nclose,154.02073005868428,0.11261906037344327,18.0
1679769600000.0,120638,1679769600000.0,0.4952446007758166,-0.005229616,1368.1157929654626,1370.8167983060025,-74.2,0.3524,371.3,0.3457255444639378,long_nclose,128.3678946594601,0.09382823831103942,5.0
1679769960000.0,120644,1679769960000.0,0.7401046007758185,-0.005278588000000001,1368.8506189782383,1371.3683797180024,-74.2,0.3557,297.1,0.3457255444639378,long_nclose,102.71505926023592,0.07503744954793264,6.0
1679770020000.0,120645,1679770020000.0,0.5924826588420973,-0.004225716,1369.4388759210804,1371.7860340020025,-59.4,0.3557,237.7,0.3457255444639378,long_nclose,82.178961919078,0.06000922229099469,1.0
1679770140000.0,120647,1679770140000.0,0.47378663796295656,-0.00337915,1369.9092834090434,1371.5972048520025,-47.5,0.3557,190.2,0.3457255444639378,long_nclose,65.75699855704096,0.0480009876226282,2.0
1679770260000.0,120649,1679770260000.0,0.37902931037036525,-0.0027033200000000004,1370.285609399414,1371.6515215320026,-38.0,0.3557,152.2,0.3457255444639378,long_nclose,52.619427867411325,0.03840033603686025,2.0
1679770440000.0,120652,1679770440000.0,0.30322344829629216,-0.002162656,1370.58667019171,1371.6310388760023,-30.4,0.3557,121.8,0.3457255444639378,long_nclose,42.10937131570762,0.030723610721981993,3.0
1679770920000.0,120660,1679770920000.0,0.05871552632748312,-0.001214868,1370.6441708500374,1371.0069040080023,-17.4,0.3491,104.4,0.3457255444639378,long_nclose,36.0937468420351,0.026333418701697545,8.0
1679771160000.0,120664,1679771160000.0,0.11613552632748259,-0.0012263519999999998,1370.759080024365,1371.3310576560023,-17.4,0.3524,87.0,0.3457255444639378,long_nclose,30.078122368362585,0.021942676000970173,4.0
1679771220000.0,120665,1679771220000.0,0.09677960527290216,-0.00102196,1370.854837669638,1371.2734856960026,-14.5,0.3524,72.5,0.3457255444639378,long_nclose,25.06510197363549,0.018284286041725974,1.0
1679771700000.0,120673,1679771700000.0,0.034756892021441166,-0.0007191460000000002,1370.8888754156596,1371.0179065500026,-10.3,0.3491,62.2,0.3457255444639378,long_nclose,21.50412886565693,0.01568626695518029,8.0
1679773320000.0,120700,1679773320000.0,0.0,-0.00946232,1370.8794130956596,1370.5023842300027,138.5,0.3416,200.7,0.34287856933561006,long_ientry_partial,68.81572886565694,0.050198236408161005,27.0
1679776260000.0,120749,1679776260000.0,0.09499291700155246,-0.0019802640000000002,1370.9724257486612,1371.4235739660028,-28.6,0.3462,172.1,0.34287856933561006,long_nclose,59.00940178265849,0.04304200483859813,49.0
1679778000000.0,120778,1679778000000.0,0.08137505127755368,-0.00169638,1371.0521044199386,1371.5275875860025,-24.5,0.3462,147.6,0.34287856933561006,long_nclose,50.608876833936044,0.03691243875472371,29.0
1679778420000.0,120785,1679778420000.0,0.06975004395218887,-0.00145404,1371.1204004238907,1371.5662135460025,-21.0,0.3462,126.6,0.34287856933561006,long_nclose,43.40842687788823,0.031659091983802616,7.0
1679778900000.0,120793,1679778900000.0,0.05978575195901903,-0.0012463200000000002,1371.1789398558496,1371.6048072260023,-18.0,0.3462,108.6,0.34287856933561006,long_nclose,37.23661262984725,0.027156639842909117,8.0
1679780520000.0,120820,1679780520000.0,0.051482175298044164,-0.0010732200000000002,1371.2293488111477,1371.5665040060023,-15.5,0.3462,93.1,0.34287856933561006,long_nclose,31.921994805145296,0.023279836325572803,27.0
1679781780000.0,120841,1679781780000.0,0.044175027836386285,-0.0009208920000000001,1371.272602946984,1371.5615931140023,-13.3,0.3462,79.8,0.34287856933561006,long_nclose,27.36170983298168,0.019953516007086402,21.0
1679783520000.0,120870,1679783520000.0,0.037864309574045386,-0.0007893360000000001,1371.309677920558,1371.5710637780023,-11.4,0.3462,68.4,0.34287856933561006,long_nclose,23.45289414255573,0.017102551320223668,29.0
1679787540000.0,120937,1679787540000.0,0.032217877444582474,-0.000671628,1371.3412241700025,1371.5596721500021,-9.7,0.3462,58.7,0.34287856933561006,long_nclose,20.126972020000313,0.014676851877024307,67.0
1679788800000.0,120958,1679788800000.0,0.027567874514436555,-0.000574692,1371.368217352517,1371.5608174580022,-8.3,0.3462,50.4,0.34287856933561006,long_nclose,17.281079894514747,0.012601341985215748,21.0
1679789340000.0,120967,1679789340000.0,0.023914300783607612,-0.000498528,1371.3916331253006,1371.5437589300022,-7.2,0.3462,43.2,0.34287856933561006,long_nclose,14.812354195298356,0.010800965849224332,9.0
1679790000000.0,120978,1679790000000.0,0.02026072705277867,-0.000422364,1371.4114714883533,1371.5421165660023,-6.1,0.3462,37.1,0.34287856933561006,long_nclose,12.720794922351134,0.009275695286802306,11.0
1679791200000.0,120998,1679791200000.0,0.017603582521266713,-0.000366972,1371.4287080988747,1371.5375095940024,-5.3,0.3462,31.8,0.34287856933561006,long_nclose,10.903538504872401,0.007950496034159362,20.0
1679791620000.0,121005,1679791620000.0,0.03509358252126655,-0.00037046999999999997,1371.463431211396,1371.6547991240025,-5.3,0.3495,26.5,0.34287856933561006,long_nclose,9.086282087393666,0.0066252456176449925,7.0
1679794260000.0,121049,1679794260000.0,0.052583582521266686,-0.000373968,1371.5156408259172,1371.7132551560023,-5.3,0.3528,21.2,0.34287856933561006,long_nclose,7.269025669914933,0.005299994731038996,44.0
1679795400000.0,121068,1679795400000.0,0.023175007325364705,-0.00024465,1371.5385711832425,1371.6610805060022,-3.5,0.3495,17.7,0.34287856933561006,long_nclose,6.068950677240298,0.004424921620690946,19.0
1679795820000.0,121075,1679795820000.0,0.019202148926730753,-0.00020271,1371.5575706221694,1371.6526077960023,-2.9,0.3495,14.8,0.34287856933561006,long_nclose,5.0746028261670295,0.003699883209324619,7.0
1679795880000.0,121076,1679795880000.0,0.015891433594535796,-0.00016775999999999998,1371.5732942957638,1371.6566400360023,-2.4,0.3495,12.4,0.34287856933561006,long_nclose,4.251694259761565,0.0030998666111712266,1.0
1679796180000.0,121081,1679796180000.0,0.013242861328779831,-0.0001398,1371.5863973570927,1371.6625402360023,-2.0,0.3495,10.4,0.34287856933561006,long_nclose,3.5659371210903448,0.002599863288205207,5.0
1679796960000.0,121094,1679796960000.0,0.011256432129462856,-0.00011883,1371.597534959222,1371.656011406002,-1.7,0.3495,8.7,0.34287856933561006,long_nclose,2.983043553219807,0.0021748679748892184,13.0
1679798700000.0,121123,1679798700000.0,0.009270002930145882,-9.786e-05,1371.606707102152,1371.657233546002,-1.4,0.3495,7.3,0.34287856933561006,long_nclose,2.5030135561499534,0.0018248770169972189,29.0
1679799300000.0,121133,1679799300000.0,0.007945716797267898,-8.387999999999999e-05,1371.6145689389493,1371.654959666002,-1.2,0.3495,6.1,0.34287856933561006,long_nclose,2.0915592729472214,0.0015248884929570305,10.0
1679799360000.0,121134,1679799360000.0,0.006621430664389916,-6.99e-05,1371.6211204696137,1371.6569297660021,-1.0,0.3495,5.1,0.34287856933561006,long_nclose,1.7486807036116112,0.001274900683224315,1.0
1679800200000.0,121148,1679800200000.0,0.005297144531511933,-5.592000000000001e-05,1371.6263616941453,1371.6569838460023,-0.8,0.3495,4.3,0.34287856933561006,long_nclose,1.4743778481431231,0.0010749121548831021,14.0
1679803020000.0,121195,1679803020000.0,0.004635001465072941,-4.893e-05,1371.6309477656102,1371.655144916002,-0.7,0.3495,3.6,0.34287856933561006,long_nclose,1.2343628496081962,0.0008999234463315193,47.0
1679804760000.0,121224,1679804760000.0,0.006945001465072958,-4.9392e-05,1371.6378433750754,1371.667775524002,-0.7,0.3528,2.9,0.34287856933561006,long_nclose,0.9943478510732692,0.0007249346872980407,29.0
1679805360000.0,121234,1679805360000.0,0.00496071533219497,-3.528e-05,1371.6427688104075,1371.668500244002,-0.5,0.3528,2.4,0.34287856933561006,long_nclose,0.8229085664054642,0.0005999437937613689,10.0
1679805660000.0,121239,1679805660000.0,0.003968572265755976,-2.8224e-05,1371.646709158673,1371.6679520200018,-0.4,0.3528,2.0,0.34287856933561006,long_nclose,0.6857571386712201,0.0004999517252455211,5.0
1679806080000.0,121246,1679806080000.0,0.003968572265755976,-2.8224e-05,1371.6506495069386,1371.6670037960016,-0.4,0.3528,1.6,0.34287856933561006,long_nclose,0.5486057109369761,0.00039996023122518915,7.0
1679807520000.0,121270,1679807520000.0,0.0029764291993169822,-2.1168e-05,1371.653604768138,1371.6659826280018,-0.3,0.3528,1.3,0.34287856933561006,long_nclose,0.4457421401362931,0.00032496698771964413,24.0
1679808540000.0,121287,1679808540000.0,0.001984286132877988,-1.4112e-05,1371.655574942271,1371.6670385160019,-0.2,0.3528,1.1,0.34287856933561006,long_nclose,0.3771664262691711,0.00027497167157655077,17.0
1679809680000.0,121306,1679809680000.0,0.001984286132877988,-1.4112e-05,1371.657545116404,1371.667014404002,-0.2,0.3528,0.9,0.34287856933561006,long_nclose,0.30859071240204905,0.00022497649905455148,19.0
1679811000000.0,121328,1679811000000.0,0.000992143066438994,-7.056e-06,1371.6585302034705,1371.667107348002,-0.1,0.3528,0.8,0.34287856933561006,long_nclose,0.27430285546848804,0.00019997896665126868,22.0
1679812620000.0,121355,1679812620000.0,0.0026442861328779934,-1.4244000000000001e-05,1371.6611602456032,1371.6690931040018,-0.2,0.3561,0.6,0.34287856933561006,long_nclose,0.20572714160136604,0.00014998393740661833,27.0
1679812680000.0,121356,1679812680000.0,0.0013221430664389967,-7.122000000000001e-06,1371.6624752666698,1371.6690859820021,-0.1,0.3561,0.5,0.34287856933561006,long_nclose,0.17143928466780503,0.00012498649468009607,1.0
1679812740000.0,121357,1679812740000.0,0.0013221430664389967,-7.122000000000001e-06,1371.6637902877364,1371.6689988600021,-0.1,0.3561,0.4,0.34287856933561006,long_nclose,0.13715142773424402,9.998909988392528e-05,1.0
1679812800000.0,121358,1679812800000.0,0.0013221430664389967,-7.122000000000001e-06,1371.665105308803,1371.6691017380024,-0.1,0.3561,0.3,0.34287856933561006,long_nclose,0.10286357080068302,7.499175301796814e-05,1.0
1679812920000.0,121360,1679812920000.0,0.0013221430664389967,-7.122000000000001e-06,1371.6664203298697,1371.6692846160026,-0.1,0.3561,0.2,0.34287856933561006,long_nclose,0.06857571386712201,4.999445408208678e-05,2.0
1679813160000.0,121364,1679813160000.0,0.0013221430664389967,-7.122000000000001e-06,1371.6677353509363,1371.6690974940027,-0.1,0.3561,0.1,0.34287856933561006,long_nclose,0.034287856933561005,2.499720307614335e-05,4.0
1679813340000.0,121367,1679813340000.0,0.0013221430664389967,-7.122000000000001e-06,1371.6690503720029,1371.6690503720029,-0.1,0.3561,0.0,0.34287856933561006,long_nclose,0.0,0.0,3.0
1679841240000.0,121832,1679841240000.0,0.0,-0.013714704000000001,1371.6553356680029,1371.7316556680028,190.8,0.3594,190.8,0.3594,long_ientry_normal,68.57352,0.049993258668442654,465.0
1679896320000.0,122750,1679896320000.0,0.0,-0.013713518000000003,1371.6416221500028,1369.6758321500029,196.3,0.3493,387.1,0.3542782485145957,long_rentry,137.14111,0.09998319370407836,918.0
1679926980000.0,123261,1679926980000.0,0.0,-0.013716512,1371.6279056380029,1366.2622856380028,199.6,0.3436,586.7,0.3506454235554798,long_rentry,205.72367,0.14998504270318788,511.0
1679927100000.0,123263,1679927100000.0,0.0,-0.019725928,1371.6081797100028,1366.5896297100028,290.6,0.3394,877.3,0.3469204491052092,long_rentry,304.35331,0.22189522817248655,2.0
1679929200000.0,123298,1679929200000.0,0.0,-0.02910281,1371.5790769000027,1360.2464569000026,434.5,0.3349,1311.8,0.3429389846013112,long_rentry,449.8673600000001,0.3279922882877269,35.0
1679929380000.0,123301,1679929380000.0,0.0,-0.04284121800000001,1371.5362356820028,1358.4846356820026,649.7,0.3297,1961.5,0.3385538873311242,long_rentry,664.0734500000001,0.48418221314421667,3.0
1679958660000.0,123789,1679958660000.0,0.9095607698190022,-0.019154472,1372.4266419798219,1378.5568512100028,-280.2,0.3418,1681.3,0.3385538873311242,long_nclose,569.210650769819,0.4147475962348652,488.0
1679959080000.0,123796,1679959080000.0,0.7793916517970823,-0.016413236,1373.189620395619,1377.435557974003,-240.1,0.3418,1441.2,0.3385538873311242,long_nclose,487.9238624216162,0.3553215485863083,7.0
1679959200000.0,123798,1679959200000.0,0.668049987254642,-0.014068488,1373.8436018948735,1378.2244694860026,-205.8,0.3418,1235.4,0.3385538873311242,long_nclose,418.2494724088709,0.30443747150840195,2.0
1679959440000.0,123802,1679959440000.0,0.5726142747896932,-0.012058704,1374.404157465663,1377.9476907820026,-176.4,0.3418,1059.0,0.3385538873311242,long_nclose,358.52856668366053,0.26086109004848357,4.0
1679960220000.0,123815,1679960220000.0,0.49081223553402265,-0.010336031999999998,1374.8846336691972,1378.1037947500026,-151.2,0.3418,907.8,0.3385538873311242,long_nclose,307.33921891919454,0.22353818741794274,13.0
1679961960000.0,123844,1679961960000.0,0.9904268468009141,-0.010442726000000003,1375.864617789998,1380.8167520240024,-151.3,0.3451,756.5,0.3385538873311242,long_nclose,256.1160157659954,0.18614914029651072,29.0
1679962020000.0,123845,1679962020000.0,0.8248101962783554,-0.008696520000000001,1376.6807314662763,1380.4297555040025,-126.0,0.3451,630.5,0.3385538873311242,long_nclose,213.4582259622738,0.15505281731874282,1.0
1679963940000.0,123877,1679963940000.0,0.292150140198823,-0.006152400000000001,1376.966729206475,1378.7212531040025,-90.0,0.3418,540.5,0.3385538873311242,long_nclose,182.9883761024726,0.13289237293912398,32.0
1679964000000.0,123878,1679964000000.0,0.25059989803721266,-0.0052773920000000005,1377.2120517125124,1378.8086357120026,-77.2,0.3418,463.3,0.3385538873311242,long_nclose,156.85201600050985,0.11389096966256587,1.0
1679964600000.0,123888,1679964600000.0,0.21456804741269112,-0.004518596,1377.4221011639252,1378.7511771160027,-66.1,0.3418,397.2,0.3385538873311242,long_nclose,134.47360404792252,0.09762701203523015,10.0
1679964900000.0,123893,1679964900000.0,0.1840545883252585,-0.0038760120000000003,1377.6022797402504,1378.5713811040027,-56.7,0.3418,340.5,0.3385538873311242,long_nclose,115.27759863624779,0.08367988376005273,5.0
1679964960000.0,123894,1679964960000.0,0.15776107570736445,-0.003322296,1377.7567185199578,1378.5291188080025,-48.6,0.3418,291.9,0.3385538873311242,long_nclose,98.82387971195514,0.07172810582852085,1.0
1679967420000.0,123935,1679967420000.0,0.13536289829212134,-0.0028506120000000006,1377.88923080625,1378.8265081960028,-41.7,0.3418,250.2,0.3385538873311242,long_nclose,84.70618261024727,0.06147532088677607,41.0
1679968620000.0,123955,1679968620000.0,0.11588622227886647,-0.002440452,1378.002676576529,1378.7204177440028,-35.7,0.3418,214.5,0.3385538873311242,long_nclose,72.61980883252613,0.052699323496918554,20.0
1680017400000.0,124768,1680017400000.0,0.09933104766759983,-0.0020918160000000002,1378.0999158081966,1378.917555928003,-30.6,0.3418,183.9,0.3385538873311242,long_nclose,62.26005988019374,0.04517819003252814,813.0
1680019800000.0,124808,1680019800000.0,0.08504815192454625,-0.001791032,1378.1831729281212,1378.695084896003,-26.2,0.3418,157.7,0.3385538873311242,long_nclose,53.389948032118276,0.03873937012210409,40.0
1680019860000.0,124809,1680019860000.0,0.07303753504970575,-0.0015381000000000001,1378.2546723631708,1378.7746667960027,-22.5,0.3418,135.2,0.3385538873311242,long_nclose,45.77248556716798,0.03321047008582671,1.0
1680021960000.0,124844,1680021960000.0,0.06264997450930317,-0.0013193480000000001,1378.31600298968,1378.7385874480028,-19.3,0.3418,115.9,0.3385538873311242,long_nclose,39.23839554167729,0.02846835954640736,35.0
1680022080000.0,124846,1680022080000.0,0.053560859036450886,-0.00112794,1378.3684359087165,1378.7010395080029,-16.5,0.3418,99.4,0.3385538873311242,long_nclose,33.652256400713746,0.02441455820085421,2.0
1680022260000.0,124849,1680022260000.0,0.04609479989803652,-0.000970712,1378.4135599966146,1378.7156887960027,-14.2,0.3418,85.2,0.3385538873311242,long_nclose,28.84479120061178,0.020926079108422747,3.0
1680022800000.0,124858,1680022800000.0,0.03927796329339731,-0.000827156,1378.452010803908,1378.6600616400028,-12.1,0.3418,73.1,0.3385538873311242,long_nclose,24.748289163905177,0.017953682079561165,9.0
1680022920000.0,124860,1680022920000.0,0.03375957175630844,-0.000710944,1378.4850594316642,1378.6572406960026,-10.4,0.3418,62.7,0.3385538873311242,long_nclose,21.227328735661487,0.015399027062660588,2.0
1680023280000.0,124866,1680023280000.0,0.02889040275299472,-0.000608404,1378.513341430417,1378.6987422920026,-8.9,0.3418,53.8,0.3385538873311242,long_nclose,18.21419913841448,0.013212929168690149,6.0
1680024480000.0,124886,1680024480000.0,0.024670456283456165,-0.000519536,1378.5374923507006,1378.6967027560027,-7.6,0.3418,46.2,0.3385538873311242,long_nclose,15.641189594697938,0.011346219947943796,20.0
1680025020000.0,124895,1680025020000.0,0.021424343614580354,-0.000451176,1378.5584655183152,1378.6909715800027,-6.6,0.3418,39.6,0.3385538873311242,long_nclose,13.406733938312518,0.009725183424318393,9.0
1680025200000.0,124898,1680025200000.0,0.018178230945704543,-0.00038281599999999996,1378.576260933261,1378.7002287640028,-5.6,0.3418,34.0,0.3385538873311242,long_nclose,11.510832169258222,0.008349797175141898,3.0
1680025560000.0,124904,1680025560000.0,0.015581340810603894,-0.000328128,1378.5915141460714,1378.6833806360025,-4.8,0.3418,29.2,0.3385538873311242,long_nclose,9.885773510068827,0.007170922937380971,6.0
1680025680000.0,124906,1680025680000.0,0.013309061942390826,-0.000280276,1378.6045429320138,1378.6910403600027,-4.1,0.3418,25.1,0.3385538873311242,long_nclose,8.497702572011217,0.006163988516923293,2.0
1680026100000.0,124913,1680026100000.0,0.01136139434106534,-0.00023925999999999998,1378.615665066355,1378.6857811000027,-3.5,0.3418,21.6,0.3385538873311242,long_nclose,7.312763966352283,0.005304425411414651,7.0
1680026280000.0,124916,1680026280000.0,0.009738338006627434,-0.00020507999999999998,1378.6251983243617,1378.6855760200028,-3.0,0.3418,18.6,0.3385538873311242,long_nclose,6.29710230435891,0.00456766807397157,3.0
1680027300000.0,124933,1680027300000.0,0.00843989293907711,-0.000177736,1378.6334604813007,1378.6869982840028,-2.6,0.3418,16.0,0.3385538873311242,long_nclose,5.416862197297987,0.003929153290249377,17.0
1680028980000.0,124961,1680028980000.0,0.007141447871526785,-0.00015039200000000003,1378.6404515371723,1378.6935278920027,-2.2,0.3418,13.8,0.3385538873311242,long_nclose,4.672043645169514,0.003388877527828394,28.0
1680029100000.0,124963,1680029100000.0,0.015056059138414422,-0.000158746,1378.655348850311,1378.739829146003,-2.3,0.3451,11.5,0.3385538873311242,long_nclose,3.8933697043079283,0.0028240340905757843,2.0
1680029580000.0,124971,1680029580000.0,0.02241605913841438,-0.000160218,1378.6776046914492,1378.771868928003,-2.3,0.3483,9.2,0.3385538873311242,long_nclose,3.1146957634463424,0.002259190802002922,8.0
1680029760000.0,124974,1680029760000.0,0.01754300280397647,-0.000125388,1378.6950223062531,1378.7664035400028,-1.8,0.3483,7.4,0.3385538873311242,long_nclose,2.505298766250319,0.0018171522531933901,3.0
1680029820000.0,124975,1680029820000.0,0.013644557736426144,-9.7524e-05,1378.7085693399895,1378.7640460160028,-1.4,0.3483,6.0,0.3385538873311242,long_nclose,2.031323323986745,0.001473352214644733,1.0
1680029940000.0,124977,1680029940000.0,0.01169533520265098,-8.359200000000001e-05,1378.720181083192,1378.7674424240026,-1.2,0.3483,4.8,0.3385538873311242,long_nclose,1.625058659189396,0.0011786718447195485,2.0
1680030480000.0,124986,1680030480000.0,0.008771501401988235,-6.2694e-05,1378.728889890594,1378.7668997300027,-0.9,0.3483,3.9,0.3385538873311242,long_nclose,1.3203601605913842,0.0009576648246604584,9.0
1680030720000.0,124990,1680030720000.0,0.006822278868213072,-4.8762e-05,1378.7356634074622,1378.7668509680027,-0.7,0.3483,3.2,0.3385538873311242,long_nclose,1.0833724394595974,0.0007857724059897802,4.0
1680030780000.0,124991,1680030780000.0,0.00584766760132549,-4.1796000000000004e-05,1378.7414692790635,1378.7670691720025,-0.6,0.3483,2.6,0.3385538873311242,long_nclose,0.8802401070609229,0.0006384373913995607,1.0
1680033000000.0,125028,1680033000000.0,0.0048730563344379085,-3.4830000000000004e-05,1378.746307505398,1378.7671943420025,-0.5,0.3483,2.1,0.3385538873311242,long_nclose,0.7109631633953608,0.0005156591604453507,37.0
1680033300000.0,125033,1680033300000.0,0.006523056334437921,-3.516e-05,1378.7527954017323,1378.7730291820026,-0.5,0.3516,1.6,0.3385538873311242,long_nclose,0.5416862197297987,0.00039288132110148544,5.0
1680033420000.0,125035,1680033420000.0,0.005218445067550337,-2.8128000000000006e-05,1378.7579857188,1378.7729210540026,-0.4,0.3516,1.2,0.3385538873311242,long_nclose,0.406264664797349,0.0002946598815785263,2.0
1680033600000.0,125038,1680033600000.0,0.0039138338006627525,-2.1096000000000003e-05,1378.7618784566007,1378.7735299580027,-0.3,0.3516,0.9,0.3385538873311242,long_nclose,0.3046984985980118,0.00022099428723623707,3.0
1680035100000.0,125063,1680035100000.0,0.0009746112668875817,-6.966e-06,1378.7628461018676,1378.7708029920027,-0.1,0.3483,0.8,0.3385538873311242,long_nclose,0.27084310986489935,0.00019643922856686012,25.0
1680036420000.0,125085,1680036420000.0,0.0009746112668875817,-6.966e-06,1378.7638137471345,1378.7707760260027,-0.1,0.3483,0.7,0.3385538873311242,long_nclose,0.2369877211317869,0.00017188420436399014,22.0
1680037080000.0,125096,1680037080000.0,0.0009746112668875817,-6.966e-06,1378.7647813924013,1378.7706890600027,-0.1,0.3483,0.6,0.3385538873311242,long_nclose,0.2031323323986745,0.0001473292146275546,11.0
1680037440000.0,125102,1680037440000.0,0.0009746112668875817,-6.966e-06,1378.7657490376682,1378.7709720940027,-0.1,0.3483,0.5,0.3385538873311242,long_nclose,0.1692769436655621,0.00012277425935748089,6.0
1680040320000.0,125150,1680040320000.0,0.0006546112668875837,-6.902000000000002e-06,1378.766396746935,1378.7690151920026,-0.1,0.3451,0.4,0.3385538873311242,long_nclose,0.13542155493244967,9.821936134501366e-05,48.0
1680040440000.0,125152,1680040440000.0,0.0006546112668875837,-6.902000000000002e-06,1378.7670444562018,1378.7690982900024,-0.1,0.3451,0.3,0.3385538873311242,long_nclose,0.10156616619933725,7.366448640306446e-05,2.0
1680040800000.0,125158,1680040800000.0,0.0006546112668875837,-6.902000000000002e-06,1378.7676921654686,1378.7690213880023,-0.1,0.3451,0.2,0.3385538873311242,long_nclose,0.06771077746622484,4.91096345316008e-05,6.0
1680040920000.0,125160,1680040920000.0,0.0006546112668875837,-6.902000000000002e-06,1378.7683398747354,1378.7690844860022,-0.1,0.3451,0.1,0.3385538873311242,long_nclose,0.03385538873311242,2.455480573059015e-05,2.0
1680043620000.0,125205,1680043620000.0,0.0006546112668875837,-6.902000000000002e-06,1378.7689875840022,1378.7689875840022,-0.1,0.3451,0.0,0.3385538873311242,long_nclose,0.0,0.0,45.0
1680109200000.0,126298,1680109200000.0,0.0,-0.013784826000000002,1378.7552027580023,1378.8498527580023,189.3,0.3641,189.3,0.3641,long_ientry_normal,68.92413,0.04999011417119381,1093.0
1680117660000.0,126439,1680117660000.0,0.09450000000000008,-0.00198504,1378.8477177180023,1379.3833077180022,-27.0,0.3676,162.3,0.3641,long_nclose,59.09343,0.042857111224580934,141.0
1680118980000.0,126461,1680118980000.0,0.08085000000000007,-0.001698312,1378.9268694060024,1379.4419094060024,-23.1,0.3676,139.2,0.3641,long_nclose,50.682719999999996,0.03675519066637123,22.0
1680119220000.0,126465,1680119220000.0,0.06930000000000007,-0.001455696,1378.9947137100025,1379.4126137100025,-19.8,0.3676,119.4,0.3641,long_nclose,43.47354,0.03152553056787303,4.0
1680119280000.0,126466,1680119280000.0,0.05950000000000005,-0.0012498400000000001,1379.0529638700027,1379.4625638700027,-17.0,0.3676,102.4,0.3641,long_nclose,37.28384,0.027035828917963575,1.0
1680120300000.0,126483,1680120300000.0,0.05110000000000004,-0.001073392,1379.1029904780025,1379.4278504780025,-14.6,0.3676,87.8,0.3641,long_nclose,31.967979999999997,0.02318027023414674,17.0
1680120480000.0,126486,1680120480000.0,0.04375000000000004,-0.000919,1379.1458214780025,1379.4169014780025,-12.5,0.3676,75.3,0.3641,long_nclose,27.416729999999998,0.019879500465453354,3.0
1680120720000.0,126490,1680120720000.0,0.03745000000000003,-0.000786664,1379.1824848140025,1379.4215048140024,-10.7,0.3676,64.6,0.3641,long_nclose,23.520859999999995,0.01705420439933446,4.0
1680120900000.0,126493,1680120900000.0,0.03220000000000003,-0.0006763839999999999,1379.2140084300027,1379.4245284300027,-9.2,0.3676,55.4,0.3641,long_nclose,20.171139999999998,0.01462509797370849,3.0
1680121200000.0,126498,1680121200000.0,0.027650000000000025,-0.000580808,1379.2410776220026,1379.4168276220028,-7.9,0.3676,47.5,0.3641,long_nclose,17.29475,0.012539323458824529,5.0
1680121440000.0,126502,1680121440000.0,0.023450000000000023,-0.000492584,1379.2640350380025,1379.4109150380025,-6.7,0.3676,40.8,0.3641,long_nclose,14.855279999999999,0.010770439613174351,4.0
1680121800000.0,126508,1680121800000.0,0.020300000000000016,-0.000426416,1379.2839086220024,1379.4029086220023,-5.8,0.3676,35.0,0.3641,long_nclose,12.7435,0.00923921458108767,6.0
1680121980000.0,126511,1680121980000.0,0.017500000000000016,-0.0003676,1379.3010410220024,1379.4240410220025,-5.0,0.3676,30.0,0.3641,long_nclose,10.923,0.007919228417247137,3.0
1680123540000.0,126537,1680123540000.0,0.014700000000000013,-0.000308784,1379.3154322380024,1379.4083122380023,-4.2,0.3676,25.8,0.3641,long_nclose,9.39378,0.006810465380466426,26.0
1680127140000.0,126597,1680127140000.0,0.0,-0.011915128,1379.3035171100023,1379.1461371100022,163.4,0.3646,189.2,0.36453181818181823,long_ientry_partial,68.96942,0.05000307701999396,60.0
1680143100000.0,126863,1680143100000.0,0.0936409090909075,-0.0019872,1379.3951708190932,1379.8441699100024,-27.0,0.368,162.2,0.36453181818181823,long_nclose,59.127060909090915,0.04286448304294186,266.0
1680143220000.0,126865,1680143220000.0,0.08011499999999865,-0.00170016,1379.4735856590933,1379.9281897500023,-23.1,0.368,139.1,0.36453181818181823,long_nclose,50.706375909090916,0.03675777226634181,2.0
1680143280000.0,126866,1680143280000.0,0.06866999999999883,-0.0014572800000000003,1379.5407983790933,1379.9426224700023,-19.8,0.368,119.3,0.36453181818181823,long_nclose,43.48864590909091,0.03152400129100087,1.0
1680143340000.0,126867,1680143340000.0,0.058959090909089906,-0.0012512,1379.5985062700024,1379.9021512700024,-17.0,0.368,102.3,0.36453181818181823,long_nclose,37.291605000000004,0.02703076643713155,1.0
1680143400000.0,126868,1680143400000.0,0.050635454545453686,-0.00107456,1379.648067164548,1380.0311567100025,-14.6,0.368,87.7,0.36453181818181823,long_nclose,31.96944045454546,0.02317217065381684,1.0
1680143940000.0,126877,1680143940000.0,0.10173545454545373,-0.00108478,1379.7487178390934,1380.3019519300024,-14.6,0.3715,73.1,0.36453181818181823,long_nclose,26.64727590909091,0.019313136924544345,9.0
1680145620000.0,126905,1680145620000.0,0.0,-0.008486688,1379.7402311510934,1379.3083652420025,116.8,0.3633,189.9,0.36377417540332235,long_ientry_partial,69.08071590909091,0.05006791448811931,28.0
1680145860000.0,126909,1680145860000.0,0.0,-0.01380064,1379.7264305110934,1378.8151346020024,195.2,0.3535,385.1,0.3585663877151153,long_rentry,138.0839159090909,0.10008064849344109,4.0
1680150420000.0,126985,1680150420000.0,0.1888486756686586,-0.003982,1379.911297186762,1381.0777426020024,-55.0,0.362,330.1,0.3585663877151153,long_nclose,118.36276458475956,0.08577563269904871,76.0
1680150900000.0,126993,1680150900000.0,0.16172313861806945,-0.00341004,1380.0696102853801,1381.0696225620025,-47.1,0.362,283.0,0.3585663877151153,long_nclose,101.47428772337763,0.07352838361710906,8.0
1680151020000.0,126995,1680151020000.0,0.13871793630934195,-0.00292496,1380.2054032616895,1380.9413576020027,-40.4,0.362,242.6,0.3585663877151153,long_nclose,86.98820565968697,0.06302555072898366,2.0
1680151920000.0,127010,1680151920000.0,0.11880298505701069,-0.00250504,1380.3217012067466,1381.0358925620026,-34.6,0.362,208.0,0.3585663877151153,long_nclose,74.58180864474397,0.05403219306016909,15.0
1680151980000.0,127011,1680151980000.0,0.10197828486107564,-0.0021502799999999996,1380.4215292116078,1381.0694022820028,-29.7,0.362,178.3,0.3585663877151153,long_nclose,63.93238692960506,0.04631366982961965,1.0
1680192360000.0,127684,1680192360000.0,0.0,-0.013807569999999998,1380.4077216416078,1378.4246847120028,198.1,0.3485,376.4,0.35326842967482747,long_rentry,132.97023692960505,0.09632678435866343,673.0
1680225660000.0,128239,1680225660000.0,0.18427532646176598,-0.0038309580000000006,1380.5881660100697,1381.5987237540028,-53.7,0.3567,322.7,0.35326842967482747,long_nclose,113.99972225606682,0.08257330104858752,555.0
1680226020000.0,128245,1680226020000.0,0.15819539199045457,-0.0032887740000000004,1380.74307262806,1381.6922449800027,-46.1,0.3567,276.6,0.35326842967482747,long_nclose,97.71404764805729,0.07076917464599092,6.0
1680226080000.0,128246,1680226080000.0,0.13554702784431574,-0.00281793,1380.8758017259042,1382.0213670500027,-39.5,0.3567,237.1,0.35326842967482747,long_nclose,83.7599446759016,0.060657116716226915,1.0
1680226380000.0,128251,1680226380000.0,0.11598707699083219,-0.002411292,1380.989377510895,1381.6870157580026,-33.8,0.3567,203.3,0.35326842967482747,long_nclose,71.81947175289243,0.05200581041567484,5.0
1680226500000.0,128253,1680226500000.0,0.09951553943000396,-0.00206886,1381.0868241903252,1381.7720968980027,-29.0,0.3567,174.3,0.35326842967482747,long_nclose,61.57468729232243,0.04458422614264035,2.0
1680230880000.0,128326,1680230880000.0,0.0854461010967965,-0.0017763660000000001,1381.1704939254219,1381.7578705320027,-24.9,0.3567,149.4,0.35326842967482747,long_nclose,52.77830339341923,0.038212735955152156,73.0
1680239280000.0,128466,1680239280000.0,0.07309244792617532,-0.001519542,1381.242066831348,1381.6560309900026,-21.3,0.3567,128.1,0.35326842967482747,long_nclose,45.253685841345394,0.032763037651437926,140.0
1680241980000.0,128511,1680241980000.0,0.0,-0.004781256000000001,1381.237285575348,1381.0145297340027,67.8,0.3526,195.9,0.35303708954234503,long_ientry_partial,69.1599658413454,0.05007102440949321,45.0
1680269700000.0,128973,1680269700000.0,0.09382520176857355,-0.001988712,1381.3291220651167,1381.9444910220027,-27.9,0.3564,168.0,0.35303708954234503,long_nclose,59.310231043113966,0.04293707422489138,462.0
1680270000000.0,128978,1680270000000.0,0.08070985098371919,-0.00171072,1381.4081211961006,1381.949980302003,-24.0,0.3564,144.0,0.35303708954234503,long_nclose,50.837340894097686,0.03680110179899613,5.0
1680272580000.0,129021,1680272580000.0,0.16230985098371953,-0.0017270400000000002,1381.5687040070843,1382.332253262003,-24.0,0.3598,120.0,0.35303708954234503,long_nclose,42.364450745081406,0.030664020270731444,43.0
1680273240000.0,129032,1680273240000.0,0.1352582091530996,-0.0014392,1381.7025230162374,1382.368814062003,-20.0,0.3598,100.0,0.35303708954234503,long_nclose,35.3037089542345,0.025550875362930506,11.0
1680273300000.0,129033,1680273300000.0,0.11226431359707269,-0.0011945360000000002,1381.8135927938345,1382.435999526003,-16.6,0.3598,83.4,0.35303708954234503,long_nclose,29.443293267831578,0.021307717206849403,1.0
1680274980000.0,129061,1680274980000.0,0.1687043135970729,-0.0012058240000000003,1381.9810912834316,1382.686693702003,-16.6,0.3632,66.8,0.35303708954234503,long_nclose,23.582877581428647,0.01706454431987016,28.0
1680276060000.0,129079,1680276060000.0,0.07506830607997028,-0.0007987560000000001,1382.0553608335117,1382.4431949460031,-11.1,0.3598,55.7,0.35303708954234503,long_nclose,19.66416588750862,0.014228204198455007,18.0
1680276420000.0,129085,1680276420000.0,0.06221877621042581,-0.000662032,1382.116917577722,1382.412792914003,-9.2,0.3598,46.5,0.35303708954234503,long_nclose,16.416224663719042,0.011877594764189616,6.0
1680276540000.0,129087,1680276540000.0,0.05207441052394335,-0.0005540920000000001,1382.1684378962461,1382.4308388220031,-7.7,0.3598,38.8,0.35303708954234503,long_nclose,13.697839074242987,0.009910397820320672,2.0
1680276600000.0,129088,1680276600000.0,0.043282626928991874,-0.00046054400000000007,1382.211259979175,1382.456298278003,-6.4,0.3598,32.4,0.35303708954234503,long_nclose,11.438401701171978,0.008275436637192721,1.0
1680277260000.0,129099,1680277260000.0,0.036519716471336894,-0.00038858400000000003,1382.2473911116465,1382.432689694003,-5.4,0.3598,27.0,0.35303708954234503,long_nclose,9.532001417643317,0.0068960169351286555,11.0
1680277500000.0,129103,1680277500000.0,0.03043309705944741,-0.00032382,1382.277500388706,1382.4341658740032,-4.5,0.3598,22.5,0.35303708954234503,long_nclose,7.943334514702763,0.005746555602958916,4.0
1680277740000.0,129107,1680277740000.0,0.025022768693323427,-0.000266252,1382.3022569053992,1382.4387996220032,-3.7,0.3598,18.8,0.35303708954234503,long_nclose,6.637097283396087,0.004801480465100847,4.0
1680278100000.0,129113,1680278100000.0,0.02096502241873044,-0.00022307600000000003,1382.3229988518178,1382.4338865460031,-3.1,0.3598,15.7,0.35303708954234503,long_nclose,5.542682305814817,0.004009686817349251,6.0
1680280800000.0,129158,1680280800000.0,0.01758356718990295,-0.00018709600000000004,1382.3403953230077,1382.426369450003,-2.6,0.3598,13.1,0.35303708954234503,long_nclose,4.624785873004719,0.003345620144395808,45.0
1680280860000.0,129159,1680280860000.0,0.014202111961075459,-0.00015111600000000002,1382.3544463189687,1382.4244383340028,-2.1,0.3598,11.0,0.35303708954234503,long_nclose,3.883407984965795,0.002809270802656156,1.0
1680282000000.0,129178,1680282000000.0,0.012173238823778965,-0.000129528,1382.3664900297927,1382.4305488060031,-1.8,0.3598,9.2,0.35303708954234503,long_nclose,3.247941223789574,0.002349551473661355,19.0
1680282420000.0,129185,1680282420000.0,0.01014436568648247,-0.00010794000000000001,1382.3765264554793,1382.4301408660033,-1.5,0.3598,7.7,0.35303708954234503,long_nclose,2.718385589476057,0.001966458151923491,7.0
1680283980000.0,129211,1680283980000.0,0.008115492549185976,-8.6352e-05,1382.3845555960286,1382.4278645140034,-1.2,0.3598,6.5,0.35303708954234503,long_nclose,2.2947410820252427,0.001659987499669253,26.0
1680291420000.0,129335,1680291420000.0,0.00676291045765498,-7.196000000000001e-05,1382.3912465464862,1382.4295425540033,-1.0,0.3598,5.5,0.35303708954234503,long_nclose,1.9417039924828976,0.0014045980089455112,124.0
1680291540000.0,129337,1680291540000.0,0.006086619411889482,-6.4764e-05,1382.3972684018981,1382.4274577900032,-0.9,0.3598,4.6,0.35303708954234503,long_nclose,1.623970611894787,0.0011747495810463778,2.0
1680292260000.0,129349,1680292260000.0,0.004734037320358486,-5.0372e-05,1382.4019520672184,1382.4294974180032,-0.7,0.3598,3.9,0.35303708954234503,long_nclose,1.3768446492151456,0.0009959799659977602,12.0
1680294120000.0,129380,1680294120000.0,0.004057746274592988,-4.3176e-05,1382.405966637493,1382.4292742420034,-0.6,0.3598,3.3,0.35303708954234503,long_nclose,1.1650223954897385,0.0008427498315299453,31.0
1680295020000.0,129395,1680295020000.0,0.00338145522882749,-3.5980000000000004e-05,1382.409312112722,1382.4288082620035,-0.5,0.3598,2.8,0.35303708954234503,long_nclose,0.9885038507185661,0.0007150587326468785,15.0
1680299280000.0,129466,1680299280000.0,0.002705164183061992,-2.8784000000000004e-05,1382.411988492905,1382.4284594780033,-0.4,0.3598,2.4,0.35303708954234503,long_nclose,0.847289014901628,0.0006129062985234495,71.0
1680299700000.0,129473,1680299700000.0,0.002705164183061992,-2.8784000000000004e-05,1382.414664873088,1382.4283906940034,-0.4,0.3598,2.0,0.35303708954234503,long_nclose,0.7060741790846901,0.0005107542599379983,7.0
1680300600000.0,129488,1680300600000.0,0.002028873137296494,-2.1588e-05,1382.4166721582253,1382.4283391060032,-0.3,0.3598,1.7,0.35303708954234503,long_nclose,0.6001630522219865,0.00043414049056932563,15.0
1680301020000.0,129495,1680301020000.0,0.001352582091530996,-1.4392000000000002e-05,1382.418010348317,1382.4287547140034,-0.2,0.3598,1.5,0.35303708954234503,long_nclose,0.5295556343135175,0.0003830647679279652,7.0
1680308340000.0,129617,1680308340000.0,0.003048873137296498,-2.1792e-05,1382.4210374294541,1382.4337129220032,-0.3,0.3632,1.2,0.35303708954234503,long_nclose,0.423644507450814,0.0003064511433062106,122.0
1680308760000.0,129624,1680308760000.0,0.002032582091530999,-1.4528000000000002e-05,1382.4230554835456,1382.4333183940032,-0.2,0.3632,1.0,0.35303708954234503,long_nclose,0.35303708954234503,0.0002553755799586685,7.0
1680309480000.0,129636,1680309480000.0,0.002032582091530999,-1.4528000000000002e-05,1382.425073537637,1382.433443866003,-0.2,0.3632,0.8,0.35303708954234503,long_nclose,0.28242967163387606,0.00020430016573059996,12.0
1680309900000.0,129643,1680309900000.0,0.000676291045765498,-7.196000000000001e-06,1382.4257426326826,1382.430686670003,-0.1,0.3598,0.7,0.35303708954234503,long_nclose,0.24712596267964151,0.00017876255849302722,7.0
1680310080000.0,129646,1680310080000.0,0.000676291045765498,-7.196000000000001e-06,1382.4264117277282,1382.430529474003,-0.1,0.3598,0.6,0.35303708954234503,long_nclose,0.211822253725407,0.00015322497597588278,3.0
1680313980000.0,129711,1680313980000.0,0.0010162910457654996,-7.264000000000001e-06,1382.427420754774,1382.4326522100027,-0.1,0.3632,0.5,0.35303708954234503,long_nclose,0.17651854477117251,0.00012768738678143219,65.0
1680314220000.0,129715,1680314220000.0,0.0010162910457654996,-7.264000000000001e-06,1382.4284297818197,1382.4326549460027,-0.1,0.3632,0.4,0.35303708954234503,long_nclose,0.14121483581693803,0.00010214983486647848,4.0
1680314460000.0,129719,1680314460000.0,0.0010162910457654996,-7.264000000000001e-06,1382.4294388088654,1382.4330576820028,-0.1,0.3632,0.3,0.35303708954234503,long_nclose,0.1059111268627035,7.661232023094002e-05,4.0
1680314820000.0,129725,1680314820000.0,0.0013562910457654955,-7.332e-06,1382.4307877679112,1382.4335403500027,-0.1,0.3666,0.2,0.35303708954234503,long_nclose,0.07060741790846901,5.107483031571698e-05,6.0
1680315540000.0,129737,1680315540000.0,0.0010162910457654996,-7.264000000000001e-06,1382.4317967949569,1382.4328230860026,-0.1,0.3632,0.1,0.35303708954234503,long_nclose,0.03530370895423451,2.553739651828247e-05,12.0
1680315840000.0,129742,1680315840000.0,0.0010162910457654996,-7.264000000000001e-06,1382.4328058220026,1382.4328058220026,-0.1,0.3632,0.0,0.35303708954234503,long_nclose,0.0,0.0,5.0
1680330120000.0,129980,1680330120000.0,0.0,-0.01382376,1382.4189820620027,1382.2851420620027,191.2,0.3615,191.2,0.3615,long_ientry_normal,69.1188,0.04999844540394191,238.0
1680356580000.0,130421,1680356580000.0,0.0955500000000001,-0.0019929,1382.5125391620027,1382.9386791620027,-27.3,0.365,163.9,0.3615,long_nclose,59.24985,0.0428566456517738,441.0
1680385620000.0,130905,1680385620000.0,0.08190000000000007,-0.0017081999999999998,1382.5927309620026,1382.9720809620026,-23.4,0.365,140.5,0.3615,long_nclose,50.790749999999996,0.036735872294554876,484.0
1680386040000.0,130912,1680386040000.0,0.07000000000000006,-0.00146,1382.6612709620026,1383.1071209620027,-20.0,0.365,120.5,0.3615,long_nclose,43.56075,0.03150500481559891,7.0
1680386160000.0,130914,1680386160000.0,0.06020000000000005,-0.0012556,1382.7202153620026,1383.0817653620027,-17.2,0.365,103.3,0.3615,long_nclose,37.342949999999995,0.027006873541820197,2.0
1680386220000.0,130915,1680386220000.0,0.051450000000000044,-0.0010731,1382.7705922620025,1383.0806922620025,-14.7,0.365,88.6,0.3615,long_nclose,32.0289,0.02316284434976708,1.0
1680386280000.0,130916,1680386280000.0,0.044100000000000035,-0.0009198000000000001,1382.8137724620026,1383.0645724620026,-12.6,0.365,76.0,0.3615,long_nclose,27.474,0.01986818510715617,1.0
1680386520000.0,130920,1680386520000.0,0.037800000000000035,-0.0007884000000000001,1382.8507840620027,1383.1572240620028,-10.8,0.365,65.2,0.3615,long_nclose,23.5698,0.017044355234601512,4.0
1680388020000.0,130945,1680388020000.0,0.07560000000000007,-0.0007959600000000001,1382.9255881020026,1383.3444681020026,-10.8,0.3685,54.4,0.3615,long_nclose,19.665599999999998,0.014220287894875144,25.0
1680388320000.0,130950,1680388320000.0,0.11232000000000023,-0.0008033040000000002,1383.0371047980025,1383.5385047980026,-10.8,0.3719,43.6,0.3615,long_nclose,15.7614,0.011396223532485782,5.0
1680388800000.0,130958,1680388800000.0,0.09048000000000017,-0.0006471059999999999,1383.1269376920025,1383.5038576920024,-8.7,0.3719,34.9,0.3615,long_nclose,12.616349999999999,0.009121613972071617,8.0
1680389160000.0,130964,1680389160000.0,0.12093000000000019,-0.000653196,1383.2472144960025,1383.6244944960024,-8.7,0.3754,26.2,0.3615,long_nclose,9.4713,0.006847149157969528,6.0
1680389520000.0,130970,1680389520000.0,0.09035000000000015,-0.00048802000000000003,1383.3370764760025,1383.6109064760026,-6.5,0.3754,19.7,0.3615,long_nclose,7.121549999999999,0.005148094503576722,6.0
1680389580000.0,130971,1680389580000.0,0.06811000000000011,-0.00036789200000000003,1383.4048185840024,1383.6105385840024,-4.9,0.3754,14.8,0.3615,long_nclose,5.3502,0.00386741460498616,1.0
1680389700000.0,130973,1680389700000.0,0.05143000000000009,-0.000277796,1383.4559707880023,1383.6246907880022,-3.7,0.3754,11.1,0.3615,long_nclose,4.01265,0.002900453707763779,2.0
1680390120000.0,130980,1680390120000.0,0.0643800000000001,-0.00028038600000000004,1383.5200704020024,1383.6495704020024,-3.7,0.3789,7.4,0.3615,long_nclose,2.6751,0.0019335462182508924,7.0
1680390480000.0,130986,1680390480000.0,0.07695999999999995,-0.000282902,1383.5967475000025,1383.6714875000025,-3.7,0.3823,3.7,0.3615,long_nclose,1.33755,0.0009667195318410486,6.0
1680390540000.0,130987,1680390540000.0,0.03743999999999997,-0.000137628,1383.6340498720026,1383.6705298720026,-1.8,0.3823,1.9,0.3615,long_nclose,0.68685,0.0004964101599433312,1.0
1680390720000.0,130990,1680390720000.0,0.018719999999999987,-6.8814e-05,1383.6527010580025,1383.6726010580026,-0.9,0.3823,1.0,0.3615,long_nclose,0.3615,0.00026126498341930816,3.0
1680391020000.0,130995,1680391020000.0,0.010399999999999993,-3.823e-05,1383.6630628280025,1383.6732628280024,-0.5,0.3823,0.5,0.3615,long_nclose,0.18075,0.00013063151344849355,5.0
1680391440000.0,131002,1680391440000.0,0.0017400000000000028,-7.578000000000002e-06,1383.6647952500025,1383.6714752500025,-0.1,0.3789,0.4,0.3615,long_nclose,0.1446,0.00010450507991270637,7.0
1680391500000.0,131003,1680391500000.0,0.0017400000000000028,-7.578000000000002e-06,1383.6665276720025,1383.6719276720025,-0.1,0.3789,0.3,0.3615,long_nclose,0.10844999999999999,7.837871180020913e-05,1.0
1680391800000.0,131008,1680391800000.0,0.0017400000000000028,-7.578000000000002e-06,1383.6682600940026,1383.6718600940026,-0.1,0.3789,0.2,0.3615,long_nclose,0.0723,5.225240911075618e-05,5.0
1680392040000.0,131012,1680392040000.0,0.0020799999999999985,-7.646000000000001e-06,1383.6703324480025,1383.6723924480025,-0.1,0.3823,0.1,0.3615,long_nclose,0.03615,2.6126165425577266e-05,4.0
1680392100000.0,131013,1680392100000.0,0.0020799999999999985,-7.646000000000001e-06,1383.6724048020023,1383.6724048020023,-0.1,0.3823,0.0,0.3615,long_nclose,0.0,0.0,1.0
1680424680000.0,131556,1680424680000.0,0.0,-0.013837915999999999,1383.6585668860023,1383.8249768860023,184.9,0.3742,184.9,0.3742,long_ientry_normal,69.18957999999999,0.05000480729557065,543.0
1680440580000.0,131821,1680440580000.0,0.0,-0.013835148000000002,1383.6447317380023,1381.6657717380024,190.2,0.3637,375.1,0.3688758197813916,long_rentry,138.36532,0.10000061202574645,265.0
1680447720000.0,131940,1680447720000.0,0.0,-0.013839704000000001,1383.6308920340023,1379.5900520340022,193.4,0.3578,568.5,0.36510789797713283,long_rentry,207.56384000000003,0.15001388101047053,119.0
1680447780000.0,131941,1680447780000.0,0.0,-0.019903488000000004,1383.6109885460023,1379.4203385460023,281.6,0.3534,850.1,0.36122959651805675,long_rentry,307.08128000000005,0.22194192048351907,1.0
1680486180000.0,132581,1680486180000.0,0.0,-0.029360540000000004,1383.5816280060023,1372.5488880060022,421.0,0.3487,1271.1,0.35707967901817333,long_rentry,453.8839800000001,0.3280500194658779,640.0
1680510780000.0,132991,1680510780000.0,0.6207882582015374,-0.013086150000000001,1384.189330114204,1387.9161118560023,-181.5,0.3605,1089.6,0.35707967901817333,long_nclose,389.07401825820165,0.2810843934377826,410.0
1680510900000.0,132993,1680510900000.0,0.532201944772227,-0.01121876,1384.7103132989762,1387.8114930960023,-155.6,0.3605,934.0,0.35707967901817333,long_nclose,333.5124202029739,0.2408535684322331,2.0
1680511920000.0,133010,1680511920000.0,0.45627081897567545,-0.00961814,1385.156965977952,1388.9360549560024,-133.4,0.3605,800.6,0.35707967901817333,long_nclose,285.8779910219496,0.2063867114295695,17.0
1680513900000.0,133043,1680513900000.0,0.9098308189756773,-0.009708852,1386.0570879449278,1390.5408861040025,-133.4,0.3639,667.2,0.35707967901817333,long_nclose,238.24356184092525,0.17188582195713384,33.0
1680513960000.0,133044,1680513960000.0,0.7584196931791253,-0.008093136,1386.807414502107,1390.6551129680024,-111.2,0.3639,556.0,0.35707967901817333,long_nclose,198.53630153410438,0.1431606865221319,1.0
1680516900000.0,133093,1680516900000.0,0.27157348595703623,-0.00572474,1387.073263248064,1388.7033882280025,-79.4,0.3605,476.6,0.35707967901817333,long_nclose,170.18417502006142,0.12269299649071651,49.0
1680516960000.0,133094,1680516960000.0,0.23258182676421235,-0.0049028,1387.3009422748282,1389.0253654280027,-68.0,0.3605,408.6,0.35707967901817333,long_nclose,145.90275684682564,0.10517022831944556,1.0
1680519540000.0,133137,1680519540000.0,0.1994047132404938,-0.004203429999999999,1387.4961435580688,1388.5891919980027,-58.3,0.3605,350.3,0.35707967901817333,long_nclose,125.08501156006612,0.09015161025190348,43.0
1680519600000.0,133138,1680519600000.0,0.1710160490913326,-0.0036049999999999997,1387.66355460716,1388.6005869980027,-50.0,0.3605,300.3,0.35707967901817333,long_nclose,107.23102760915745,0.0772745145991198,1.0
1680519720000.0,133140,1680519720000.0,0.14673177012036337,-0.0030930899999999997,1387.8071932872804,1388.7133239080026,-42.9,0.3605,257.4,0.35707967901817333,long_nclose,91.91230937927781,0.06622844284411465,2.0
1680519900000.0,133143,1680519900000.0,0.12552578003303816,-0.0026460700000000004,1387.9300729973133,1388.6407978380025,-36.7,0.3605,220.7,0.35707967901817333,long_nclose,78.80748515931086,0.05678058764813824,3.0
1680520920000.0,133160,1680520920000.0,0.10774011092753955,-0.00227115,1388.0355419582409,1388.7394266880024,-31.5,0.3605,189.2,0.35707967901817333,long_nclose,67.5594752702384,0.04867272719466929,17.0
1680548100000.0,133613,1680548100000.0,0.09234866650931961,-0.0019467,1388.1259439247501,1388.6969399880024,-27.0,0.3605,162.2,0.35707967901817333,long_nclose,57.91832393674771,0.04172411313990069,453.0
1680548400000.0,133618,1680548400000.0,0.07900941468019568,-0.0016655100000000003,1388.2032878294303,1388.7207844780023,-23.1,0.3605,139.1,0.35707967901817333,long_nclose,49.66978335142791,0.035779906146952506,5.0
1680548700000.0,133623,1680548700000.0,0.06772235544016772,-0.0014275800000000001,1388.2695826048705,1388.7372768980024,-19.8,0.3605,119.3,0.35707967901817333,long_nclose,42.599605706868076,0.0306853987443394,5.0
1680549000000.0,133628,1680549000000.0,0.05814545669105309,-0.0012257,1388.3265023615616,1388.6866311980025,-17.0,0.3605,102.3,0.35707967901817333,long_nclose,36.52925116355913,0.026311714932634647,5.0
1680549120000.0,133630,1680549120000.0,0.04993668633466912,-0.00105266,1388.3753863878962,1388.6665785380023,-14.6,0.3605,87.7,0.35707967901817333,long_nclose,31.3158878498938,0.0225557786150096,2.0
1680549300000.0,133633,1680549300000.0,0.04275401227283315,-0.0009012499999999999,1388.417239150169,1388.7045272880025,-12.5,0.3605,75.2,0.35707967901817333,long_nclose,26.852391862166638,0.019340289867477167,3.0
1680549540000.0,133637,1680549540000.0,0.03659743450554517,-0.0007714699999999999,1388.4530651146745,1388.6801258180024,-10.7,0.3605,64.5,0.35707967901817333,long_nclose,23.03163929667218,0.016587985489282607,4.0
1680549840000.0,133642,1680549840000.0,0.031466953032805195,-0.00066332,1388.4838687477072,1388.6453624980022,-9.2,0.3605,55.3,0.35707967901817333,long_nclose,19.746506249704986,0.014221631733838315,5.0
1680549900000.0,133643,1680549900000.0,0.027020535756430555,-0.00056959,1388.5103196934638,1388.6961429080025,-7.9,0.3605,47.4,0.35707967901817333,long_nclose,16.925576785461416,0.012189737840189774,1.0
1680550200000.0,133648,1680550200000.0,0.02291615057823857,-0.00048307000000000005,1388.5327527740421,1388.6597498380024,-6.7,0.3605,40.7,0.35707967901817333,long_nclose,14.533142936039656,0.010466546724954824,5.0
1680550500000.0,133653,1680550500000.0,0.01983786169459458,-0.00041818000000000004,1388.5521724557368,1388.6750316580026,-5.8,0.3605,34.9,0.35707967901817333,long_nclose,12.462080797734249,0.008974874005414085,5.0
1680550620000.0,133655,1680550620000.0,0.0167595728109506,-0.00035329000000000003,1388.5685787385478,1388.6771883680026,-4.9,0.3605,30.0,0.35707967901817333,long_nclose,10.7123903705452,0.007714700256487819,2.0
1680550740000.0,133657,1680550740000.0,0.01436534812367194,-0.00030282000000000003,1388.5826412666715,1388.6683055480028,-4.2,0.3605,25.8,0.35707967901817333,long_nclose,9.212655718668872,0.00663457502987726,2.0
1680550800000.0,133658,1680550800000.0,0.012313155534575949,-0.00025956000000000004,1388.5946948622063,1388.6728459880028,-3.6,0.3605,22.2,0.35707967901817333,long_nclose,7.927168874203447,0.005708770819544345,1.0
1680552600000.0,133688,1680552600000.0,0.0,-0.012311232000000002,1388.5823836302063,1388.442904756003,173.3,0.3552,195.5,0.3554134469268718,long_ientry_partial,69.48332887420344,0.0500390395941445,30.0
1680553920000.0,133710,1680553920000.0,0.0,-0.01388508,1388.5684985502064,1386.8091196760029,201.0,0.3454,396.5,0.3503372733271209,long_rentry,138.90872887420343,0.10003736151240429,22.0
1680560280000.0,133816,1680560280000.0,0.19033032968495842,-0.004003884,1388.7548249958913,1389.931805792003,-56.6,0.3537,339.9,0.3503372733271209,long_nclose,119.07963920388838,0.08574561690847099,106.0
1680560640000.0,133822,1680560640000.0,0.1630922436346375,-0.0034308900000000002,1388.914486349526,1389.719544902003,-48.5,0.3537,291.4,0.3503372733271209,long_nclose,102.08828144752302,0.07350220798390614,6.0
1680560940000.0,133827,1680560940000.0,0.13988942959177156,-0.0029427840000000004,1389.0514329951177,1389.9164221180029,-41.6,0.3537,249.8,0.3503372733271209,long_nclose,87.5142508771148,0.06300288729295915,5.0
1680561240000.0,133832,1680561240000.0,0.11971306955449681,-0.002518344,1389.1686277206722,1389.953183774003,-35.6,0.3537,214.2,0.3503372733271209,long_nclose,75.04224394666929,0.054019535461146656,5.0
1680561420000.0,133835,1680561420000.0,0.1028994361901012,-0.0021646440000000003,1389.2693625128622,1389.9785591300028,-30.6,0.3537,183.6,0.3503372733271209,long_nclose,64.3219233828594,0.04629910161303502,3.0
1680561900000.0,133843,1680561900000.0,0.08810343882943304,-0.001853388,1389.3556125636917,1389.9006457420028,-26.2,0.3537,157.4,0.3503372733271209,long_nclose,55.14308682168883,0.039689685148308944,8.0
1680562080000.0,133846,1680562080000.0,0.07532507747249237,-0.001584576,1389.4293530651644,1389.9373211660031,-22.4,0.3537,135.0,0.3503372733271209,long_nclose,47.29553189916132,0.03403953701915433,3.0
1680562260000.0,133849,1680562260000.0,0.06456435211927918,-0.001358208,1389.4925592092836,1389.939862958003,-19.2,0.3537,115.8,0.3503372733271209,long_nclose,40.5690562512806,0.029197030226896046,3.0
1680562500000.0,133853,1680562500000.0,0.055484990102505544,-0.0011672100000000001,1389.5468769893862,1389.841075748003,-16.5,0.3537,99.3,0.3503372733271209,long_nclose,34.788491241383106,0.02503585292261344,4.0
1680562740000.0,133857,1680562740000.0,0.047414446087595645,-0.000997434,1389.5932940014736,1389.905358314003,-14.1,0.3537,85.2,0.3503372733271209,long_nclose,29.8487356874707,0.02148019554809326,4.0
1680565260000.0,133899,1680565260000.0,0.0406889927418374,-0.000855954,1389.6331270402156,1389.9081823600031,-12.1,0.3537,73.1,0.3503372733271209,long_nclose,25.609654680212536,0.018429076122241435,42.0
1680565920000.0,133910,1680565920000.0,0.03497235739794289,-0.0007356960000000001,1389.6673637016136,1389.897016664003,-10.4,0.3537,62.7,0.3503372733271209,long_nclose,21.96614703761048,0.015806766145173,11.0
1680566100000.0,133913,1680566100000.0,0.029928267388624204,-0.000629586,1389.6966623830021,1389.877577078003,-8.9,0.3537,53.8,0.3503372733271209,long_nclose,18.848145304999104,0.01356277655058837,3.0
1680566220000.0,133915,1680566220000.0,0.02555672271388134,-0.000537624,1389.7216814817161,1389.8862794540032,-7.6,0.3537,46.2,0.3503372733271209,long_nclose,16.185582027712986,0.011646635613007043,2.0
1680566700000.0,133923,1680566700000.0,0.022193996041002216,-0.00046688400000000004,1389.7434085937573,1389.8924125700032,-6.6,0.3537,39.6,0.3503372733271209,long_nclose,13.873356023753988,0.009982674454842029,8.0
1680568560000.0,133954,1680568560000.0,0.0,-0.01110375,1389.7323048437572,1389.8179488200033,157.5,0.3525,197.1,0.3520654795725722,long_ientry_partial,69.39210602375398,0.04993199465961576,31.0
1680602580000.0,134521,1680602580000.0,0.09651002401071995,-0.00199791,1389.826816957768,1390.4072509100033,-28.1,0.3555,169.0,0.3520654795725722,long_nclose,59.49906604776471,0.04281041732811282,567.0
1680602640000.0,134522,1680602640000.0,0.08277194230100893,-0.0017135100000000001,1389.907875390069,1390.4779874000033,-24.1,0.3555,144.9,0.3520654795725722,long_nclose,51.01428799006572,0.036703359189003,1.0
1680603360000.0,134534,1680603360000.0,0.07109457284775456,-0.00147177,1389.9774981929165,1390.428905630003,-20.7,0.3555,124.2,0.3520654795725722,long_nclose,43.72653256291347,0.03145844635597447,12.0
1680603600000.0,134538,1680603600000.0,0.06079101156547129,-0.0012584699999999998,1390.037030734482,1390.4667071600031,-17.7,0.3555,106.5,0.3520654795725722,long_nclose,37.49497357447894,0.026974082521144752,4.0
1680604500000.0,134553,1680604500000.0,0.052204710496901896,-0.0010807199999999999,1390.088154724979,1390.429116440003,-15.2,0.3555,91.3,0.3520654795725722,long_nclose,32.143578284975845,0.023123409961964082,15.0
1680606420000.0,134585,1680606420000.0,0.04464876555656083,-0.0009243000000000001,1390.1318791905355,1390.5104221400031,-13.0,0.3555,78.3,0.3520654795725722,long_nclose,27.566727050532403,0.01983029629288433,32.0
1680606600000.0,134588,1680606600000.0,0.08754876555656116,-0.0009328800000000002,1390.218495076092,1390.638669260003,-13.0,0.3588,65.3,0.3520654795725722,long_nclose,22.989875816088965,0.016536879560669807,3.0
1680606660000.0,134589,1680606660000.0,0.07273282061622005,-0.0007750080000000001,1390.2904528887084,1390.6683842520033,-10.8,0.3588,54.5,0.3520654795725722,long_nclose,19.187568636705187,0.013801122345936973,1.0
1680606900000.0,134593,1680606900000.0,0.06061068384685003,-0.0006458400000000001,1390.3504177325551,1390.679588412003,-9.0,0.3588,45.5,0.3520654795725722,long_nclose,16.018979320552035,0.011521540984377517,4.0
1680607800000.0,134608,1680607800000.0,0.05050890320570836,-0.0005382,1390.400388435761,1390.6601002120033,-7.5,0.3588,38.0,0.3520654795725722,long_nclose,13.378488223757744,0.00962204005049863,15.0
1680609120000.0,134630,1680609120000.0,0.04242747869279502,-0.000452088,1390.4423638264539,1390.6590181240033,-6.3,0.3588,31.7,0.3520654795725722,long_nclose,11.160475702450539,0.008026564777368591,22.0
1680610680000.0,134656,1680610680000.0,0.035019506222624466,-0.000373152,1390.4770101806764,1390.6554749720033,-5.2,0.3588,26.5,0.3520654795725722,long_nclose,9.329735208673164,0.006709737119250086,26.0
1680610740000.0,134657,1680610740000.0,0.02963188988068224,-0.000315744,1390.506326326557,1390.6639992280031,-4.4,0.3588,22.1,0.3520654795725722,long_nclose,7.780647098553847,0.005595549585961813,1.0
1680611400000.0,134668,1680611400000.0,0.04459188988068231,-0.0003187360000000001,1390.5505994804375,1390.722900492003,-4.4,0.3622,17.7,0.3520654795725722,long_nclose,6.231558988434528,0.004481360829848892,11.0
1680611460000.0,134669,1680611460000.0,0.035470821495997285,-0.00025354,1390.5858167619335,1390.729726952003,-3.5,0.3622,14.2,0.3520654795725722,long_nclose,4.999329809930526,0.0035951249823414563,1.0
1680611520000.0,134670,1680611520000.0,0.028376657196797824,-0.000202832,1390.6139905871303,1390.722684120003,-2.8,0.3622,11.4,0.3520654795725722,long_nclose,4.013546467127323,0.0028861686235680446,1.0
1680612600000.0,134688,1680612600000.0,0.012795588812112783,-0.000136344,1390.6266498319424,1390.6944277760028,-1.9,0.3588,9.5,0.3520654795725722,long_nclose,3.344622055939436,0.0024051186250052337,18.0
1680612720000.0,134690,1680612720000.0,0.010101780641141672,-0.00010764,1390.6366439725837,1390.684120136003,-1.5,0.3588,8.0,0.3520654795725722,long_nclose,2.816523836580578,0.0020253484968832058,2.0
1680612900000.0,134693,1680612900000.0,0.008754876555656117,-9.3288e-05,1390.6453055611394,1390.6924368480031,-1.3,0.3588,6.7,0.3520654795725722,long_nclose,2.358838713136234,0.0016962188012308566,3.0
1680615900000.0,134743,1680615900000.0,0.00740797247017056,-7.8936e-05,1390.6526345976097,1390.6903479120033,-1.1,0.3588,5.6,0.3520654795725722,long_nclose,1.9715666856064042,0.0014177276456797453,50.0
1680615960000.0,134744,1680615960000.0,0.006061068384685004,-6.458400000000002e-05,1390.6586310819944,1390.6912233280034,-0.9,0.3588,4.7,0.3520654795725722,long_nclose,1.6547077539910895,0.0011898734290410676,1.0
1680616800000.0,134758,1680616800000.0,0.004714164299199446,-5.0232e-05,1390.6632950142937,1390.6902330960033,-0.7,0.3588,4.0,0.3520654795725722,long_nclose,1.408261918290289,0.0010126548412826373,14.0
1680616860000.0,134759,1680616860000.0,0.0040407122564566685,-4.3056e-05,1390.66729267055,1390.6929100400034,-0.6,0.3588,3.4,0.3520654795725722,long_nclose,1.1970226305467455,0.0008607541407320068,1.0
1680617040000.0,134762,1680617040000.0,0.0033672602137138907,-3.588e-05,1390.6706240507638,1390.6910241600033,-0.5,0.3588,2.9,0.3520654795725722,long_nclose,1.0209898907604593,0.000734170890722137,3.0
1680617280000.0,134766,1680617280000.0,0.002693808170971113,-2.8704e-05,1390.6732891549348,1390.6898754560034,-0.4,0.3588,2.5,0.3520654795725722,long_nclose,0.8801636989314305,0.0006329047273686232,4.0
1680617340000.0,134767,1680617340000.0,0.002693808170971113,-2.8704e-05,1390.6759542591058,1390.6907267520035,-0.4,0.3588,2.1,0.3520654795725722,long_nclose,0.7393375071024018,0.0005316389521499205,1.0
1680618600000.0,134788,1680618600000.0,0.0020203561282283343,-2.1528e-05,1390.677953087234,1390.6902552240035,-0.3,0.3588,1.8,0.3520654795725722,long_nclose,0.6337178632306301,0.00045568987544802067,21.0
1680620100000.0,134813,1680620100000.0,0.0020203561282283343,-2.1528e-05,1390.6799519153624,1390.6905036960036,-0.3,0.3588,1.5,0.3520654795725722,long_nclose,0.5280982193588584,0.0003797410170697555,25.0
1680620700000.0,134823,1680620700000.0,0.0013469040854855565,-1.4352e-05,1390.6812844674478,1390.6899093440034,-0.2,0.3588,1.3,0.3520654795725722,long_nclose,0.4576851234443439,0.00032910856610802194,10.0
1680621480000.0,134836,1680621480000.0,0.0,-0.01381728,1390.6674671874478,1390.7107020640035,194.5,0.3552,195.8,0.355179188577346,long_ientry_partial,69.54408512344435,0.050007702606356084,13.0
1680628140000.0,134947,1680628140000.0,0.09544063869204635,-0.002000988,1390.7609068381398,1391.4192110760034,-27.9,0.3586,167.9,0.355179188577346,long_nclose,59.634585762136396,0.042879107018987284,111.0
1680628500000.0,134953,1680628500000.0,0.08175739300143038,-0.001714108,1390.8409501231413,1391.4919469680035,-23.9,0.3586,144.0,0.355179188577346,long_nclose,51.14580315513782,0.036773293992105646,6.0
1680630660000.0,134989,1680630660000.0,0.07012663416440681,-0.00147026,1390.9096064973057,1391.3691267080035,-20.5,0.3586,123.5,0.355179188577346,long_nclose,43.86462978930223,0.03153665024987891,36.0
1680633780000.0,135041,1680633780000.0,0.060206281038710244,-0.001262272,1390.9685505063444,1391.3519944360035,-17.6,0.3586,105.9,0.355179188577346,long_nclose,37.613476070340944,0.02704121243909417,52.0
1680634800000.0,135058,1680634800000.0,0.05165425248207526,-0.001082972,1391.0191217868264,1391.3206514640035,-15.1,0.3586,90.8,0.355179188577346,long_nclose,32.25027032282301,0.023184634788769903,17.0
1680634980000.0,135061,1680634980000.0,0.04412846735223649,-0.0009251880000000001,1391.0623250661786,1391.3365962760033,-12.9,0.3586,77.9,0.355179188577346,long_nclose,27.668458790175254,0.019890164726342474,3.0
1680635700000.0,135073,1680635700000.0,0.037971006791459296,-0.000796092,1391.09949998097,1391.3614101840033,-11.1,0.3586,66.8,0.355179188577346,long_nclose,23.725969796966712,0.01705555195533553,12.0
1680636720000.0,135090,1680636720000.0,0.032497708515212914,-0.00068134,1391.1313163494851,1391.3445188440032,-9.5,0.3586,57.3,0.355179188577346,long_nclose,20.351767505481924,0.01462965233137565,17.0
1680637020000.0,135095,1680637020000.0,0.027708572523497326,-0.000580932,1391.1584439900087,1391.3267479120032,-8.1,0.3586,49.2,0.355179188577346,long_nclose,17.474816078005425,0.012561341343611131,5.0
1680637140000.0,135097,1680637140000.0,0.023945679958577937,-0.0005020399999999999,1391.1818876299674,1391.3515658720034,-7.0,0.3586,42.2,0.355179188577346,long_nclose,14.988561757964002,0.010773977070315858,2.0
1680645360000.0,135234,1680645360000.0,0.020524868535923946,-0.00043032,1391.2019821785032,1391.3330555520033,-6.0,0.3586,36.2,0.355179188577346,long_nclose,12.857486626499925,0.009241998495693775,137.0
1680650400000.0,135318,1680650400000.0,0.0,-0.01132641,1391.1906557685031,1391.3063691420032,158.5,0.3573,194.7,0.35690568375192566,long_ientry_partial,69.48953662649993,0.04994968614716107,84.0
1680654720000.0,135390,1680654720000.0,0.09436199169646685,-0.0020032680000000003,1391.2830144921995,1392.0331158740032,-27.8,0.3603,166.9,0.35690568375192566,long_nclose,59.567558618196394,0.04281483925104756,72.0
1680656100000.0,135413,1680656100000.0,0.19166199169646694,-0.002022728,1391.472653755896,1392.5568431460033,-27.8,0.3638,139.1,0.35690568375192566,long_nclose,49.64558060989286,0.03567844504589316,23.0
1680658920000.0,135460,1680658920000.0,0.28618199169646735,-0.0020416320000000003,1391.7567941155924,1392.913681514003,-27.8,0.3672,111.3,0.35690568375192566,long_nclose,39.72360260158933,0.02854205761347272,47.0
1680659640000.0,135472,1680659640000.0,0.2285338207072509,-0.001630368,1391.9836975682997,1392.9187411460032,-22.2,0.3672,89.1,0.35690568375192566,long_nclose,31.800296422296576,0.022845308086473656,12.0
1680660000000.0,135478,1680660000000.0,0.18323882921572368,-0.0013072320000000002,1392.1656291655154,1392.921003914003,-17.8,0.3672,71.3,0.35690568375192566,long_nclose,25.447375251512298,0.018278985429891578,6.0
1680661800000.0,135508,1680661800000.0,0.24375882921572295,-0.0013193360000000002,1392.408068658731,1393.146064578003,-17.8,0.3706,53.5,0.35690568375192566,long_nclose,19.094454080728024,0.013713260150180826,30.0
1680661980000.0,135511,1680661980000.0,0.1821344060993885,-0.0009857960000000002,1392.5892172688305,1393.143748782003,-13.3,0.3706,40.2,0.35690568375192566,long_nclose,14.347608486827413,0.010302828938289632,3.0
1680662160000.0,135514,1680662160000.0,0.13694316248074323,-0.0007412,1392.7254192313112,1393.145027582003,-10.0,0.3706,30.2,0.35690568375192566,long_nclose,10.778551649308154,0.0077391792384009,3.0
1680662400000.0,135518,1680662400000.0,0.10270737186055742,-0.0005559,1392.8275707031717,1393.1384316820029,-7.5,0.3706,22.7,0.35690568375192566,long_nclose,8.101759021168712,0.005816770999929678,4.0
1680667200000.0,135598,1680667200000.0,0.07668817098921621,-0.000415072,1392.903843802161,1393.136306610003,-5.6,0.3706,17.1,0.35690568375192566,long_nclose,6.103087192157929,0.004381556716433882,80.0
1680667260000.0,135599,1680667260000.0,0.05751612824191216,-0.000311304,1392.961048626403,1393.1389953060032,-4.2,0.3706,12.9,0.35690568375192566,long_nclose,4.604083320399841,0.0033052491488831806,1.0
1680671160000.0,135664,1680671160000.0,0.02573579062018591,-0.00018360000000000002,1392.9866008170234,1393.0957417060033,-2.5,0.3672,10.4,0.35690568375192566,long_nclose,3.711819111020027,0.00266464810849074,65.0
1680671280000.0,135666,1680671280000.0,0.02058863249614873,-0.00014688000000000003,1393.0070425695194,1393.0951948260033,-2.0,0.3672,8.4,0.35690568375192566,long_nclose,2.9980077435161756,0.002152184197135211,2.0
1680681660000.0,135839,1680681660000.0,0.02875806412095608,-0.000155652,1393.0356449816402,1393.123179174003,-2.1,0.3706,6.3,0.35690568375192566,long_nclose,2.2485058076371316,0.0016141050056667906,173.0
1680682080000.0,135846,1680682080000.0,0.020541474372111485,-0.00011117999999999999,1393.0560752760123,1393.119887994003,-1.5,0.3706,4.8,0.35690568375192566,long_nclose,1.713147282009243,0.001229776254103633,7.0
1680682860000.0,135859,1680682860000.0,0.016433179497689188,-8.8944e-05,1393.07241951151,1393.1220790500029,-1.2,0.3706,3.6,0.35690568375192566,long_nclose,1.2848604615069323,0.0009223213693064696,13.0
1680683520000.0,135870,1680683520000.0,0.01232488462326689,-6.6708e-05,1393.084677688133,1393.1227323420028,-0.9,0.3706,2.7,0.35690568375192566,long_nclose,0.9636453461301994,0.0006917349401397469,11.0
1680686100000.0,135913,1680686100000.0,0.008216589748844594,-4.4472e-05,1393.092849805882,1393.123287870003,-0.6,0.3706,2.1,0.35690568375192566,long_nclose,0.7495019358790439,0.0005380129084601087,43.0
1680693180000.0,136031,1680693180000.0,0.004117726499229746,-2.9376000000000005e-05,1393.0969381563814,1393.114608494003,-0.4,0.3672,1.7,0.35690568375192566,long_nclose,0.6067396623782736,0.0004355329810581813,118.0
1680693540000.0,136037,1680693540000.0,0.0,-0.013805952,1393.0831322043814,1393.1563025420032,188.4,0.3664,190.1,0.36631509554117975,long_ientry_partial,69.63649966237827,0.049987325273393515,6.0
1680706980000.0,136261,1680706980000.0,0.0,-0.013933839999999998,1393.0691983643815,1391.1468787020033,195.7,0.356,385.8,0.36108268445406494,long_rentry,139.30569966237826,0.09999912411094775,224.0
1680747300000.0,136933,1680747300000.0,0.19380408658102072,-0.004017892,1393.2589845589623,1395.248910810003,-55.1,0.3646,330.7,0.36108268445406494,long_nclose,119.41004374895927,0.08570556161657099,672.0
1680852840000.0,138692,1680852840000.0,0.0,-0.013931904,1393.2450526549624,1389.606388906003,198.8,0.3504,529.5,0.35707188621144337,long_rentry,189.06956374895927,0.13570445729462238,1759.0
1680993060000.0,141029,1680993060000.0,0.0,-0.018138995999999998,1393.2269136589623,1387.232229910003,262.2,0.3459,791.7,0.353371913286547,long_rentry,279.7645437489593,0.2008032869636631,2337.0
1681146120000.0,143580,1681146120000.0,0.38771660729153606,-0.008070816,1393.6065594502538,1395.864999094003,-113.1,0.3568,678.6,0.353371913286547,long_nclose,239.79818035625078,0.17207021503317674,2551.0
1681146180000.0,143581,1681146180000.0,0.33218160253359724,-0.006914784,1393.9318262687875,1396.0422843100032,-96.9,0.3568,581.7,0.353371913286547,long_nclose,205.5564419587844,0.14746520459971735,1.0
1681146960000.0,143594,1681146960000.0,0.2848740058879456,-0.005930016,1394.2107702586754,1395.9698742940031,-83.1,0.3568,498.6,0.353371913286547,long_nclose,176.19123596467233,0.1263734578179902,13.0
1681147200000.0,143598,1681147200000.0,0.24407977399785474,-0.005080832,1394.4497692006732,1395.957673462003,-71.2,0.3568,427.4,0.353371913286547,long_nclose,151.03115573867018,0.10830878176791144,4.0
1681147560000.0,143604,1681147560000.0,0.20911328952063396,-0.00435296,1394.654529530194,1395.873940502003,-61.0,0.3568,366.4,0.353371913286547,long_nclose,129.47546902819082,0.09283694727740652,6.0
1681147620000.0,143605,1681147620000.0,0.1792889351135927,-0.0037321280000000004,1394.8300863373076,1395.8440283740033,-52.3,0.3568,314.1,0.353371913286547,long_nclose,110.99411796330442,0.07957536839111673,1.0
1681147740000.0,143607,1681147740000.0,0.15357828476269508,-0.003196928,1394.9804676940703,1395.930581446003,-44.8,0.3568,269.3,0.353371913286547,long_nclose,95.16305624806711,0.06821819978983182,2.0
1681148100000.0,143613,1681148100000.0,0.1316385297965958,-0.002740224,1395.109365999867,1395.9009112220033,-38.4,0.3568,230.9,0.353371913286547,long_nclose,81.59357477786371,0.058485432587850245,6.0
1681152300000.0,143683,1681152300000.0,0.1127840528726042,-0.0023477439999999997,1395.2198023087396,1395.9183634780034,-32.9,0.3568,198.0,0.353371913286547,long_nclose,69.9676388307363,0.050148111942618194,70.0
1681152600000.0,143688,1681152600000.0,0.09667204531937504,-0.002012352,1395.314462002059,1395.9305111260032,-28.2,0.3568,169.8,0.353371913286547,long_nclose,60.002550876055686,0.043002887528279014,5.0
1681152780000.0,143691,1681152780000.0,0.08295969846556298,-0.0017269120000000002,1395.3956947885245,1395.9093842140032,-24.2,0.3568,145.6,0.353371913286547,long_nclose,51.45095057452124,0.03687194303857928,3.0
1681152900000.0,143693,1681152900000.0,0.07130420363982273,-0.0014842880000000003,1395.4655147041642,1395.918299926003,-20.8,0.3568,124.8,0.353371913286547,long_nclose,44.100814778161066,0.03160294132206509,2.0
1681153500000.0,143703,1681153500000.0,0.061019943499463686,-0.001270208,1395.5252644396637,1395.9241697180032,-17.8,0.3568,107.0,0.353371913286547,long_nclose,37.81079472166053,0.027094310425718058,10.0
1681164120000.0,143880,1681164120000.0,0.052106918044485834,-0.001084672,1395.5762866857083,1395.9368850460032,-15.2,0.3568,91.8,0.353371913286547,long_nclose,32.43954163970501,0.023244549186733625,177.0
1681164780000.0,143891,1681164780000.0,0.0449079359462345,-0.0009348160000000001,1395.6202598056545,1395.9136602300032,-13.1,0.3568,78.7,0.353371913286547,long_nclose,27.81036957565125,0.019926888693579118,11.0
1681176060000.0,144079,1681176060000.0,0.03839457119067377,-0.000799232,1395.6578551448451,1395.8892509980033,-11.2,0.3568,67.5,0.353371913286547,long_nclose,23.852604146841923,0.017090581376311916,188.0
1681176120000.0,144080,1681176120000.0,0.03290963244914895,-0.000685056,1395.6900797212943,1395.8885659420032,-9.6,0.3568,57.9,0.353371913286547,long_nclose,20.46023377929107,0.01465958243636494,1.0
1681176180000.0,144081,1681176180000.0,0.028110311050314727,-0.000585152,1395.7176048803447,1395.8879807900032,-8.2,0.3568,49.7,0.353371913286547,long_nclose,17.562584090341385,0.012583193067803306,1.0
1681176240000.0,144082,1681176240000.0,0.02433941566551641,-0.000506656,1395.7414376400102,1395.8874741340032,-7.1,0.3568,42.6,0.353371913286547,long_nclose,15.053643506006903,0.010785409890430968,1.0
1681176360000.0,144084,1681176360000.0,0.020568520280718094,-0.00042816,1395.761578000291,1395.8907059740034,-6.0,0.3568,36.6,0.353371913286547,long_nclose,12.93341202628762,0.009266204364800851,2.0
1681176540000.0,144087,1681176540000.0,0.017826050909955683,-0.00037107200000000007,1395.7790329792008,1395.8992349020032,-5.2,0.3568,31.4,0.353371913286547,long_nclose,11.095878077197575,0.00794959503977799,3.0
1681178040000.0,144112,1681178040000.0,0.035506050909955754,-0.00037460800000000007,1395.814164422111,1395.9852002940033,-5.2,0.3602,26.2,0.353371913286547,long_nclose,9.258344128107531,0.006632934644233698,25.0
1681178280000.0,144116,1681178280000.0,0.029360772867848026,-0.00030977200000000004,1395.8432154229788,1395.9905605220035,-4.3,0.3602,21.9,0.353371913286547,long_nclose,7.738844900975379,0.0055442078418744874,4.0
1681178820000.0,144125,1681178820000.0,0.024581112168430907,-0.00025934400000000006,1395.8675371911472,1395.9961511780034,-3.6,0.3602,18.3,0.353371913286547,long_nclose,6.46670601314381,0.0046327504873109404,9.0
1681180500000.0,144153,1681180500000.0,0.02048426014035909,-0.00021612,1395.8878053312876,1395.9968650580036,-3.0,0.3602,15.3,0.353371913286547,long_nclose,5.406590273284169,0.0038732269546555833,28.0
1681181160000.0,144164,1681181160000.0,0.017070216783632575,-0.00018010000000000001,1395.9046954480712,1395.9933749580034,-2.5,0.3602,12.8,0.353371913286547,long_nclose,4.523160490067801,0.0032403075258772684,11.0
1681181280000.0,144166,1681181280000.0,0.014338982098251364,-0.00015128400000000004,1395.9188831461695,1395.9876636740034,-2.1,0.3602,10.7,0.353371913286547,long_nclose,3.7810794721660526,0.002708667042059154,2.0
1681181340000.0,144167,1681181340000.0,0.011607747412870151,-0.000122468,1395.9303684255824,1395.9927212060036,-1.7,0.3602,9.0,0.353371913286547,long_nclose,3.180347219578923,0.002278299327469978,1.0
1681181580000.0,144171,1681181580000.0,0.010242130070179545,-0.00010806,1395.9405024956525,1395.9932131460034,-1.5,0.3602,7.5,0.353371913286547,long_nclose,2.6502893496491025,0.0018985689898036013,4.0
1681182000000.0,144178,1681182000000.0,0.008193704056143636,-8.644800000000001e-05,1395.9486097517085,1395.9909966980033,-1.2,0.3602,6.3,0.353371913286547,long_nclose,2.226243053705246,0.00159478868932089,7.0
1681182180000.0,144181,1681182180000.0,0.00682808671345303,-7.204000000000001e-05,1395.955365798422,1395.9910246580032,-1.0,0.3602,5.3,0.353371913286547,long_nclose,1.872871140418699,0.0013416411343119866,3.0
1681186860000.0,144259,1681186860000.0,0.005462469370762424,-5.7632000000000007e-05,1395.9607706357926,1395.9919470260031,-0.8,0.3602,4.5,0.353371913286547,long_nclose,1.5901736097894614,0.0011391248545367175,78.0
1681188960000.0,144294,1681188960000.0,0.00477966069941712,-5.0428e-05,1395.965499868492,1395.9906865980033,-0.7,0.3602,3.8,0.353371913286547,long_nclose,1.3428132704888784,0.0009619243961368523,35.0
1681189080000.0,144296,1681189080000.0,0.004096852028071818,-4.3224000000000005e-05,1395.9695534965203,1395.9917233740034,-0.6,0.3602,3.2,0.353371913286547,long_nclose,1.1307901225169503,0.0008100392445412807,2.0
1681189260000.0,144299,1681189260000.0,0.003414043356726515,-3.6020000000000004e-05,1395.9729315198772,1395.9921773540036,-0.5,0.3602,2.7,0.353371913286547,long_nclose,0.954104165873677,0.0006834689586959885,3.0
1681192080000.0,144346,1681192080000.0,0.002731234685381212,-2.8816000000000003e-05,1395.9756339385626,1395.9906485380036,-0.4,0.3602,2.3,0.353371913286547,long_nclose,0.812755400559058,0.0005822131710608551,47.0
1681192200000.0,144348,1681192200000.0,0.002048426014035909,-2.1612000000000002e-05,1395.9776607525766,1395.9911169260035,-0.3,0.3602,2.0,0.353371913286547,long_nclose,0.706743826573094,0.0005062715876069864,2.0
1681192980000.0,144361,1681192980000.0,0.002048426014035909,-2.1612000000000002e-05,1395.9796875665907,1395.9918053140036,-0.3,0.3602,1.7,0.353371913286547,long_nclose,0.6007322525871299,0.0004303302246713199,13.0
1681200300000.0,144483,1681200300000.0,0.001365617342690606,-1.4408000000000002e-05,1395.9810387759335,1395.9912809060036,-0.2,0.3602,1.5,0.353371913286547,long_nclose,0.5300578699298205,0.00037970277189051363,122.0
1681200360000.0,144484,1681200360000.0,0.001365617342690606,-1.4408000000000002e-05,1395.9823899852763,1395.9913964980037,-0.2,0.3602,1.3,0.353371913286547,long_nclose,0.4593834872725111,0.0003290754171170858,1.0
1681200720000.0,144490,1681200720000.0,0.001365617342690606,-1.4408000000000002e-05,1395.9837411946191,1395.991142090004,-0.2,0.3602,1.1,0.353371913286547,long_nclose,0.3887091046152017,0.00027844816035075176,6.0
1681204020000.0,144545,1681204020000.0,0.0,-0.013883832000000002,1395.9698573626192,1396.014148258004,193.8,0.3582,194.9,0.3581727506650344,long_ientry_partial,69.80786910461521,0.05000671664680637,55.0
1681265640000.0,145572,1681265640000.0,0.0,-0.01395881,1395.9558985526191,1393.7159394480038,200.5,0.3481,395.4,0.3530650457881012,long_rentry,139.6019191046152,0.10000453398947622,1027.0
1681376040000.0,147412,1681376040000.0,0.1937314175510904,-0.00402132,1396.1456086501703,1397.377858128004,-56.4,0.3565,339.0,0.3530650457881012,long_nclose,119.68905052216631,0.0857282003972958,1840.0
1681390980000.0,147661,1681390980000.0,0.3861749129722811,-0.00406687,1396.5277166931426,1398.571591258004,-56.5,0.3599,282.5,0.3530650457881012,long_nclose,99.74087543513859,0.07142062004420249,249.0
1681391040000.0,147662,1681391040000.0,0.5726249129722825,-0.004104160000000001,1397.0962374461149,1399.793537098004,-56.5,0.3632,226.0,0.3530650457881012,long_nclose,79.79270034811087,0.05711324546544592,1.0
1681391220000.0,147665,1681391220000.0,0.45809993037782604,-0.0032833280000000003,1397.5510540484927,1399.491933770004,-45.2,0.3632,180.8,0.3530650457881012,long_nclose,63.8341602784887,0.045675726903550935,3.0
1681393500000.0,147703,1681393500000.0,0.2057321217781533,-0.002166598,1397.7546195722707,1398.814787172004,-30.1,0.3599,150.7,0.3530650457881012,long_nclose,53.20690240026685,0.03806598215110803,38.0
1681393920000.0,147710,1681393920000.0,0.1715573507186594,-0.0018066980000000002,1397.9243702249892,1398.7828404740037,-25.1,0.3599,125.6,0.3530650457881012,long_nclose,44.34496975098551,0.03172200921273617,7.0
1681395540000.0,147737,1681395540000.0,0.1428505430286845,-0.0015043819999999999,1398.065716386018,1398.7918060920038,-20.9,0.3599,104.7,0.3530650457881012,long_nclose,36.9659102940142,0.026440753006640207,27.0
1681395900000.0,147743,1681395900000.0,0.11892820328703878,-0.001252452,1398.183392137305,1398.8062736400038,-17.4,0.3599,87.3,0.3530650457881012,long_nclose,30.822578497301237,0.02204473223658087,6.0
1681396500000.0,147753,1681396500000.0,0.09910683607253232,-0.00104371,1398.2814552633774,1398.7935999300037,-14.5,0.3599,72.8,0.3530650457881012,long_nclose,25.70313533337377,0.018381946808078333,10.0
1681396920000.0,147760,1681396920000.0,0.08270294596397525,-0.0008709579999999999,1398.3632872513415,1398.7903089720037,-12.1,0.3599,60.7,0.3530650457881012,long_nclose,21.431048279337745,0.015325808732767262,7.0
1681399200000.0,147798,1681399200000.0,0.06903303754017769,-0.000726998,1398.4315932908817,1398.7875619740037,-10.1,0.3599,50.6,0.3530650457881012,long_nclose,17.865091316877923,0.012775091325587552,38.0
1681399500000.0,147803,1681399500000.0,0.05741361537994976,-0.0006046320000000001,1398.4884022742617,1398.7852773420038,-8.4,0.3599,42.2,0.3530650457881012,long_nclose,14.899344932257872,0.01065389237982105,5.0
1681399740000.0,147807,1681399740000.0,0.047844679483291463,-0.00050386,1398.535743093745,1398.7833734820038,-7.0,0.3599,35.2,0.3530650457881012,long_nclose,12.427889611741163,0.00888635823082293,4.0
1681400160000.0,147814,1681400160000.0,0.03964273442901293,-0.000417484,1398.5749683441738,1398.7847359980037,-5.8,0.3599,29.4,0.3530650457881012,long_nclose,10.380112346170176,0.0074219205842498285,7.0
1681401480000.0,147836,1681401480000.0,0.03349127563830403,-0.00035270200000000004,1398.608106917812,1398.7780132960036,-4.9,0.3599,24.5,0.3530650457881012,long_nclose,8.65009362180848,0.006184787274593422,22.0
1681401960000.0,147844,1681401960000.0,0.027339816847595122,-0.00028792,1398.6351588146597,1398.7773253760035,-4.0,0.3599,20.5,0.3530650457881012,long_nclose,7.237833438656075,0.005174925993416413,8.0
1681405620000.0,147905,1681405620000.0,0.023238844320455854,-0.000244732,1398.6581529269802,1398.7784506440037,-3.4,0.3599,17.1,0.3530650457881012,long_nclose,6.037412282976531,0.004316574618567091,61.0
1681413120000.0,148030,1681413120000.0,0.034458844320455935,-0.000246976,1398.6923647953006,1398.8312136680036,-3.4,0.3632,13.7,0.3530650457881012,long_nclose,4.8369911272969865,0.0034582237302803057,125.0
1681413240000.0,148032,1681413240000.0,0.027364376372126777,-0.00019612800000000006,1398.7195330436728,1398.8321175400035,-2.7,0.3632,11.0,0.3530650457881012,long_nclose,3.8837155036691136,0.002776622054614469,2.0
1681425300000.0,148233,1681425300000.0,0.022296899266177374,-0.00015980800000000003,1398.7416701349389,1398.8326177320037,-2.2,0.3632,8.8,0.3530650457881012,long_nclose,3.1069724029352908,0.0022212624884733407,201.0
1681425420000.0,148235,1681425420000.0,0.017229422160227967,-0.000123488,1398.758776069099,1398.8314442440035,-1.7,0.3632,7.1,0.3530650457881012,long_nclose,2.5067618250955186,0.001792133045370565,2.0
1681426800000.0,148258,1681426800000.0,0.014188935896658327,-0.00010169600000000001,1398.7728633089957,1398.8306325480035,-1.4,0.3632,5.7,0.3530650457881012,long_nclose,2.012470760992177,0.0014387402084934588,23.0
1681429260000.0,148299,1681429260000.0,0.011148449633088687,-7.990400000000001e-05,1398.783931854629,1398.8319326440037,-1.1,0.3632,4.6,0.3530650457881012,long_nclose,1.6240992106252654,0.0011610794016427498,41.0
1681431240000.0,148332,1681431240000.0,0.009121458790708926,-6.5376e-05,1398.7929879374196,1398.8312272680037,-0.9,0.3632,3.7,0.3530650457881012,long_nclose,1.3063406694159745,0.0009339056462831072,33.0
1681431840000.0,148342,1681431840000.0,0.007094467948329164,-5.0848000000000005e-05,1398.800031557368,1398.8316364200036,-0.7,0.3632,3.0,0.3530650457881012,long_nclose,1.0591951373643036,0.0007572169813186508,10.0
1681431960000.0,148344,1681431960000.0,0.006080972527139283,-4.3584e-05,1398.806068945895,1398.8306328360036,-0.6,0.3632,2.4,0.3530650457881012,long_nclose,0.8473561098914429,0.0006057709704748343,2.0
1681432620000.0,148355,1681432620000.0,0.008120972527139258,-4.3992e-05,1398.8141459264223,1398.8397688440036,-0.6,0.3666,1.8,0.3530650457881012,long_nclose,0.6355170824185822,0.0004543256044909989,11.0
1681434240000.0,148382,1681434240000.0,0.010160972527139267,-4.44e-05,1398.8242624989493,1398.8454244440036,-0.6,0.37,1.2,0.3530650457881012,long_nclose,0.42367805494572147,0.00030288154581250675,27.0
1681434540000.0,148387,1681434540000.0,0.012200972527139276,-4.4808e-05,1398.8364186634765,1398.8488596360037,-0.6,0.3734,0.6,0.3530650457881012,long_nclose,0.21183902747286074,0.0001514394568560512,5.0
1681435380000.0,148401,1681435380000.0,0.006100486263569638,-2.2404e-05,1398.8424967457402,1398.8485372320038,-0.3,0.3734,0.3,0.3530650457881012,long_nclose,0.10591951373643037,7.571939941976382e-05,14.0
1681435680000.0,148406,1681435680000.0,0.002033495421189879,-7.468000000000001e-06,1398.8445227731615,1398.848589764004,-0.1,0.3734,0.2,0.3530650457881012,long_nclose,0.07061300915762024,5.047952650065238e-05,5.0
1681435740000.0,148407,1681435740000.0,0.002033495421189879,-7.468000000000001e-06,1398.846548800583,1398.848632296004,-0.1,0.3734,0.1,0.3530650457881012,long_nclose,0.03530650457881012,2.5239726694170337e-05,1.0
1681436700000.0,148423,1681436700000.0,0.002373495421189881,-7.536000000000001e-06,1398.848914760004,1398.848914760004,-0.1,0.3768,0.0,0.3530650457881012,long_nclose,0.0,0.0,16.0
1681477380000.0,149101,1681477380000.0,0.0,-0.013989275999999998,1398.8349254840039,1398.8168654840038,180.6,0.3873,180.6,0.3873,long_ientry_normal,69.94637999999999,0.05000331256084287,678.0
1681477620000.0,149105,1681477620000.0,0.09546000000000095,-0.0020175600000000003,1398.9283679240039,1399.563047924004,-25.8,0.391,154.8,0.3873,long_nclose,59.95404,0.042857119331257264,4.0
1681479000000.0,149128,1681479000000.0,0.08177000000000081,-0.0017282200000000004,1399.008409704004,1399.5126697040039,-22.1,0.391,132.7,0.3873,long_nclose,51.39470999999999,0.036736526845377475,23.0
1681479120000.0,149130,1681479120000.0,0.06993000000000069,-0.00147798,1399.0768617240042,1399.5434417240042,-18.9,0.391,113.8,0.3873,long_nclose,44.07474,0.03150272955389253,2.0
1681479240000.0,149132,1681479240000.0,0.05994000000000059,-0.00126684,1399.1355348840043,1399.5259348840043,-16.2,0.391,97.6,0.3873,long_nclose,37.80047999999999,0.02701702519701485,2.0
1681479480000.0,149136,1681479480000.0,0.11988000000000028,-0.0012788279999999999,1399.2541360560042,1399.832076056004,-16.2,0.3947,81.4,0.3873,long_nclose,31.526220000000002,0.02253073204333068,4.0
1681479840000.0,149142,1681479840000.0,0.09990000000000024,-0.00106569,1399.3529703660042,1399.8486403660042,-13.5,0.3947,67.9,0.3873,long_nclose,26.29767,0.01879273532618563,6.0
1681479900000.0,149143,1681479900000.0,0.08362000000000021,-0.0008920220000000001,1399.4356983440043,1399.8092583440043,-11.3,0.3947,56.6,0.3873,long_nclose,21.92118,0.015664299564417294,1.0
1681480860000.0,149159,1681480860000.0,0.029600000000000293,-0.0006256,1399.4646727440045,1399.6930927440044,-8.0,0.391,48.6,0.3873,long_nclose,18.822779999999998,0.013449985817143335,16.0
1681481340000.0,149167,1681481340000.0,0.0,-0.010225044,1399.4544477000045,1399.6279277000044,131.8,0.3879,180.4,0.38773835920177385,long_ientry_partial,69.94800000000001,0.04998233426958566,8.0
1681490340000.0,149317,1681490340000.0,0.09667416851441236,-0.0020123100000000002,1399.549109558519,1400.1465053900044,-25.7,0.3915,154.7,0.38773835920177385,long_nclose,59.98312416851441,0.04285889202375742,150.0
1681490520000.0,149320,1681490520000.0,0.08313226164079819,-0.0017304300000000002,1399.6305113901597,1400.3812449600046,-22.1,0.3915,132.6,0.38773835920177385,long_nclose,51.41410643015521,0.036734056604045454,3.0
1681490880000.0,149326,1681490880000.0,0.0,-0.0037364879999999996,1399.6267749021597,1399.4661684720045,48.3,0.3868,180.9,0.38748781885105144,long_ientry_partial,70.0965464301552,0.05008231314741408,6.0
1681491540000.0,149337,1681491540000.0,0.09577427364287276,-0.002018592,1399.7205305838027,1400.2187398800045,-25.8,0.3912,155.1,0.38748781885105144,long_nclose,60.09936070379808,0.042936685853090635,11.0
1681491660000.0,149339,1681491660000.0,0.08203920339176311,-0.0017291040000000004,1399.8008406831943,1400.3211607760045,-22.1,0.3912,133.0,0.38748781885105144,long_nclose,51.53587990718984,0.03681658019439177,2.0
1681491840000.0,149342,1681491840000.0,0.07053144183002258,-0.00148656,1399.8698855650243,1400.4070742160045,-19.0,0.3912,114.0,0.38748781885105144,long_nclose,44.173611349019865,0.031555512269049374,3.0
1681492020000.0,149345,1681492020000.0,0.060137334612966616,-0.001267488,1399.9287554116374,1400.3309267280047,-16.2,0.3912,97.8,0.38748781885105144,long_nclose,37.89630868363283,0.027070169490510776,3.0
1681492260000.0,149349,1681492260000.0,0.05159931797038494,-0.001087536,1399.9792671936077,1400.2655491920045,-13.9,0.3912,83.9,0.38748781885105144,long_nclose,32.51022800160322,0.023221935326780286,4.0
1681492500000.0,149353,1681492500000.0,0.044174955672487824,-0.0009310560000000001,1400.0225110932804,1400.2681881360047,-11.9,0.3912,72.0,0.38748781885105144,long_nclose,27.899122957275704,0.019927624546186205,4.0
1681492560000.0,149354,1681492560000.0,0.037864247719275275,-0.000798048,1400.0595772929996,1400.3075300880046,-10.2,0.3912,61.8,0.38748781885105144,long_nclose,23.946747204994978,0.01710409156394313,1.0
1681492680000.0,149356,1681492680000.0,0.032667194110747304,-0.0006885120000000001,1400.0915559751104,1400.2724015760048,-8.8,0.3912,53.0,0.38748781885105144,long_nclose,20.536854399105724,0.014668222454068432,2.0
1681492740000.0,149357,1681492740000.0,0.027841358617114176,-0.0005868000000000001,1400.1188105337274,1400.3013647760044,-7.5,0.3912,45.5,0.38748781885105144,long_nclose,17.63069575772284,0.012592285472546429,1.0
1681493880000.0,149376,1681493880000.0,0.055591358617114034,-0.00059235,1400.1738095423445,1400.4630724260046,-7.5,0.3949,38.0,0.38748781885105144,long_nclose,14.724537116339954,0.010516220926281116,19.0
1681494240000.0,149382,1681494240000.0,0.046696741238375784,-0.000497574,1400.2200087095828,1400.4581448520044,-6.3,0.3949,31.7,0.38748781885105144,long_nclose,12.28336385757833,0.00877245274397875,6.0
1681494360000.0,149384,1681494360000.0,0.0385433419745324,-0.000410696,1400.2581413555572,1400.4784141560044,-5.2,0.3949,26.5,0.38748781885105144,long_nclose,10.268427199552862,0.007333238705266329,2.0
1681495680000.0,149406,1681495680000.0,0.03261359705537357,-0.000347512,1400.2904074406126,1400.4564266440043,-4.4,0.3949,22.1,0.38748781885105144,long_nclose,8.563480796608237,0.0061155034349340285,22.0
1681496640000.0,149422,1681496640000.0,0.049333597055373685,-0.00035085600000000003,1400.339390181668,1400.5360757880044,-4.4,0.3987,17.7,0.38748781885105144,long_nclose,6.85853439366361,0.004897765814310088,16.0
1681496700000.0,149423,1681496700000.0,0.03924263402131997,-0.00027909,1400.3783537256893,1400.5460866980043,-3.5,0.3987,14.2,0.38748781885105144,long_nclose,5.50232702768493,0.003929171722089289,1.0
1681496820000.0,149425,1681496820000.0,0.052192634021319906,-0.00028168,1400.4302646797107,1400.5662850180045,-3.5,0.4024,10.7,0.38748781885105144,long_nclose,4.14611966170625,0.0029606041559338196,2.0
1681496880000.0,149426,1681496880000.0,0.038771670987266214,-0.000209248,1400.468827102698,1400.5790857700044,-2.6,0.4024,8.1,0.38748781885105144,long_nclose,3.1386513326935166,0.002241143302837226,1.0
1681496940000.0,149427,1681496940000.0,0.02982436229789709,-0.00016096,1400.498490504996,1400.5882348100045,-2.0,0.4024,6.1,0.38748781885105144,long_nclose,2.3636756949914135,0.001687738838004111,1.0
1681497480000.0,149436,1681497480000.0,0.013454617378738275,-9.5688e-05,1400.5118494343747,1400.5662991220045,-1.2,0.3987,4.9,0.38748781885105144,long_nclose,1.8986903123701522,0.0013557117086420776,9.0
1681497540000.0,149437,1681497540000.0,0.010090963034053707,-7.1766e-05,1400.5218686314088,1400.5639173560046,-0.9,0.3987,4.0,0.38748781885105144,long_nclose,1.5499512754042057,0.0011066955183776028,1.0
1681497660000.0,149439,1681497660000.0,0.008969744919158851,-6.3792e-05,1400.530774584328,1400.5685735640045,-0.8,0.3987,3.2,0.38748781885105144,long_nclose,1.2399610203233646,0.0008853507847347233,2.0
1681497780000.0,149441,1681497780000.0,0.006727308689369138,-4.7844e-05,1400.5374540490172,1400.5668657200044,-0.6,0.3987,2.6,0.38748781885105144,long_nclose,1.0074683290127338,0.0007193440818737815,2.0
1681498560000.0,149454,1681498560000.0,0.008947308689369127,-4.8288e-05,1400.5463530697066,1400.5769774320045,-0.6,0.4024,2.0,0.38748781885105144,long_nclose,0.7749756377021029,0.0005533380855289204,13.0
1681499040000.0,149462,1681499040000.0,0.007456090574474272,-4.024e-05,1400.553768920281,1400.5767371920044,-0.5,0.4024,1.5,0.38748781885105144,long_nclose,0.5812317282765771,0.0004150013667270068,8.0
1681499640000.0,149472,1681499640000.0,0.003363654344684569,-2.3922e-05,1400.5571086526256,1400.5691232700044,-0.3,0.3987,1.2,0.38748781885105144,long_nclose,0.4649853826212617,0.0003320003017003644,10.0
1681499700000.0,149473,1681499700000.0,0.002242436229789713,-1.5948e-05,1400.5593351408554,1400.5707473220043,-0.2,0.3987,1.0,0.38748781885105144,long_nclose,0.38748781885105144,0.00027666647826247325,1.0
1681499820000.0,149475,1681499820000.0,0.002242436229789713,-1.5948e-05,1400.5615616290852,1400.5708513740044,-0.2,0.3987,0.8,0.38748781885105144,long_nclose,0.30999025508084116,0.0002213328307541663,2.0
1681500300000.0,149483,1681500300000.0,0.002982436229789709,-1.6096e-05,1400.564527969315,1400.5734152780042,-0.2,0.4024,0.6,0.38748781885105144,long_nclose,0.23249269131063086,0.00016599927148499405,8.0
1681500900000.0,149493,1681500900000.0,0.0011212181148948564,-7.974e-06,1400.5656412134297,1400.5716973040041,-0.1,0.3987,0.5,0.38748781885105144,long_nclose,0.19374390942552572,0.00013833261628328167,10.0
1681501200000.0,149498,1681501200000.0,0.0011212181148948564,-7.974e-06,1400.5667544575444,1400.571519330004,-0.1,0.3987,0.4,0.38748781885105144,long_nclose,0.15499512754042058,0.00011066600506339447,5.0
1681502940000.0,149527,1681502940000.0,0.0011212181148948564,-7.974e-06,1400.5678677016592,1400.5713213560039,-0.1,0.3987,0.3,0.38748781885105144,long_nclose,0.11624634565531543,8.299943782522758e-05,29.0
1681503480000.0,149536,1681503480000.0,0.0011212181148948564,-7.974e-06,1400.568980945774,1400.5712433820038,-0.1,0.3987,0.2,0.38748781885105144,long_nclose,0.07749756377021029,5.533291456867612e-05,9.0
1681503600000.0,149538,1681503600000.0,0.0011212181148948564,-7.974e-06,1400.5700941898888,1400.5712754080037,-0.1,0.3987,0.1,0.38748781885105144,long_nclose,0.038748781885105145,2.7666435293635222e-05,2.0
1681503840000.0,149542,1681503840000.0,0.0011212181148948564,-7.974e-06,1400.5712074340036,1400.5712074340036,-0.1,0.3987,0.0,0.38748781885105144,long_nclose,0.0,0.0,4.0
1681517040000.0,149762,1681517040000.0,0.0,-0.014005888,1400.5572015460036,1400.3977215460036,177.2,0.3952,177.2,0.3952,long_ientry_normal,70.02944,0.05000112806724214,220.0
1681607460000.0,151269,1681607460000.0,0.0,-0.014004286000000003,1400.5431972600036,1398.5762772600035,182.3,0.3841,359.5,0.3895712656467315,long_rentry,140.05086999999997,0.09999753686569102,1507.0
1681660080000.0,152146,1681660080000.0,0.19128407232267308,-0.004035258,1400.7304460743262,1402.0337420020035,-51.3,0.3933,308.2,0.3895712656467315,long_nclose,120.06586407232264,0.08571660907979696,877.0
1681685760000.0,152574,1681685760000.0,0.16406431154381318,-0.00346104,1400.89104934587,1401.9290209620035,-44.0,0.3933,264.2,0.3895712656467315,long_nclose,102.92472838386645,0.07347090156077875,428.0
1681686000000.0,152578,1681686000000.0,0.14057328511822176,-0.002965482,1401.0286571489883,1401.9185154800036,-37.7,0.3933,226.5,0.3895712656467315,long_nclose,88.23789166898469,0.06298079002077206,4.0
1681693200000.0,152698,1681693200000.0,0.0,-0.014008368,1401.0146487809882,1399.4721971120036,185.1,0.3784,411.6,0.38454745303446225,long_rentry,158.27973166898468,0.11297507260663023,120.0
1681699200000.0,152798,1681699200000.0,0.21476976157361907,-0.004565232,1401.2248533105617,1402.7251518800033,-58.8,0.3882,352.8,0.38454745303446225,long_nclose,135.66834143055829,0.09682124971593643,100.0
1681702320000.0,152850,1681702320000.0,0.43232976157362124,-0.0046087440000000006,1401.6525743281352,1403.8436231360033,-58.8,0.3919,294.0,0.38454745303446225,long_nclose,113.0569511921319,0.08065975353865729,52.0
1681702800000.0,152858,1681702800000.0,0.36027480131135103,-0.0038406200000000008,1402.0090085094466,1403.8348825160033,-49.0,0.3919,245.0,0.38454745303446225,long_nclose,94.21412599344325,0.0671993727726525,8.0
1681703100000.0,152863,1681703100000.0,0.29998391619394127,-0.003197904,1402.3057945216406,1403.9297046120034,-40.8,0.3919,204.2,0.38454745303446225,long_nclose,78.52458990963719,0.05599676633756175,5.0
1681704360000.0,152884,1681704360000.0,0.4509439161939405,-0.003228096,1402.7535103418345,1404.6248565160033,-40.8,0.3956,163.4,0.38454745303446225,long_nclose,62.83505382583113,0.04479408061543112,21.0
1681704780000.0,152891,1681704780000.0,0.6019039161939397,-0.003258288,1403.3521559700284,1405.1975982280035,-40.8,0.3993,122.6,0.38454745303446225,long_nclose,47.14551774202507,0.03359493021153841,7.0
1681705080000.0,152896,1681705080000.0,0.4514279371454548,-0.002443716,1403.8011401911738,1405.2411745120032,-30.6,0.3993,92.0,0.38454745303446225,long_nclose,35.37836567917053,0.025201835691879122,5.0
1681705500000.0,152903,1681705500000.0,0.339308580207368,-0.00183678,1404.1386119913811,1405.2393377320032,-23.0,0.3993,69.0,0.38454745303446225,long_nclose,26.533774259377896,0.01889683399685669,7.0
1681706580000.0,152921,1681706580000.0,0.15252514812442106,-0.0010918560000000002,1404.2900452835056,1404.9056658760032,-13.8,0.3956,55.2,0.38454745303446225,long_nclose,21.22701940750232,0.015115836987377415,18.0
1681706880000.0,152926,1681706880000.0,0.2035851481244208,-0.001102068,1404.49252836363,1405.0701638080034,-13.8,0.3993,41.4,0.38454745303446225,long_nclose,15.920264555626737,0.011335243323918134,5.0
1681706940000.0,152927,1681706940000.0,0.15195123374503872,-0.0008225580000000001,1404.643657039375,1405.1304512500033,-10.3,0.3993,31.1,0.38454745303446225,long_nclose,11.959425789371776,0.008514206239737093,1.0
1681707120000.0,152930,1681707120000.0,0.11359461163464059,-0.000614922,1404.7566367290096,1405.1065263280032,-7.7,0.3993,23.4,0.38454745303446225,long_nclose,8.998410401006415,0.006405672104144179,3.0
1681707420000.0,152935,1681707420000.0,0.08556477240011888,-0.000463188,1404.84173831341,1405.1330631400033,-5.8,0.3993,17.6,0.38454745303446225,long_nclose,6.7680351734065365,0.00481764955355892,5.0
1681707960000.0,152944,1681707960000.0,0.06491120664836605,-0.00035138400000000005,1404.9062981360582,1405.1023517560034,-4.4,0.3993,13.2,0.38454745303446225,long_nclose,5.076026380054901,0.0036130711256611597,9.0
1681708260000.0,152949,1681708260000.0,0.048683404986274534,-0.00026353799999999996,1404.9547180030447,1405.1136382180036,-3.3,0.3993,9.9,0.38454745303446225,long_nclose,3.8070197850411764,0.002709709954533158,5.0
1681708680000.0,152956,1681708680000.0,0.03540611271729057,-0.000191664,1404.989932451762,1405.1020765540034,-2.4,0.3993,7.5,0.38454745303446225,long_nclose,2.884105897758467,0.0020527591202917665,7.0
1681708800000.0,152958,1681708800000.0,0.02655458453796793,-0.00014374800000000002,1405.0163432882998,1405.0958728060034,-1.8,0.3993,5.7,0.38454745303446225,long_nclose,2.191920482296435,0.0015600676054532325,2.0
1681708860000.0,152959,1681708860000.0,0.020653565751752832,-0.000111804,1405.0368850500515,1405.1033310020034,-1.4,0.3993,4.3,0.38454745303446225,long_nclose,1.6535540480481876,0.0011768758995884176,1.0
1681709220000.0,152965,1681709220000.0,0.014752546965537738,-7.986e-05,1405.0515577370172,1405.1051911420036,-1.0,0.3993,3.3,0.38454745303446225,long_nclose,1.2690065950137253,0.0009031743981392351,6.0
1681709340000.0,152967,1681709340000.0,0.011802037572430191,-6.388800000000001e-05,1405.0632958865895,1405.0991772540033,-0.8,0.3993,2.5,0.38454745303446225,long_nclose,0.9613686325861557,0.0006842173127720454,2.0
1681709400000.0,152968,1681709400000.0,0.008851528179322643,-4.7916e-05,1405.0720994987687,1405.1100093380032,-0.6,0.3993,1.9,0.38454745303446225,long_nclose,0.7306401607654782,0.000520001899565239,1.0
1681709400000.0,152968,1681709400000.0,0.011071528179322665,-4.8360000000000005e-05,1405.0831226669482,1405.1090609780033,-0.6,0.403,1.3,0.38454745303446225,long_nclose,0.4999116889448009,0.0003557879821344184,0.0
1681709460000.0,152969,1681709460000.0,0.013291528179322653,-4.8804e-05,1405.0963653911274,1405.1120121740032,-0.6,0.4067,0.7,0.38454745303446225,long_nclose,0.2691832171241236,0.00019157633864435542,1.0
1681709640000.0,152972,1681709640000.0,0.003690509393107555,-1.612e-05,1405.1000397805205,1405.1108160540034,-0.2,0.403,0.5,0.38454745303446225,long_nclose,0.19227372651723112,0.00013683988404645172,3.0
1681709820000.0,152975,1681709820000.0,0.004430509393107552,-1.6268000000000004e-05,1405.1044540219136,1405.1110397860032,-0.2,0.4067,0.3,0.38454745303446225,long_nclose,0.11536423591033867,8.210367249219429e-05,3.0
1681709880000.0,152976,1681709880000.0,0.002215254696553776,-8.134000000000002e-06,1405.1066611426102,1405.1114316520034,-0.1,0.4067,0.2,0.38454745303446225,long_nclose,0.07690949060689245,5.4735695683309113e-05,1.0
1681710060000.0,152979,1681710060000.0,0.002215254696553776,-8.134000000000002e-06,1405.1088682633067,1405.1108935180032,-0.1,0.4067,0.1,0.38454745303446225,long_nclose,0.038454745303446225,2.7367804852712737e-05,3.0
1681710420000.0,152985,1681710420000.0,0.002215254696553776,-8.134000000000002e-06,1405.1110753840032,1405.1110753840032,-0.1,0.4067,0.0,0.38454745303446225,long_nclose,0.0,0.0,6.0
1681716660000.0,153089,1681716660000.0,0.0,-0.014052967999999999,1405.0970224160033,1405.0612824160032,178.7,0.3932,178.7,0.3932,long_ientry_normal,70.26483999999999,0.05000710903164726,104.0
1681719240000.0,153132,1681719240000.0,0.09690000000000065,-0.0020247,1405.1918977160033,1405.6974577160033,-25.5,0.397,153.2,0.3932,long_nclose,60.23824,0.0428683371274138,43.0
1681719480000.0,153136,1681719480000.0,0.08284000000000057,-0.0017309200000000002,1405.2730067960033,1405.8380267960033,-21.8,0.397,131.4,0.3932,long_nclose,51.66648,0.036766151310198884,4.0
1681719780000.0,153141,1681719780000.0,0.1664399999999999,-0.001755504,1405.4376912920034,1406.2260912920033,-21.9,0.4008,109.5,0.3932,long_nclose,43.0554,0.03063486931279013,5.0
1681719840000.0,153142,1681719840000.0,0.13831999999999992,-0.001458912,1405.5745523800033,1406.3597323800034,-18.2,0.4008,91.3,0.3932,long_nclose,35.899159999999995,0.025540559153702222,1.0
1681720080000.0,153146,1681720080000.0,0.2056600000000006,-0.0014723800000000001,1405.7787400000034,1406.5536000000034,-18.2,0.4045,73.1,0.3932,long_nclose,28.742919999999998,0.020446261692647256,4.0
1681720260000.0,153149,1681720260000.0,0.16498000000000046,-0.0011811400000000002,1405.9425388600034,1406.5860388600033,-14.6,0.4045,58.5,0.3932,long_nclose,23.0022,0.016360697086988445,3.0
1681720560000.0,153154,1681720560000.0,0.13221000000000038,-0.00094653,1406.0738023300034,1406.5698823300033,-11.7,0.4045,46.8,0.3932,long_nclose,18.40176,0.013087335792407527,5.0
1681720620000.0,153155,1681720620000.0,0.10509000000000031,-0.0007523700000000001,1406.1781399600034,1406.5906399600033,-9.3,0.4045,37.5,0.3932,long_nclose,14.745,0.010485869166206353,1.0
1681720920000.0,153160,1681720920000.0,0.08475000000000024,-0.0006067500000000001,1406.2622832100033,1406.6042832100034,-7.5,0.4045,30.0,0.3932,long_nclose,11.796,0.00838819339808636,5.0
1681721040000.0,153162,1681721040000.0,0.0678000000000002,-0.00048540000000000003,1406.3295978100034,1406.6007978100033,-6.0,0.4045,24.0,0.3932,long_nclose,9.4368,0.006710233514743193,2.0
1681721100000.0,153163,1681721100000.0,0.054240000000000156,-0.00038832,1406.3834494900034,1406.5946494900033,-4.8,0.4045,19.2,0.3932,long_nclose,7.54944,0.005367981259120798,1.0
1681721220000.0,153165,1681721220000.0,0.042940000000000124,-0.00030742000000000003,1406.4260820700035,1406.5939420700035,-3.8,0.4045,15.4,0.3932,long_nclose,6.05528,0.004305437788161414,2.0
1681721280000.0,153166,1681721280000.0,0.0339000000000001,-0.00024270000000000002,1406.4597393700035,1406.6010993700036,-3.0,0.4045,12.4,0.3932,long_nclose,4.87568,0.003466633180828885,1.0
1681721580000.0,153171,1681721580000.0,0.027120000000000078,-0.00019416,1406.4866652100034,1406.6086652100034,-2.4,0.4045,10.0,0.3932,long_nclose,3.932,0.0027956183995622246,5.0
1681721940000.0,153177,1681721940000.0,0.022600000000000064,-0.00016180000000000003,1406.5091034100035,1406.6123034100035,-2.0,0.4045,8.0,0.3932,long_nclose,3.1456,0.0022364590405946658,6.0
1681722060000.0,153179,1681722060000.0,0.030200000000000005,-0.00016332,1406.5391400900035,1406.6489400900034,-2.0,0.4083,6.0,0.3932,long_nclose,2.3592,0.0016773084607151682,2.0
1681722120000.0,153180,1681722120000.0,0.037800000000000056,-0.00016484000000000003,1406.5767752500035,1406.6515752500036,-2.0,0.4121,4.0,0.3932,long_nclose,1.5728,0.0011181757211371928,1.0
1681722180000.0,153181,1681722180000.0,0.024570000000000036,-0.00010714600000000001,1406.6012381040036,1406.6600981040037,-1.3,0.4121,2.7,0.3932,long_nclose,1.0616400000000001,0.0007547554852368919,1.0
1681722240000.0,153182,1681722240000.0,0.029509999999999998,-0.000108134,1406.6306399700038,1406.663119970004,-1.3,0.4159,1.4,0.3932,long_nclose,0.55048,0.00039134651582148025,1.0
1681722720000.0,153190,1681722720000.0,0.015889999999999998,-5.8226e-05,1406.6464717440037,1406.6622217440038,-0.7,0.4159,0.7,0.3932,long_nclose,0.27524,0.00019567105561267922,8.0
1681722780000.0,153191,1681722780000.0,0.006809999999999999,-2.4954e-05,1406.6532567900038,1406.6633367900038,-0.3,0.4159,0.4,0.3932,long_nclose,0.15728,0.00011181149244904495,1.0
1681723380000.0,153201,1681723380000.0,0.0018900000000000028,-8.242000000000002e-06,1406.6551385480038,1406.660688548004,-0.1,0.4121,0.3,0.3932,long_nclose,0.11796,8.385850715461234e-05,10.0
1681723440000.0,153202,1681723440000.0,0.0018900000000000028,-8.242000000000002e-06,1406.657020306004,1406.660780306004,-0.1,0.4121,0.2,0.3932,long_nclose,0.07864,5.590559664849408e-05,1.0
1681723560000.0,153204,1681723560000.0,0.0018900000000000028,-8.242000000000002e-06,1406.658902064004,1406.660912064004,-0.1,0.4121,0.1,0.3932,long_nclose,0.03932,2.795276093039001e-05,2.0
1681724100000.0,153213,1681724100000.0,0.0018900000000000028,-8.242000000000002e-06,1406.660783822004,1406.660783822004,-0.1,0.4121,0.0,0.3932,long_nclose,0.0,0.0,9.0
1681745640000.0,153572,1681745640000.0,0.0,-0.014067144,1406.6467166780042,1406.6812966780042,172.9,0.4068,172.9,0.4068,long_ientry_normal,70.33572,0.05000240583940492,359.0
1681752000000.0,153678,1681752000000.0,0.09633000000000036,-0.002028858,1406.7410178200043,1407.3338178200042,-24.7,0.4107,148.2,0.4068,long_nclose,60.28775999999999,0.04285633193054014,106.0
1681752780000.0,153691,1681752780000.0,0.08229000000000031,-0.0017331540000000002,1406.8215746660044,1407.3426846660043,-21.1,0.4107,127.1,0.4068,long_nclose,51.70428,0.036752549812349294,13.0
1681753020000.0,153695,1681753020000.0,0.07059000000000026,-0.0014867340000000002,1406.8906779320043,1407.3593779320042,-18.1,0.4107,109.0,0.4068,long_nclose,44.3412,0.03151716099589014,4.0
1681755780000.0,153741,1681755780000.0,0.0,-0.005198904,1406.8854790280043,1406.6952890280043,63.9,0.4068,172.9,0.4068,long_ientry_partial,70.33572,0.049993919937672444,46.0
1681759440000.0,153802,1681759440000.0,0.09633000000000036,-0.002028858,1406.9797801700045,1407.6466801700044,-24.7,0.4107,148.2,0.4068,long_nclose,60.28775999999999,0.04284905927554656,61.0
1681760820000.0,153825,1681760820000.0,0.08229000000000031,-0.0017331540000000002,1407.0603370160045,1407.6195770160045,-21.1,0.4107,127.1,0.4068,long_nclose,51.70428,0.036746313317061324,23.0
1681761540000.0,153837,1681761540000.0,0.07059000000000026,-0.0014867340000000002,1407.1294402820045,1407.5981402820044,-18.1,0.4107,109.0,0.4068,long_nclose,44.3412,0.03151181314997825,12.0
1681763340000.0,153867,1681763340000.0,0.060450000000000226,-0.0012731700000000001,1407.1886171120043,1407.5906671120042,-15.5,0.4107,93.5,0.4068,long_nclose,38.0358,0.027029638768725606,30.0
1681764960000.0,153894,1681764960000.0,0.0,-0.0064548,1407.1821623120043,1407.2476123120043,79.2,0.4075,172.7,0.40712101910828025,long_ientry_partial,70.3098,0.049964959678341005,27.0
1681776840000.0,154092,1681776840000.0,0.09542292993630536,-0.00202212,1407.2755631219406,1407.9240901920043,-24.6,0.411,148.1,0.40712101910828025,long_nclose,60.2946229299363,0.04284492995542179,198.0
1681795320000.0,154400,1681795320000.0,0.0818464968152863,-0.0017344200000000002,1407.355675198756,1407.9880057720045,-21.1,0.411,127.0,0.40712101910828025,long_nclose,51.70436942675159,0.03673866552564942,308.0
1681796280000.0,154416,1681796280000.0,0.1641364968152866,-0.0017508780000000002,1407.5180608175713,1408.2783148940043,-21.1,0.4149,105.9,0.40712101910828025,long_nclose,43.11411592356688,0.03063130564628322,16.0
1681796400000.0,154418,1681796400000.0,0.1369100636942675,-0.001460448,1407.6535104332656,1408.3668844460044,-17.6,0.4149,88.3,0.40712101910828025,long_nclose,35.94878598726115,0.0255380928053782,2.0
1681796880000.0,154426,1681796880000.0,0.11435101910828024,-0.0012198060000000001,1407.7666416463737,1408.3244546400042,-14.7,0.4149,73.6,0.40712101910828025,long_nclose,29.964107006369424,0.02128485369658042,8.0
1681797900000.0,154443,1681797900000.0,0.09490356687898088,-0.001012356,1407.8605328572526,1408.3565822840042,-12.2,0.4149,61.4,0.40712101910828025,long_nclose,24.997230573248405,0.017755473635244632,17.0
1681798560000.0,154454,1681798560000.0,0.0793456050955414,-0.0008463959999999999,1407.939032066348,1408.342435888004,-10.2,0.4149,51.2,0.40712101910828025,long_nclose,20.84459617834395,0.014805041769281428,11.0
1681798680000.0,154456,1681798680000.0,0.06612133757961783,-0.00070533,1408.0044480739277,1408.3665005580042,-8.5,0.4149,42.7,0.40712101910828025,long_nclose,17.38406751592357,0.012346599856061543,2.0
1681798920000.0,154460,1681798920000.0,0.055230764331210186,-0.000589158,1408.059089680259,1408.3502614000042,-7.1,0.4149,35.6,0.40712101910828025,long_nclose,14.493508280254778,0.010293252880137263,4.0
1681799040000.0,154462,1681799040000.0,0.04589598726114649,-0.0004895820000000001,1408.1044960855202,1408.3919618180043,-5.9,0.4149,29.7,0.40712101910828025,long_nclose,12.091494267515923,0.008587071698961151,2.0
1681799820000.0,154475,1681799820000.0,0.03811700636942675,-0.000406602,1408.1422064898895,1408.354965216004,-4.9,0.4149,24.8,0.40712101910828025,long_nclose,10.09660127388535,0.007170157408358204,13.0
1681800240000.0,154482,1681800240000.0,0.05771700636942677,-0.000410522,1408.1995129742588,1408.406054694004,-4.9,0.4189,19.9,0.40712101910828025,long_nclose,8.101708280254776,0.005753238944915664,7.0
1681800300000.0,154483,1681800300000.0,0.04593802547770701,-0.00032674200000000004,1408.2451242577365,1408.417587952004,-3.9,0.4189,16.0,0.40712101910828025,long_nclose,6.513936305732484,0.004625569933477225,1.0
1681802940000.0,154527,1681802940000.0,0.008533757961783406,-0.00018084,1408.2534771756982,1408.311147112004,-2.2,0.411,13.8,0.40712101910828025,long_nclose,5.6182700636942675,0.003989530403973797,44.0
1681803540000.0,154537,1681803540000.0,0.0,-0.012958499999999998,1408.2405186756982,1408.522228612004,159.0,0.4075,172.8,0.40746973416489735,long_ientry_partial,70.41077006369427,0.049999108199150655,10.0
1681804380000.0,154551,1681804380000.0,0.096684539543525,-0.0020240880000000003,1408.3351791272416,1408.917644524004,-24.6,0.4114,148.2,0.40746973416489735,long_nclose,60.38701460323778,0.04287829736715103,14.0
1681804500000.0,154553,1681804500000.0,0.08292860912066576,-0.001736108,1408.4163716283624,1408.941328416004,-21.1,0.4114,127.1,0.40746973416489735,long_nclose,51.78940321235845,0.03677137262504364,2.0
1681804620000.0,154555,1681804620000.0,0.07113781161535783,-0.0014892680000000002,1408.4860201719778,1408.914419148004,-18.1,0.4114,109.0,0.40746973416489735,long_nclose,44.41420102397381,0.03153329205109951,2.0
1681804680000.0,154556,1681804680000.0,0.06091912044409095,-0.00127534,1408.545663952422,1408.9224938080042,-15.5,0.4114,93.5,0.40746973416489735,long_nclose,38.0984201444179,0.027048054684654363,1.0
1681804800000.0,154558,1681804800000.0,0.05227253560686514,-0.001094324,1408.5968421640289,1408.9361094840042,-13.3,0.4114,80.2,0.40746973416489735,long_nclose,32.67907268002477,0.02319973444624501,2.0
1681806600000.0,154588,1681806600000.0,0.04480503052017012,-0.0009379920000000001,1408.640709202549,1408.945511492004,-11.4,0.4114,68.8,0.40746973416489735,long_nclose,28.033917710544937,0.01990139680573006,30.0
1681806900000.0,154593,1681806900000.0,0.038516605184005896,-0.0008063440000000001,1408.678419463733,1408.922105148004,-9.8,0.4114,59.0,0.40746973416489735,long_nclose,24.040714315728945,0.01706614794658454,5.0
1681807140000.0,154597,1681807140000.0,0.03301423301486219,-0.0006911520000000001,1408.710742544748,1408.909613996004,-8.4,0.4114,50.6,0.40746973416489735,long_nclose,20.617968548743807,0.014636055455571194,4.0
1681807200000.0,154598,1681807200000.0,0.028297914012739022,-0.000592416,1408.7384480427606,1408.909021580004,-7.2,0.4114,43.4,0.40746973416489735,long_nclose,17.684186462756543,0.012553207791926297,1.0
1681807260000.0,154599,1681807260000.0,0.02436764817763638,-0.000510136,1408.7623055549382,1408.908511444004,-6.2,0.4114,37.2,0.40746973416489735,long_nclose,15.157874110934182,0.010759710173366122,1.0
1681808040000.0,154612,1681808040000.0,0.020830408926044004,-0.000436084,1408.7826998798641,1408.8985053600038,-5.3,0.4114,31.9,0.40746973416489735,long_nclose,12.998284519860224,0.009226607141732129,13.0
1681810020000.0,154645,1681810020000.0,0.01768619625796189,-0.00037026,1408.8000158161221,1408.913185100004,-4.5,0.4114,27.4,0.40746973416489735,long_nclose,11.164670716118186,0.007924950731669647,33.0
1681813140000.0,154697,1681813140000.0,0.015328036756900304,-0.00032089200000000003,1408.815022960879,1408.909734208004,-3.9,0.4114,23.5,0.40746973416489735,long_nclose,9.575538752875088,0.006796874392175607,52.0
1681814340000.0,154717,1681814340000.0,0.012969877255838718,-0.000271524,1408.8277213141348,1408.9151926840038,-3.3,0.4114,20.2,0.40746973416489735,long_nclose,8.230888630130925,0.0058423670301243555,20.0
1681817220000.0,154765,1681817220000.0,0.011004744338287397,-0.00023038399999999998,1408.8384956744733,1408.908622300004,-2.8,0.4114,17.4,0.40746973416489735,long_nclose,7.0899733744692135,0.005032495489183045,48.0
1681817880000.0,154776,1681817880000.0,0.022707770921797703,-0.000240874,1408.8609625713952,1408.9716014260043,-2.9,0.4153,14.5,0.40746973416489735,long_nclose,5.9083111453910115,0.004193679363936243,11.0
1681818300000.0,154783,1681818300000.0,0.018792638004246374,-0.000199344,1408.8795558653994,1408.970672082004,-2.4,0.4153,12.1,0.40746973416489735,long_nclose,4.930383783395258,0.0034995069400143197,7.0
1681818660000.0,154789,1681818660000.0,0.015660531670205313,-0.00016612000000000002,1408.8950502770697,1408.9670659620042,-2.0,0.4153,10.1,0.40746973416489735,long_nclose,4.115444315065463,0.002921043916121453,6.0
1681819800000.0,154808,1681819800000.0,0.005502372169143698,-0.00011519199999999999,1408.9004374572387,1408.9381107700042,-1.4,0.4114,8.7,0.40746973416489735,long_nclose,3.5449866872346067,0.0025161371186970052,19.0
1681819920000.0,154810,1681819920000.0,0.004716319002123171,-9.8736e-05,1408.905055040241,1408.9390320340042,-1.2,0.4114,7.5,0.40746973416489735,long_nclose,3.05602300623673,0.002169076614001817,2.0
1681820040000.0,154812,1681820040000.0,0.003930265835102642,-8.228e-05,1408.9089030260761,1408.9350997540043,-1.0,0.4114,6.5,0.40746973416489735,long_nclose,2.6485532720718328,0.0018798612645453722,2.0
1681821660000.0,154839,1681821660000.0,0.0,-0.013556016,1408.8953470100762,1408.9072437380044,165.6,0.4093,172.1,0.4092308731671809,long_ientry_partial,70.42863327207182,0.049988548419535754,27.0
1681840560000.0,155154,1681840560000.0,0.0,-0.014086534000000001,1408.8812604760762,1407.4904372040044,177.1,0.3977,349.2,0.40338288451337867,long_rentry,140.86130327207184,0.09998096164929703,315.0
1681850700000.0,155323,1681850700000.0,0.195072351233742,-0.004056708,1409.07227611931,1410.2750004960044,-49.8,0.4073,299.4,0.40338288451337867,long_nclose,120.77283562330557,0.08571088770259745,169.0
1681851120000.0,155330,1681851120000.0,0.1672608312787306,-0.003478342,1409.2360586085886,1410.2672521540042,-42.7,0.4073,256.7,0.40338288451337867,long_nclose,103.5483864545843,0.0734783827180969,7.0
1681851240000.0,155332,1681851240000.0,0.1433664268103405,-0.002981436,1409.376443599399,1410.4146807180043,-36.6,0.4073,220.1,0.40338288451337867,long_nclose,88.78457288139464,0.06299564128846101,2.0
1681852860000.0,155359,1681852860000.0,0.12299742627990962,-0.0025578439999999997,1409.4968831816789,1410.2549128740043,-31.4,0.4073,188.7,0.40338288451337867,long_nclose,76.11835030767455,0.05400391530902249,27.0
1681853220000.0,155365,1681853220000.0,0.10537040659011365,-0.002191274,1409.6000623142688,1410.2985716000042,-26.9,0.4073,161.8,0.40338288451337867,long_nclose,65.26735071426468,0.04630203449843023,6.0
1681854060000.0,155379,1681854060000.0,0.09048536774095262,-0.0018817260000000002,1409.6886659560098,1410.245839874004,-23.1,0.4073,138.7,0.40338288451337867,long_nclose,55.94920608200562,0.03968905151412457,14.0
1681854360000.0,155384,1681854360000.0,0.07755888663510224,-0.0016129080000000004,1409.764611934645,1410.2422469660044,-19.8,0.4073,118.9,0.40338288451337867,long_nclose,47.962224968640726,0.034021441992944705,5.0
1681854480000.0,155386,1681854480000.0,0.0661992517239004,-0.0013766739999999998,1409.8294345123688,1410.2799802920042,-16.9,0.4073,102.0,0.40338288451337867,long_nclose,41.14505422036463,0.029184419911473802,2.0
1681860000000.0,155478,1681860000000.0,0.05679817455600922,-0.00118117,1409.8850515169247,1410.2365491220041,-14.5,0.4073,87.5,0.40338288451337867,long_nclose,35.296002394920635,0.02503466673183387,92.0
1681862820000.0,155525,1681862820000.0,0.04896394358276657,-0.00101825,1409.9329972105074,1410.264280872004,-12.5,0.4073,75.0,0.40338288451337867,long_nclose,30.253716338503402,0.021457556067103256,47.0
1681863960000.0,155544,1681863960000.0,0.0,-0.008010492000000001,1409.9249867185074,1410.106270380004,98.7,0.4058,173.7,0.4047563404634623,long_ientry_partial,70.3061763385034,0.04986518928367647,19.0
1681869780000.0,155641,1681869780000.0,0.09532275650613502,-0.0020266560000000004,1410.0182828190136,1410.799063724004,-24.8,0.4086,148.9,0.4047563404634623,long_nclose,60.26821909500954,0.04274286357090124,97.0
1681872240000.0,155682,1681872240000.0,0.0814855821745993,-0.001732464,1410.0980359371881,1410.588871260004,-21.2,0.4086,127.7,0.4047563404634623,long_nclose,51.68738467718414,0.0366551710305953,41.0
1681873380000.0,155701,1681873380000.0,0.06995460356498619,-0.001487304,1410.1665032367532,1410.609283956004,-18.2,0.4086,109.5,0.4047563404634623,long_nclose,44.32081928074912,0.03142949373639184,19.0
1681873740000.0,155707,1681873740000.0,0.05996108876998816,-0.001274832,1410.2251894935232,1410.586109124004,-15.6,0.4086,93.9,0.4047563404634623,long_nclose,38.00662036951911,0.026950745634581268,6.0
1681873800000.0,155708,1681873800000.0,0.05150503778960521,-0.0010950480000000002,1410.2755994833128,1410.601114076004,-13.4,0.4086,80.5,0.4047563404634623,long_nclose,32.582885407308716,0.023103913461486686,1.0
1681874160000.0,155714,1681874160000.0,0.04420208467018358,-0.0009397800000000001,1410.318861787983,1410.5978742960042,-11.5,0.4086,69.0,0.4047563404634623,long_nclose,27.9281874919789,0.019802746916801443,6.0
1681875960000.0,155744,1681875960000.0,0.0,-0.008499546,1410.310362241983,1410.4066447500043,104.7,0.4059,173.7,0.40544569655716123,long_ientry_partial,70.42591749197891,0.04993646744538003,30.0
1681891800000.0,156008,1681891800000.0,0.0,-0.0141052,1410.2962570419832,1406.6151795500043,179.0,0.394,352.7,0.3996368514090698,long_rentry,140.95191749197892,0.09994489937002146,264.0
1681891800000.0,156008,1681891800000.0,0.0,-0.014100888,1410.2821561539831,1406.8921186620041,181.9,0.3876,534.6,0.39554125980542254,long_rentry,211.4563574919789,0.1499390434525861,0.0
1681891860000.0,156009,1681891860000.0,0.0,-0.020278384000000003,1410.2618777699831,1403.1841002780043,264.8,0.3829,799.4,0.39135386226166985,long_rentry,312.8482774919789,0.22183700944017515,1.0
1681892460000.0,156019,1681892460000.0,0.0,-0.029914204000000003,1410.231963565983,1401.1899560740042,395.9,0.3778,1195.3,0.38686463439469493,long_rentry,462.41929749197885,0.32790300421406016,10.0
1681892520000.0,156020,1681892520000.0,0.0,-0.04403296,1410.187930605983,1379.2534131140042,592.0,0.3719,1787.3,0.381907960326738,long_rentry,682.5840974919788,0.48403768226739835,1.0
1681892520000.0,156020,1681892520000.0,0.0,-0.064601896,1410.1233287099828,1378.923251218004,885.2,0.3649,2672.5,0.3762744911101885,long_rentry,1005.5935774919787,0.7131245594042627,0.0
1681913400000.0,156368,1681913400000.0,1.3838567432410502,-0.029001566000000003,1411.4781838872238,1420.241659652004,-381.7,0.3799,2290.8,0.3762744911101885,long_nclose,861.9696042352199,0.6106857435524421,348.0
1681913520000.0,156370,1681913520000.0,1.1862665087463233,-0.024860656000000002,1412.63958973997,1419.562278996004,-327.2,0.3799,1963.6,0.3762744911101885,long_nclose,738.8525907439662,0.5230297919655286,2.0
1681913580000.0,156371,1681913580000.0,1.0169552435921263,-0.021312390000000004,1413.635232593562,1420.7471866060037,-280.5,0.3799,1683.1,0.3762744911101885,long_nclose,633.3075959875582,0.44799930094105267,1.0
1681913760000.0,156374,1681913760000.0,0.871572337110685,-0.018265592,1414.4885393386726,1420.0076010140035,-240.4,0.3799,1442.7,0.3762744911101885,long_nclose,542.851208324669,0.38377914930189017,3.0
1681913940000.0,156377,1681913940000.0,0.7472173821901505,-0.015659478,1415.2200972428627,1419.8270615360036,-206.1,0.3799,1236.6,0.3762744911101885,long_nclose,465.30103570685907,0.3287835133300893,3.0
1681914060000.0,156379,1681914060000.0,0.6402648699407112,-0.013418068,1415.8469440448034,1419.6899834680037,-176.6,0.3799,1060.0,0.3762744911101885,long_nclose,398.8509605767998,0.28170485676746887,2.0
1681914960000.0,156394,1681914960000.0,0.5489020459174614,-0.011503372000000001,1416.3843427187207,1420.0419200960034,-151.4,0.3799,908.6,0.3762744911101885,long_nclose,341.8830026227173,0.241377281795194,15.0
1681946460000.0,156919,1681946460000.0,0.0,-0.03267,1416.3516727187207,1407.5511100960034,450.0,0.363,1358.6,0.3718776701182963,long_rentry,505.2330026227173,0.3567143756415457,525.0
1681954320000.0,157050,1681954320000.0,0.7027319970505158,-0.0145694,1417.0398353157711,1421.7242406960033,-194.0,0.3755,1164.6,0.3718776701182963,long_nclose,433.0887346197679,0.3056291882742019,131.0
1681955760000.0,157074,1681955760000.0,0.6023934593273237,-0.012489130000000003,1417.6297396450984,1421.3457415660032,-166.3,0.3755,998.3,0.3718776701182963,long_nclose,371.24547807909516,0.26187760294309004,24.0
1681956720000.0,157090,1681956720000.0,0.5165442411309461,-0.01070926,1418.1355746262293,1421.3207723060032,-142.6,0.3755,855.7,0.3718776701182963,long_nclose,318.2157223202262,0.22439019795698775,16.0
1681962540000.0,157187,1681962540000.0,0.4426487115441909,-0.00917722,1418.5690461177735,1421.2993750860032,-122.2,0.3755,733.5,0.3718776701182963,long_nclose,272.77227103177034,0.1922869188343505,97.0
1681962720000.0,157190,1681962720000.0,0.37925793861437634,-0.00786297,1418.9404410863879,1421.5954421160031,-104.7,0.3755,628.8,0.3718776701182963,long_nclose,233.8366789703847,0.1647966836376526,3.0
1681965060000.0,157229,1681965060000.0,0.746420171602547,-0.00794384,1419.6789174179903,1423.568218276003,-104.8,0.379,524.0,0.3718776701182963,long_nclose,194.86389914198728,0.13725913426705785,39.0
1681965240000.0,157232,1681965240000.0,0.6217793986727324,-0.00661734,1420.294079476663,1423.273390936003,-87.3,0.379,436.7,0.3718776701182963,long_nclose,162.39897854065998,0.11434179786238304,3.0
1681966260000.0,157249,1681966260000.0,0.5177933823998585,-0.0055106600000000006,1420.8063621990627,1423.4716902760028,-72.7,0.379,364.0,0.3718776701182963,long_nclose,135.36347192305985,0.09527228729012031,17.0
1681970100000.0,157313,1681970100000.0,0.18836115384859187,-0.0039052,1420.9908181529113,1422.2769850760028,-52.0,0.3755,312.0,0.3718776701182963,long_nclose,116.02583307690846,0.08165136015989587,64.0
1681978920000.0,157460,1681978920000.0,0.1611936797358142,-0.00334195,1421.148669882647,1422.1443931260028,-44.5,0.3755,267.5,0.3718776701182963,long_nclose,99.47727675664426,0.06999779746116126,147.0
1681979220000.0,157465,1681979220000.0,0.13837300148108095,-0.0028688200000000002,1421.2841740641281,1422.0918443060027,-38.2,0.3755,229.3,0.3718776701182963,long_nclose,85.27154975812535,0.05999612977768787,5.0
1681979340000.0,157467,1681979340000.0,0.11845018713171067,-0.0024557700000000003,1421.4001684812597,1422.1516385360026,-32.7,0.3755,196.6,0.3718776701182963,long_nclose,73.11114994525705,0.05143600765390016,2.0
1682006520000.0,157920,1682006520000.0,0.0,-0.014217476,1421.3859510052596,1419.5226910600024,196.7,0.3614,393.3,0.36663750303904663,long_rentry,144.19852994525704,0.10144924384772075,453.0
1682006580000.0,157921,1682006580000.0,0.0,-0.014216888,1421.3717341172596,1418.2170841720026,199.9,0.3556,593.2,0.36291802081128965,long_rentry,215.28296994525704,0.15146141208369965,1.0
1682078760000.0,159124,1682078760000.0,0.0,-0.020642388,1421.3510917292597,1414.4592817840025,293.8,0.3513,887.0,0.35906979700705416,long_rentry,318.49490994525706,0.22407898498728157,1203.0
1682103960000.0,159544,1682103960000.0,0.0,-0.030452276,1421.3206394532597,1410.7904495080024,439.3,0.3466,1326.3,0.3549395234451158,long_rentry,470.7562899452571,0.3312104790980473,420.0
1682104020000.0,159545,1682104020000.0,0.0,-0.044826856,1421.2758125972596,1397.5001226520026,656.9,0.3412,1983.2,0.35038854878240067,long_rentry,694.890569945257,0.4889202811911673,1.0
1682104020000.0,159545,1682104020000.0,0.0,-0.065748468,1421.2100641292595,1401.0685141840024,982.2,0.3347,2965.4,0.34519218653310074,long_rentry,1023.632909945257,0.7202544759436471,0.0
1682179920000.0,160810,1682179920000.0,1.4011897845785157,-0.02952492,1422.581728993838,1431.7520692640026,-423.6,0.3485,2541.8,0.34519218653310074,long_nclose,877.4094997298355,0.6167726478185607,1265.0
1682183460000.0,160869,1682183460000.0,1.201067069831112,-0.025308070000000002,1423.7574879936692,1433.1429211940026,-363.1,0.3485,2178.7,0.34519218653310074,long_nclose,752.0702167996665,0.5282291563990079,59.0
1682184180000.0,160881,1682184180000.0,1.0293915508990417,-0.02169064,1424.765188904568,1431.3160305540025,-311.2,0.3485,1867.5,0.34519218653310074,long_nclose,644.6464083505656,0.45245800035738,12.0
1682184360000.0,160884,1682184360000.0,0.8821938516220258,-0.01858899,1425.6287937661903,1431.0840215640026,-266.7,0.3485,1600.8,0.34519218653310074,long_nclose,552.5836522021876,0.3876069665669322,3.0
1682184840000.0,160892,1682184840000.0,0.7561661585331649,-0.01593342,1426.3690265047235,1431.0452281440027,-228.6,0.3485,1372.2,0.34519218653310074,long_nclose,473.67271836072086,0.3320828688501757,8.0
1682196180000.0,161081,1682196180000.0,0.6483314395122499,-0.0136612,1427.0036967442359,1431.0119669440028,-196.0,0.3485,1176.2,0.34519218653310074,long_nclose,406.0150498002331,0.28452277364562695,189.0
1682197680000.0,161106,1682197680000.0,0.5557126624390714,-0.011709599999999999,1427.547699806675,1430.9834573440028,-168.0,0.3485,1008.2,0.34519218653310074,long_nclose,348.0227624626722,0.2437906365649309,25.0
1682198400000.0,161118,1682198400000.0,0.47632513923348974,-0.0100368,1428.0139881459083,1430.8726005440026,-144.0,0.3485,864.2,0.34519218653310074,long_nclose,298.3150876019057,0.20890207664508195,12.0
1682198880000.0,161126,1682198880000.0,0.40818418181536553,-0.008600980000000001,1428.4135713477237,1430.9380795640027,-123.4,0.3485,740.8,0.34519218653310074,long_nclose,255.718371783721,0.17902264226070602,8.0
1682208780000.0,161291,1682208780000.0,0.349966664797939,-0.00737426,1428.7561637525216,1431.2376253040027,-105.8,0.3485,635.0,0.34519218653310074,long_nclose,219.19703844851898,0.1534180877112119,165.0
1682223900000.0,161543,1682223900000.0,0.30001868144776056,-0.006321790000000001,1429.0498606439694,1430.9047335140026,-90.7,0.3485,544.3,0.34519218653310074,long_nclose,187.88810712996673,0.13147764280617832,252.0
1682224500000.0,161553,1682224500000.0,0.2570171063780705,-0.00541569,1429.3014620603474,1430.8915478240026,-77.7,0.3485,466.6,0.34519218653310074,long_nclose,161.06667423634482,0.11268908520121862,10.0
1682225640000.0,161572,1682225640000.0,0.22030037689548898,-0.004642019999999999,1429.517120417243,1430.8002458040025,-66.6,0.3485,400.0,0.34519218653310074,long_nclose,138.0768746132403,0.09658987125172651,19.0
1682225820000.0,161575,1682225820000.0,0.18887614895994628,-0.00397987,1429.702016696203,1430.9048459340027,-57.1,0.3485,342.9,0.34519218653310074,long_nclose,118.36640076220024,0.0827909588011387,3.0
1682226000000.0,161578,1682226000000.0,0.16175207853137255,-0.0034083299999999998,1429.8603604447344,1430.8622576040027,-48.9,0.3485,294.0,0.34519218653310074,long_nclose,101.48650284073162,0.07097651326536944,3.0
1682227800000.0,161608,1682227800000.0,0.13892816560976784,-0.0029273999999999997,1429.996361210344,1430.8803302040026,-42.0,0.3485,252.0,0.34519218653310074,long_nclose,86.98843100634139,0.060831225425437216,30.0
1682229300000.0,161633,1682229300000.0,0.11908128480837243,-0.0025092,1430.1129332951523,1430.8706210040025,-36.0,0.3485,216.0,0.34519218653310074,long_nclose,74.56151229114975,0.05213680021713464,25.0
1682233200000.0,161698,1682233200000.0,0.10188065478049642,-0.0021467599999999997,1430.2126671899327,1430.8252742440025,-30.8,0.3485,185.2,0.34519218653310074,long_nclose,63.92959294593025,0.044699361439399406,65.0
1682233320000.0,161700,1682233320000.0,0.08732627552613978,-0.0018400799999999998,1430.2981533854588,1430.8393141640024,-26.4,0.3485,158.8,0.34519218653310074,long_nclose,54.8165192214564,0.03832523945563929,2.0
1682235060000.0,161729,1682235060000.0,0.0747565843519227,-0.00157522,1430.3713347498108,1430.8354789440025,-22.6,0.3485,136.2,0.34519218653310074,long_nclose,47.01517580580832,0.0328692100181327,29.0
1682245440000.0,161902,1682245440000.0,0.0,-0.0048566,1430.3664781498107,1430.5166023440024,70.0,0.3469,206.2,0.34577194862176686,long_ientry_partial,71.29817580580833,0.049846089722427656,173.0
1682275740000.0,162407,1682275740000.0,0.0,-0.014306880000000001,1430.3521712698107,1428.2114654640025,212.9,0.336,419.1,0.34080786400813246,long_rentry,142.83257580580832,0.09985832767255294,505.0
1682297820000.0,162775,1682297820000.0,0.19686973231368018,-0.004115436,1430.5449255661244,1431.7637200280024,-59.8,0.3441,359.3,0.34080786400813246,long_nclose,122.45226553812199,0.08559833623516765,368.0
1682297940000.0,162777,1682297940000.0,0.1688865763828059,-0.003530466,1430.7102816765073,1431.8782595620025,-51.3,0.3441,308.0,0.34080786400813246,long_nclose,104.9688221145048,0.0733683286259062,2.0
1682300880000.0,162826,1682300880000.0,0.14485398364217272,-0.0030280800000000003,1430.8521075801495,1431.7740314820026,-44.0,0.3441,264.0,0.34080786400813246,long_nclose,89.97327609814697,0.062880905455917,49.0
1682343480000.0,163536,1682343480000.0,0.12411352689340709,-0.0025945140000000005,1430.9736265930428,1431.6733769680025,-37.7,0.3441,226.3,0.34080786400813246,long_nclose,77.12481962504037,0.053896744280790325,710.0
1682343600000.0,163538,1682343600000.0,0.10633599253732225,-0.002222886,1431.0777396995802,1431.6388140820025,-32.3,0.3441,194.0,0.34080786400813246,long_nclose,66.1167256175777,0.0462006526853372,2.0
1682343720000.0,163540,1682343720000.0,0.09119216697473147,-0.001906314,1431.1670255525548,1431.6978777680024,-27.7,0.3441,166.3,0.34080786400813246,long_nclose,56.67634778455243,0.039601490792222825,2.0
1682343840000.0,163542,1682343840000.0,0.07802362300726122,-0.0016310340000000002,1431.2434181415622,1431.7271367340024,-23.7,0.3441,142.6,0.34080786400813246,long_nclose,48.59920140755968,0.033955930061613605,2.0
1682345580000.0,163571,1682345580000.0,0.0668303606349115,-0.001397046,1431.308851456197,1431.7114796880026,-20.3,0.3441,122.3,0.34080786400813246,long_nclose,41.6808017681946,0.02912076015305085,29.0
1682345640000.0,163572,1682345640000.0,0.057283166258495576,-0.001197468,1431.3649371544554,1431.7102822200025,-17.4,0.3441,104.9,0.34080786400813246,long_nclose,35.750744934453095,0.024976680653869692,1.0
1682345700000.0,163573,1682345700000.0,0.04905282627882667,-0.0010254180000000002,1431.4129645627343,1431.7092568020023,-14.9,0.3441,90.0,0.34080786400813246,long_nclose,30.67270776073192,0.021428272986266945,1.0
1682345760000.0,163574,1682345760000.0,0.042139340695904796,-0.0008808960000000002,1431.4542230074303,1431.7238159060025,-12.8,0.3441,77.2,0.34080786400813246,long_nclose,26.310367101427826,0.018380166601591183,1.0
1682346060000.0,163579,1682346060000.0,0.03621349591054318,-0.0007570200000000001,1431.4896794833408,1431.7142388860025,-11.0,0.3441,66.2,0.34080786400813246,long_nclose,22.56148059733837,0.01576084055700727,5.0
1682347320000.0,163600,1682347320000.0,0.0,-0.009827118000000001,1431.4798523653408,1431.3456817680024,144.9,0.3391,211.1,0.33963557838625474,long_ientry_partial,71.69707059733838,0.05008597953989221,21.0
1682433300000.0,165033,1682433300000.0,0.0,-0.014313136,1431.4655392293407,1429.3669986320024,216.8,0.3301,427.9,0.3348042780961402,long_rentry,143.2627505973384,0.10008117322507594,1433.0
1682452980000.0,165361,1682452980000.0,0.19525860832583408,-0.0041303600000000005,1431.6566674776664,1432.8655382720021,-61.1,0.338,366.8,0.3348042780961402,long_nclose,122.80620920566423,0.08577909214925651,328.0
1682454840000.0,165392,1682454840000.0,0.3907786083258329,-0.004169464,1432.0432766219924,1433.9984488080024,-61.1,0.3412,305.7,0.3348042780961402,long_nclose,102.34966781399007,0.07147107177893387,31.0
1682454900000.0,165393,1682454900000.0,0.3255422449064631,-0.0034734160000000004,1432.365345450899,1434.0714153920026,-50.9,0.3412,254.8,0.3348042780961402,long_nclose,85.30813005889654,0.059557521640571466,1.0
1682455800000.0,165408,1682455800000.0,0.4935122449064615,-0.0035070099999999996,1432.8553506858054,1434.9750383820024,-50.9,0.3445,203.9,0.3348042780961402,long_nclose,68.266592303803,0.04764374315322803,15.0
1682459700000.0,165473,1682459700000.0,0.6563922449064634,-0.003539586,1433.508203344712,1435.5118487960026,-50.9,0.3477,153.0,0.3348042780961402,long_nclose,51.22505454870945,0.035734050512713736,65.0
1682468760000.0,165624,1682468760000.0,0.4926165767274441,-0.0026564280000000006,1433.9981634934395,1435.5819123680026,-38.2,0.3477,114.8,0.3348042780961402,long_nclose,38.435531125436896,0.0268030546369753,151.0
1682471700000.0,165673,1682471700000.0,0.22203203159838839,-0.00157781,1434.218617715038,1435.1464145580026,-22.9,0.3445,91.9,0.3348042780961402,long_nclose,30.768513157035287,0.02145315419629326,49.0
1682486340000.0,165917,1682486340000.0,0.2953120315983892,-0.001592466,1434.5123372806363,1435.4021420920026,-22.9,0.3477,69.0,0.3348042780961402,long_nclose,23.101495188633674,0.016104075641779778,244.0
1682486400000.0,165918,1682486400000.0,0.2218064167463884,-0.001196088,1434.7329476093828,1435.4061260040028,-17.2,0.3477,51.8,0.3348042780961402,long_nclose,17.34286160538006,0.01208786738624601,1.0
1682487360000.0,165934,1682487360000.0,0.16635481255979132,-0.0008970660000000001,1434.8984053559425,1435.4078289380027,-12.9,0.3477,38.9,0.3348042780961402,long_nclose,13.023886417939854,0.00907652163339685,16.0
1682488800000.0,165958,1682488800000.0,0.12508850246743997,-0.000674538,1435.0228193204098,1435.4022944000026,-9.7,0.3477,29.2,0.3348042780961402,long_nclose,9.776284920407294,0.0068126337705466545,24.0
1682488920000.0,165960,1682488920000.0,0.09413876989817647,-0.000507642,1435.116450448308,1435.4076267580024,-7.3,0.3477,21.9,0.3348042780961402,long_nclose,7.33221369030547,0.005109141971033083,2.0
1682489280000.0,165966,1682489280000.0,0.06963689828084288,-0.00037551600000000006,1435.1857118305886,1435.4017912420022,-5.4,0.3477,16.5,0.3348042780961402,long_nclose,5.5242705885863135,0.0038491677718419247,6.0
1682489520000.0,165970,1682489520000.0,0.05287245980582514,-0.000285114,1435.2382991763943,1435.4044061280022,-4.1,0.3477,12.4,0.3348042780961402,long_nclose,4.151573048392139,0.0028926019120131497,4.0
1682495340000.0,166067,1682495340000.0,0.023269732569263412,-0.00016535999999999998,1435.2614035489637,1435.3613607680022,-2.4,0.3445,10.0,0.3348042780961402,long_nclose,3.348042780961402,0.002332705925682049,97.0
1682497560000.0,166104,1682497560000.0,0.03223930475964948,-0.00017385000000000002,1435.2934690037234,1435.3946869180024,-2.5,0.3477,7.5,0.3348042780961402,long_nclose,2.5110320857210517,0.0017494903585564476,37.0
1682498280000.0,166116,1682498280000.0,0.023212299426947625,-0.00012517200000000003,1435.3165561311503,1435.3912017460023,-1.8,0.3477,5.7,0.3348042780961402,long_nclose,1.9083843851479994,0.001329591285626906,12.0
1682502960000.0,166194,1682502960000.0,0.030581871617333566,-0.000133342,1435.3470046607677,1435.4074084040024,-1.9,0.3509,3.8,0.3348042780961402,long_nclose,1.2722562567653328,0.0008863753870207992,78.0
1682503260000.0,166199,1682503260000.0,0.019314866284631724,-8.4216e-05,1435.3662353110524,1435.4086041880023,-1.2,0.3509,2.6,0.3348042780961402,long_nclose,0.8704911230499646,0.0006064592447803566,5.0
1682503440000.0,166202,1682503440000.0,0.012876577523087818,-5.614400000000001e-05,1435.3790557445755,1435.4071280440023,-0.8,0.3509,1.8,0.3348042780961402,long_nclose,0.6026477005730524,0.00041985265018405917,3.0
1682503920000.0,166210,1682503920000.0,0.009657433142315862,-4.2108e-05,1435.388671069718,1435.4081059360026,-0.6,0.3509,1.2,0.3348042780961402,long_nclose,0.40176513371536826,0.0002798998917944325,8.0
1682504580000.0,166221,1682504580000.0,0.006438288761543909,-2.8072000000000005e-05,1435.3950812864794,1435.4079578640024,-0.4,0.3509,0.8,0.3348042780961402,long_nclose,0.2678434224769122,0.0001865990945411742,11.0
1682504640000.0,166222,1682504640000.0,0.0032191443807719545,-1.4036000000000002e-05,1435.3982863948602,1435.4080638280025,-0.2,0.3509,0.6,0.3348042780961402,long_nclose,0.20088256685768413,0.00013994900841230617,1.0
1682505600000.0,166238,1682505600000.0,0.005788716571157942,-2.1246000000000003e-05,1435.4040538654315,1435.4104425820026,-0.3,0.3541,0.3,0.3348042780961402,long_nclose,0.10044128342884207,6.997422304776241e-05,16.0
1682511480000.0,166336,1682511480000.0,0.006748716571157936,-2.1438e-05,1435.4107811440026,1435.4107811440026,-0.3,0.3573,0.0,0.3348042780961402,long_nclose,0.0,0.0,98.0
1682536920000.0,166760,1682536920000.0,0.0,-0.014351172,1435.3964299720026,1435.3564099720027,200.1,0.3586,200.1,0.3586,long_ientry_normal,71.75586,0.0499902734197267,424.0
1682537940000.0,166777,1682537940000.0,0.0,-0.01435123,1435.3820787420025,1431.8994687420025,205.9,0.3485,406.0,0.35347785714285707,long_rentry,143.51200999999998,0.0999817485012609,17.0
1682538120000.0,166780,1682538120000.0,0.0,-0.014353794,1435.3677249480024,1430.6424049480024,209.3,0.3429,615.3,0.3498797009588818,long_rentry,215.28097999999997,0.14998315501889853,3.0
1682538420000.0,166785,1682538420000.0,0.0,-0.020640378,1435.3470845700024,1426.0762145700025,304.7,0.3387,920.0,0.3461770326086956,long_rentry,318.48286999999993,0.22188561458318648,5.0
1682539260000.0,166799,1682539260000.0,0.0,-0.030452304000000006,1435.3166322660024,1420.1709622660026,455.6,0.3342,1375.6,0.3422102282640302,long_rentry,470.7443899999999,0.3279725040577377,14.0
1682539320000.0,166800,1682539320000.0,0.0,-0.04482954,1435.2718027260025,1420.5965427260026,681.3,0.329,2056.9,0.33783464922942286,long_rentry,694.8920899999999,0.4841536555516494,1.0
1682542680000.0,166856,1682542680000.0,0.959360056395569,-0.020043036,1436.211119746398,1441.9682596900027,-293.8,0.3411,1763.1,0.33783464922942286,long_nclose,595.6362700563955,0.4147275159390015,56.0
1682542740000.0,166857,1682542740000.0,0.8222153240313284,-0.017177796000000002,1437.0161572744294,1443.1601218940025,-251.8,0.3411,1511.3,0.33783464922942286,long_nclose,510.56950538042673,0.3552983748970628,1.0
1682544120000.0,166880,1682544120000.0,0.7049892313676084,-0.014728698,1437.706417807797,1441.9363531960025,-215.9,0.3411,1295.4,0.33783464922942286,long_nclose,437.6310046117944,0.30439525009500246,23.0
1682544180000.0,166881,1682544180000.0,0.6040898925567741,-0.012620700000000002,1438.2978870003537,1441.7016524960027,-185.0,0.3411,1110.4,0.33783464922942286,long_nclose,375.1315945043512,0.2608163426331022,1.0
1682544300000.0,166883,1682544300000.0,0.5178846322135372,-0.010819692,1438.8049519405672,1442.1984528040025,-158.6,0.3411,951.8,0.33783464922942286,long_nclose,321.55101913656466,0.22348478763773882,2.0
1682546220000.0,166915,1682546220000.0,1.0254046322135342,-0.010921196,1439.8194353767808,1445.6616316080026,-158.6,0.3443,793.2,0.33783464922942286,long_nclose,267.97044376877824,0.18611392316610456,32.0
1682546460000.0,166919,1682546460000.0,1.5487846322135381,-0.011025872,1441.3571941369944,1447.3004457360028,-158.6,0.3476,634.6,0.33783464922942286,long_nclose,214.38986840099176,0.1487416646429247,4.0
1682547060000.0,166929,1682547060000.0,1.239223012786242,-0.008822088,1442.5875950617806,1447.8500836480025,-126.9,0.3476,507.7,0.33783464922942286,long_nclose,171.51865141377797,0.11889652455137914,10.0
1682547360000.0,166934,1682547360000.0,0.991183103213582,-0.007056280000000002,1443.5717218849943,1447.5790273680027,-101.5,0.3476,406.2,0.33783464922942286,long_nclose,137.22843451699157,0.09506173641154507,5.0
1682547720000.0,166940,1682547720000.0,0.7929464825708658,-0.005645024000000001,1444.3590233435652,1447.5002623440027,-81.2,0.3476,325.0,0.33783464922942286,long_nclose,109.79626099956243,0.0760172915632802,6.0
1682547960000.0,166944,1682547960000.0,0.6347478000875156,-0.004518800000000001,1444.9892523436529,1447.424243544003,-65.0,0.3476,260.0,0.33783464922942286,long_nclose,87.83700879964994,0.060787309426132814,4.0
1682548320000.0,166950,1682548320000.0,0.2799496883659901,-0.002981638,1445.266220394019,1446.6455919060031,-43.3,0.3443,216.7,0.33783464922942286,long_nclose,73.20876848801593,0.0506541753034657,6.0
1682548380000.0,166951,1682548380000.0,0.2333991628178347,-0.0024858460000000003,1445.497133710837,1446.7008960600033,-36.1,0.3443,180.6,0.33783464922942286,long_nclose,61.01293765083376,0.042208964810745195,1.0
1682548620000.0,166955,1682548620000.0,0.19460705819437188,-0.0020726860000000002,1445.6896680830314,1446.6326033740033,-30.1,0.3443,150.5,0.33783464922942286,long_nclose,50.84411470902814,0.035169452913395224,4.0
1682548680000.0,166956,1682548680000.0,0.0,-0.004101672000000001,1445.6855664110315,1446.5234517020033,59.6,0.3441,210.1,0.339611969105322,long_ientry_partial,71.35247470902814,0.04935545900631998,1.0
1682550180000.0,166981,1682550180000.0,0.22708108131373111,-0.0024227000000000003,1445.9102247923454,1447.0637890020034,-35.0,0.3461,175.1,0.339611969105322,long_nclose,59.466055790341876,0.04112707329314453,25.0
1682550540000.0,166987,1682550540000.0,0.18880169903513075,-0.0020143020000000004,1446.0970121893806,1447.0588647000036,-29.1,0.3461,146.0,0.339611969105322,long_nclose,49.58334748937701,0.0342877048160885,6.0
1682551020000.0,166995,1682551020000.0,0.0,-0.004335,1446.0926771893805,1446.9961797000035,62.5,0.3468,208.5,0.3417666546253094,long_ientry_partial,71.25834748937702,0.04927647350228924,8.0
1682551260000.0,166999,1682551260000.0,0.0990003576283108,-0.002049894,1446.1896276530088,1446.7498698060035,-29.7,0.3451,178.8,0.3417666546253094,long_nclose,61.10787784700533,0.04225440196675732,4.0
1682551320000.0,167000,1682551320000.0,0.08500030705461029,-0.0017600100000000002,1446.2728679500633,1446.7991997960034,-25.5,0.3451,153.3,0.3417666546253094,long_nclose,52.392828154059934,0.03622610180630793,1.0
1682551740000.0,167007,1682551740000.0,0.0,-0.0038696,1446.2689983500634,1446.7994601960033,56.0,0.3455,209.3,0.3427655430198755,long_ientry_partial,71.74082815405994,0.0496040696688538,7.0
1682551860000.0,167009,1682551860000.0,0.09970026370572323,-0.002069678,1446.366628935769,1447.0007105180034,-29.9,0.3461,179.4,0.3427655430198755,long_nclose,61.492138417765666,0.04251490402748807,2.0
1682552820000.0,167025,1682552820000.0,0.08536209869118778,-0.0017720320000000002,1446.4502190024602,1447.0707184860034,-25.6,0.3461,153.8,0.3427655430198755,long_nclose,52.71734051645686,0.03644601094727837,16.0
1682552880000.0,167026,1682552880000.0,0.0,-0.0037939920000000004,1446.4464250104602,1446.9626744940033,54.7,0.3468,208.5,0.343823983292359,long_ientry_partial,71.68730051645686,0.04956097873859271,1.0
1682553060000.0,167029,1682553060000.0,0.09729769621693753,-0.002061774,1446.5416609326771,1447.1274127200033,-29.7,0.3471,178.8,0.343823983292359,long_nclose,61.4757282126738,0.04249841527069224,3.0
1682553120000.0,167030,1682553120000.0,0.08353842604484535,-0.0017702100000000001,1446.6234291487222,1447.2022925100034,-25.5,0.3471,153.3,0.343823983292359,long_nclose,52.70821663871864,0.036435340100730455,1.0
1682553240000.0,167032,1682553240000.0,0.0,-0.0038096960000000004,1446.6196194527222,1447.1568628140035,54.8,0.3476,208.1,0.34481834040710546,long_ientry_partial,71.75669663871865,0.04960301635191792,2.0
1682554320000.0,167050,1682554320000.0,0.0974652899089684,-0.0020677140000000004,1446.715017028631,1447.4431851000036,-29.7,0.3481,178.4,0.34481834040710546,long_nclose,61.515591928627614,0.04252087743927123,18.0
1682554680000.0,167056,1682554680000.0,0.19844528990896718,-0.0020879099999999997,1446.91137440854,1448.0238971900035,-29.7,0.3515,148.7,0.34481834040710546,long_nclose,51.27448721853658,0.035437199627721676,6.0
1682554860000.0,167059,1682554860000.0,0.2964552899089679,-0.0021075119999999998,1447.2057221864488,1448.5601396780032,-29.7,0.3548,119.0,0.34481834040710546,long_nclose,41.03338250844555,0.02835352422905848,3.0
1682554920000.0,167060,1682554920000.0,0.394465289908967,-0.002127114,1447.598060362358,1448.7930425640034,-29.7,0.3581,89.3,0.34481834040710546,long_nclose,30.792277798354515,0.02127128976025755,1.0
1682555040000.0,167062,1682555040000.0,0.29618100892154764,-0.001597126,1447.8926442452796,1448.8026154380036,-22.3,0.3581,67.0,0.34481834040710546,long_nclose,23.102828807276065,0.015956175272455034,2.0
1682556000000.0,167078,1682556000000.0,0.22180371520133835,-0.0011960539999999998,1448.1132519064809,1448.8366493840035,-16.7,0.3581,50.3,0.34481834040710546,long_nclose,17.344362522477404,0.011977214143743989,16.0
1682557200000.0,167098,1682557200000.0,0.1660207449111814,-0.0008952499999999999,1448.2783774013922,1448.8295641340035,-12.5,0.3581,37.8,0.34481834040710546,long_nclose,13.034133267388585,0.008999743054077344,20.0
1682557440000.0,167102,1682557440000.0,0.12484760017320842,-0.000673228,1448.4025517735652,1448.7854309060033,-9.4,0.3581,28.4,0.34481834040710546,long_nclose,9.792840867561795,0.006761132017870644,4.0
1682557680000.0,167106,1682557680000.0,0.09429978310955103,-0.000508502,1448.4963430546748,1448.7813724040034,-7.1,0.3581,21.3,0.34481834040710546,long_nclose,7.344630650671347,0.005070520671928349,4.0
1682557800000.0,167108,1682557800000.0,0.07039279584234091,-0.000379586,1448.566356264517,1448.7804628180033,-5.3,0.3581,16.0,0.34481834040710546,long_nclose,5.517093446513687,0.0038086577274518947,2.0
1682558940000.0,167127,1682558940000.0,0.03194131069726254,-0.00022707200000000004,1448.5980705032143,1448.7232757460033,-3.2,0.3548,12.8,0.34481834040710546,long_nclose,4.41367475721095,0.0030468594754359483,19.0
1682559120000.0,167130,1682559120000.0,0.024954148982236357,-0.0001774,1448.6228472521966,1448.7277183460035,-2.5,0.3548,10.3,0.34481834040710546,long_nclose,3.5516289061931867,0.002451727799910137,3.0
1682559300000.0,167133,1682559300000.0,0.019963319185789086,-0.00014192,1448.6426686513823,1448.7296664260034,-2.0,0.3548,8.3,0.34481834040710546,long_nclose,2.861992225378976,0.001975637116945723,3.0
1682559600000.0,167138,1682559600000.0,0.01597065534863127,-0.00011353600000000002,1448.6585257707309,1448.7280828900032,-1.6,0.3548,6.7,0.34481834040710546,long_nclose,2.310282880727607,0.001594773950954705,5.0
1682561220000.0,167165,1682561220000.0,0.012976157470762906,-9.224800000000002e-05,1448.6714096802016,1448.7247706420033,-1.3,0.3548,5.4,0.34481834040710546,long_nclose,1.8620190381983697,0.0012853287679705197,27.0
1682561580000.0,167171,1682561580000.0,0.009981659592894543,-7.096e-05,1448.6813203797947,1448.7274396820035,-1.0,0.3548,4.4,0.34481834040710546,long_nclose,1.5172006977912642,0.0010472977572413967,6.0
1682561940000.0,167177,1682561940000.0,0.007985327674315635,-5.676800000000001e-05,1448.689248939469,1448.7255429140034,-0.8,0.3548,3.6,0.34481834040710546,long_nclose,1.2413460254655797,0.0008568752935623167,6.0
1682562780000.0,167191,1682562780000.0,0.006987161715026179,-4.9672e-05,1448.696186429184,1448.7265832420035,-0.7,0.3548,2.9,0.34481834040710546,long_nclose,0.9999731871806058,0.0006902573476398718,14.0
1682563860000.0,167209,1682563860000.0,0.004990829796447271,-3.548e-05,1448.7011417789806,1448.7253377620036,-0.5,0.3548,2.4,0.34481834040710546,long_nclose,0.8275640169770531,0.000571245506137186,18.0
1682565780000.0,167241,1682565780000.0,0.0039926638371578175,-2.8384000000000005e-05,1448.7051060588178,1448.7234693780035,-0.4,0.3548,2.0,0.34481834040710546,long_nclose,0.6896366808142109,0.00047603661913662884,32.0
1682568960000.0,167294,1682568960000.0,0.0039926638371578175,-2.8384000000000005e-05,1448.709070338655,1448.7255209940035,-0.4,0.3548,1.6,0.34481834040710546,long_nclose,0.5517093446513688,0.0003808282531995188,53.0
1682569140000.0,167297,1682569140000.0,0.0029944978778683627,-2.1288e-05,1448.7120435485328,1448.7251497060035,-0.3,0.3548,1.3,0.34481834040710546,long_nclose,0.4482638425292371,0.0003094223206920002,3.0
1682569740000.0,167307,1682569740000.0,0.0019963319185789087,-1.4192000000000002e-05,1448.7140256884516,1448.7251155140038,-0.2,0.3548,1.1,0.34481834040710546,long_nclose,0.37930017444781605,0.0002618185285170872,10.0
1682570400000.0,167318,1682570400000.0,0.0019963319185789087,-1.4192000000000002e-05,1448.7160078283703,1448.724991322004,-0.2,0.3548,0.9,0.34481834040710546,long_nclose,0.3103365063663949,0.00021421486660562985,11.0
1682570460000.0,167319,1682570460000.0,0.0009981659592894544,-7.096000000000001e-06,1448.7169988983296,1448.725304226004,-0.1,0.3548,0.8,0.34481834040710546,long_nclose,0.2758546723256844,0.00019041308449852998,1.0
1682574900000.0,167393,1682574900000.0,0.0009981659592894544,-7.096000000000001e-06,1448.717989968289,1448.724907130004,-0.1,0.3548,0.7,0.34481834040710546,long_nclose,0.2413728382849738,0.0001666113349570935,74.0
1682577300000.0,167433,1682577300000.0,0.0,-0.014436100000000002,1448.703553868289,1448.646941030004,205.0,0.3521,205.7,0.35207522040974715,long_ientry_partial,72.42187283828498,0.04999081602644383,40.0
1682609040000.0,167962,1682609040000.0,0.10034604199440808,-0.00208323,1448.8018166802835,1449.3530278000042,-29.3,0.3555,176.4,0.35207522040974715,long_nclose,62.1060688802794,0.042867194232670366,529.0
1682609100000.0,167963,1682609100000.0,0.08630444567437145,-0.00179172,1448.886329405958,1449.328556080004,-25.2,0.3555,151.2,0.35207522040974715,long_nclose,53.23377332595376,0.0367411661256957,1.0
1682610300000.0,167983,1682610300000.0,0.0,-0.003935592,1448.8823938139578,1448.817500488004,56.4,0.3489,207.6,0.3512125882753071,long_ientry_partial,72.91173332595375,0.05032274091896785,20.0
1682615820000.0,168075,1682615820000.0,0.10026738705091054,-0.0020992320000000004,1448.9805619690087,1449.601321256004,-29.6,0.3546,178.0,0.3512125882753071,long_nclose,62.515840713004664,0.04314470625337607,92.0
1682615940000.0,168077,1682615940000.0,0.08604025780720026,-0.0018013680000000002,1449.0648008588157,1449.6122398880038,-25.4,0.3546,152.6,0.3512125882753071,long_nclose,53.59504097081186,0.0369859518629172,2.0
1682616840000.0,168092,1682616840000.0,0.07384557559830573,-0.001546056,1449.137100378414,1449.593253832004,-21.8,0.3546,130.8,0.3512125882753071,long_nclose,45.93860654641017,0.03170066278367602,15.0
1682617020000.0,168095,1682617020000.0,0.06300585807928838,-0.0013191120000000003,1449.1987871244935,1449.590074720004,-18.6,0.3546,112.2,0.3512125882753071,long_nclose,39.40605240448946,0.0271916128791959,3.0
1682617200000.0,168098,1682617200000.0,0.05419858759508678,-0.00113472,1449.2518509920885,1449.616200000004,-16.0,0.3546,96.2,0.3512125882753071,long_nclose,33.786650992084546,0.023313167389750665,3.0
1682619960000.0,168144,1682619960000.0,0.10859858759508612,-0.0011456,1449.3593039796835,1449.887614400004,-16.0,0.358,80.2,0.3512125882753071,long_nclose,28.16724957967963,0.019434276581616002,46.0
1682620200000.0,168148,1682620200000.0,0.09027257593841534,-0.00095228,1449.4486242756218,1449.9093921200038,-13.3,0.358,66.9,0.3512125882753071,long_nclose,23.496122155618046,0.016210386323530782,4.0
1682620380000.0,168151,1682620380000.0,0.07534027014409099,-0.00079476,1449.523169785766,1449.918647360004,-11.1,0.358,55.8,0.3512125882753071,long_nclose,19.597662425762135,0.01352007531460059,3.0
1682620800000.0,168158,1682620800000.0,0.06312292903964381,-0.0006658800000000001,1449.5856268348055,1449.9198414800037,-9.3,0.358,46.5,0.3512125882753071,long_nclose,16.33138535480178,0.011266243988954027,7.0
1682620920000.0,168160,1682620920000.0,0.052263070280135195,-0.0005513200000000001,1449.6373385850854,1449.9045701600035,-7.7,0.358,38.8,0.3512125882753071,long_nclose,13.627048425081915,0.00940031555642914,2.0
1682621400000.0,168168,1682621400000.0,0.04343943503803445,-0.00045824,1449.6803197801235,1449.9067119200035,-6.4,0.358,32.4,0.3512125882753071,long_nclose,11.37928786011995,0.007849515306827008,8.0
1682621700000.0,168173,1682621700000.0,0.03665202331334157,-0.00038664,1449.7165851634368,1449.9025452800036,-5.4,0.358,27.0,0.3512125882753071,long_nclose,9.482739883433291,0.006541099122739384,5.0
1682621820000.0,168175,1682621820000.0,0.03054335276111797,-0.0003222,1449.7468063161978,1449.8995230800033,-4.5,0.358,22.5,0.3512125882753071,long_nclose,7.9022832361944095,0.005450802306834589,2.0
1682621880000.0,168176,1682621880000.0,0.025113423381363666,-0.00026492000000000003,1449.771654819579,1449.8992581600032,-3.7,0.358,18.8,0.3512125882753071,long_nclose,6.602796659575774,0.004554370088300201,1.0
1682622660000.0,168189,1682622660000.0,0.008807270484201601,-0.00018439200000000002,1449.7802776980632,1449.8367737680032,-2.6,0.3546,16.2,0.3512125882753071,long_nclose,5.689643930059975,0.003924487053371906,13.0
1682622840000.0,168192,1682622840000.0,0.0077910469667937235,-0.00016311600000000002,1449.7879056290299,1449.843330652003,-2.3,0.3546,13.9,0.3512125882753071,long_nclose,4.8818549770267685,0.003367289075920828,3.0
1682626440000.0,168252,1682626440000.0,0.006436082276916555,-0.00013474800000000002,1449.7942069633068,1449.837255904003,-1.9,0.3546,12.0,0.3512125882753071,long_nclose,4.214551059303686,0.0029069995169392704,60.0
1682632860000.0,168359,1682632860000.0,0.00575859993197797,-0.000120564,1449.7998449992388,1449.835765340003,-1.7,0.3546,10.3,0.3512125882753071,long_nclose,3.6174896592356633,0.0024951648820445023,107.0
1682633280000.0,168366,1682633280000.0,0.004742376414570093,-9.9288e-05,1449.8044880876532,1449.835526052003,-1.4,0.3546,8.9,0.3512125882753071,long_nclose,3.1257920356502336,0.002156009352525368,7.0
1682635980000.0,168411,1682635980000.0,0.0,-0.013868163999999999,1449.7906199236531,1449.5367078880029,196.6,0.3527,205.5,0.3526355816819962,long_ientry_partial,72.46661203565021,0.049984191537579645,45.0
1682689260000.0,169299,1682689260000.0,0.0,-0.01449621,1449.776123713653,1447.275661678003,211.5,0.3427,417.0,0.34759631183609163,long_rentry,144.9476620356502,0.09997934140642462,888.0
1682885040000.0,172562,1682885040000.0,0.0,-0.014499600000000001,1449.7616241136532,1445.552762078003,215.0,0.3372,632.0,0.34405959182856044,long_rentry,217.4456620356502,0.14998718300920047,3263.0
1682905140000.0,172897,1682905140000.0,0.0,-0.020852060000000002,1449.7407720536532,1442.9088100180031,313.0,0.3331,945.0,0.3404295894557145,long_rentry,321.7059620356502,0.22190585257523834,335.0
1682905860000.0,172909,1682905860000.0,0.0,-0.03075696,1449.7100150936533,1440.0853530580032,468.0,0.3286,1413.0,0.33651150887165615,long_rentry,475.49076203565016,0.3279902581102972,12.0
1682968560000.0,173954,1682968560000.0,0.0,-0.04527706,1449.6647380336533,1431.702035998003,699.8,0.3235,2112.8,0.3322018468551922,long_rentry,701.8760620356502,0.48416440272092515,1045.0
1683150120000.0,176980,1683150120000.0,0.9652026191029814,-0.020244744000000002,1450.6096959087563,1456.0393512540031,-301.8,0.3354,1811.0,0.3322018468551922,long_nclose,601.6175446547531,0.41473426404878727,3026.0
1683150180000.0,176981,1683150180000.0,0.8273622185617671,-0.017353596,1451.419704531318,1456.5394276580032,-258.7,0.3354,1552.3,0.3322018468551922,long_nclose,515.6769268733149,0.35529139177549857,1.0
1683151500000.0,177003,1683151500000.0,0.70903055220388,-0.014871635999999999,1452.113863447522,1456.502386022003,-221.7,0.3354,1330.6,0.3322018468551922,long_nclose,442.0277774255187,0.30440297317738074,22.0
1683152160000.0,177014,1683152160000.0,0.6076490975134741,-0.012745199999999998,1452.7087673450355,1457.2690608220032,-190.0,0.3354,1140.6,0.3322018468551922,long_nclose,378.9094265230322,0.2608295861086634,11.0
1683153060000.0,177029,1683153060000.0,0.5209791472891838,-0.010927332,1453.2188191603248,1457.0300434900034,-162.9,0.3354,977.7,0.3322018468551922,long_nclose,324.79374567032147,0.22349954555225793,15.0
1683153480000.0,177036,1683153480000.0,1.0422591472891898,-0.011031588000000002,1454.250046719614,1459.6262219020032,-162.9,0.3386,814.8,0.3322018468551922,long_nclose,270.6780648176106,0.18612897103093481,7.0
1683154080000.0,177046,1683154080000.0,1.5635391472891866,-0.011135844,1455.8024500229033,1461.7335360580034,-162.9,0.3418,651.9,0.3322018468551922,long_nclose,216.5623839648998,0.14875808456119355,10.0
1683154140000.0,177047,1683154140000.0,1.2506393547684531,-0.008907308000000001,1457.0441820696717,1462.1548987500034,-130.3,0.3418,521.6,0.3322018468551922,long_nclose,173.27648331966827,0.11892328692019216,1.0
1683154320000.0,177050,1683154320000.0,1.0010873730034509,-0.0071299480000000005,1458.038139494675,1462.0851788020034,-104.3,0.3418,417.3,0.3322018468551922,long_nclose,138.62783069267172,0.09507832952896361,3.0
1683154500000.0,177053,1683154500000.0,0.8004859722769685,-0.005701224000000001,1458.832924242952,1462.3382575780033,-83.4,0.3418,333.9,0.3322018468551922,long_nclose,110.92219666494867,0.07603488708106224,3.0
1683154860000.0,177059,1683154860000.0,0.6401968147586786,-0.004559612,1459.4685614457105,1462.0064679660031,-66.7,0.3418,267.2,0.3322018468551922,long_nclose,88.76433347970736,0.06081962696872332,6.0
1683161100000.0,177163,1683161100000.0,0.12184963481717559,-0.002555748,1459.5878553325276,1460.4580122180032,-38.1,0.3354,229.1,0.3322018468551922,long_nclose,76.10744311452453,0.0521431052173187,104.0
1683164160000.0,177214,1683164160000.0,0.10457960783521371,-0.002193516,1459.6902414243627,1460.337998702003,-32.7,0.3354,196.4,0.3322018468551922,long_nclose,65.24444272235975,0.04469745763230859,51.0
1683165240000.0,177232,1683165240000.0,0.08954828805461723,-0.00187824,1459.7779114724174,1460.350160462003,-28.0,0.3354,168.4,0.3322018468551922,long_nclose,55.942791010414375,0.03832280963478013,18.0
1683181920000.0,177510,1683181920000.0,0.0767556754753862,-0.0016099200000000001,1459.8530572278928,1460.314870542003,-24.0,0.3354,144.4,0.3322018468551922,long_nclose,47.96994668588976,0.032859435029015616,278.0
1683181980000.0,177511,1683181980000.0,0.06588195478303982,-0.001381848,1459.9175573346758,1460.3382486940031,-20.6,0.3354,123.8,0.3322018468551922,long_nclose,41.12658864067279,0.02817048704843051,1.0
1683182160000.0,177514,1683182160000.0,0.05628749534861655,-0.001180608,1459.9726642220246,1460.3229280860032,-17.6,0.3354,106.2,0.3322018468551922,long_nclose,35.279836136021416,0.02416472376544185,3.0
1683182760000.0,177524,1683182760000.0,0.04829211248659715,-0.0010129079999999999,1460.0199434265114,1460.3204051780035,-15.1,0.3354,91.1,0.3322018468551922,long_nclose,30.263588248508007,0.02072820195694217,10.0
1683188040000.0,177612,1683188040000.0,0.0,-0.008522698,1460.0114207285114,1460.1697824800035,127.7,0.3337,218.8,0.3330762259986655,long_ientry_partial,72.87707824850801,0.04991541656033352,88.0
1683196500000.0,177753,1683196500000.0,0.10058174884163641,-0.002098512,1460.1099039653532,1460.8647639680034,-31.2,0.3363,187.6,0.3330762259986655,long_nclose,62.48509999734964,0.04279479224656526,141.0
1683196860000.0,177759,1683196860000.0,0.08639714323576463,-0.0018025680000000003,1460.194498540589,1460.7611214000035,-26.8,0.3363,160.8,0.3330762259986655,long_nclose,53.55865714058542,0.03667912541385092,6.0
1683197700000.0,177773,1683197700000.0,0.07382442463056006,-0.001540254,1460.2667827112195,1460.7389211460036,-22.9,0.3363,137.9,0.3330762259986655,long_nclose,45.931211565215975,0.03145398642838216,14.0
1683202620000.0,177855,1683202620000.0,0.0,-0.005395824,1460.2613868872195,1460.3531153220035,80.8,0.3339,218.7,0.3333805741436487,long_ientry_partial,72.91033156521597,0.049929644254057826,82.0
1683289800000.0,179308,1683289800000.0,0.0,-0.014599440000000002,1460.2467874472195,1458.3284558820035,225.3,0.324,444.0,0.3286205665883242,long_rentry,145.90753156521595,0.09991977576632043,1453.0
1683295140000.0,179397,1683295140000.0,0.20157607830024307,-0.004207224,1460.4441563015196,1461.6923086580034,-63.4,0.3318,380.6,0.3286205665883242,long_nclose,125.07298764351621,0.08564037666476441,89.0
1683295320000.0,179400,1683295320000.0,0.17264323425399367,-0.0036033479999999997,1460.6131961877734,1461.6506453100033,-54.3,0.3318,326.3,0.3286205665883242,long_nclose,107.2288908777702,0.07341361228122512,3.0
1683295560000.0,179404,1683295560000.0,0.14816159698409034,-0.003092376,1460.7582654087573,1461.675522934003,-46.6,0.3318,279.7,0.3286205665883242,long_nclose,91.91517247475429,0.06292291794702533,4.0
1683297060000.0,179429,1683297060000.0,0.12685939312586275,-0.002647764,1460.8824770378833,1461.740825170003,-39.9,0.3318,239.8,0.3286205665883242,long_nclose,78.80321186788015,0.05394219802517122,25.0
1683299460000.0,179469,1683299460000.0,0.10873662267931095,-0.002269512,1460.9889441485625,1461.683755658003,-34.2,0.3318,205.6,0.3286205665883242,long_nclose,67.56438849055945,0.04624565350830546,40.0
1683300360000.0,179484,1683300360000.0,0.09315739896209972,-0.0019443480000000003,1461.0801571995246,1461.728841310003,-29.3,0.3318,176.3,0.3286205665883242,long_nclose,57.93580588952157,0.03965272240817235,15.0
1683302580000.0,179521,1683302580000.0,0.18398739896209948,-0.001962514,1461.2621820844865,1462.435158796003,-29.3,0.3349,147.0,0.3286205665883242,long_nclose,48.30722328848366,0.03305855984007849,37.0
1683313620000.0,179705,1683313620000.0,0.15384611858605587,-0.00164101,1461.4143871930726,1462.1713677860027,-24.5,0.3349,122.5,0.3286205665883242,long_nclose,40.256019407069715,0.02754593068184387,184.0
1683314520000.0,179720,1683314520000.0,0.1281004415981853,-0.001366392,1461.541121242671,1462.202671394003,-20.4,0.3349,102.1,0.3286205665883242,long_nclose,33.5521598486679,0.022956699172542117,15.0
1683314820000.0,179725,1683314820000.0,0.10675036799848775,-0.00113866,1461.6467329506695,1462.189622734003,-17.0,0.3349,85.1,0.3286205665883242,long_nclose,27.96561021666639,0.019132947507918954,5.0
1683316320000.0,179750,1683316320000.0,0.08854001110462807,-0.0009444179999999999,1461.7343285437742,1462.1872683160032,-14.1,0.3349,71.0,0.3286205665883242,long_nclose,23.33206022777102,0.015961902085870252,25.0
1683316740000.0,179757,1683316740000.0,0.07409731425777386,-0.0007903640000000001,1461.807635494032,1462.1912179520032,-11.8,0.3349,59.2,0.3286205665883242,long_nclose,19.454337542028796,0.013308411496601613,7.0
1683321120000.0,179830,1683321120000.0,0.061538447434422355,-0.0006564040000000001,1461.8685175374665,1462.1886015480031,-9.8,0.3349,49.4,0.3286205665883242,long_nclose,16.233855989463216,0.011104867363043924,73.0
1683331200000.0,179998,1683331200000.0,0.051491353975741144,-0.0005492359999999999,1461.919459655442,1462.1905323120031,-8.2,0.3349,41.2,0.3286205665883242,long_nclose,13.53916734343896,0.009261226570326924,168.0
1683332520000.0,180020,1683332520000.0,0.0427001471993951,-0.00045546399999999993,1461.9617043386415,1462.1845968480031,-6.8,0.3349,34.4,0.3286205665883242,long_nclose,11.304547490638353,0.007732451169609997,22.0
1683332760000.0,180024,1683332760000.0,0.035792770446551776,-0.000381786,1461.997115323088,1462.1888150620032,-5.7,0.3349,28.7,0.3286205665883242,long_nclose,9.431410261084904,0.006451045738897131,4.0
1683333420000.0,180035,1683333420000.0,0.054032770446551984,-0.00038543400000000004,1462.0507626595347,1462.2710896280032,-5.7,0.3381,23.0,0.3286205665883242,long_nclose,7.558273031531457,0.005169637898059453,11.0
1683336240000.0,180082,1683336240000.0,0.02386184696436785,-0.000254524,1462.074369982499,1462.1987751040033,-3.8,0.3349,19.2,0.3286205665883242,long_nclose,6.309514878495825,0.00431545413012838,47.0
1683338580000.0,180121,1683338580000.0,0.0,-0.013337328,1462.061032654499,1462.0689977760032,199.9,0.3336,219.1,0.3331636461820896,long_ientry_partial,72.99615487849583,0.04992688625724807,39.0
1683359340000.0,180467,1683359340000.0,0.0,-0.014622808000000001,1462.046409846499,1459.9503449680033,225.8,0.3238,444.9,0.32841131687681685,long_rentry,146.1101948784958,0.09993540143081776,346.0
1683376680000.0,180756,1683376680000.0,0.0,-0.01461915,1462.031790696499,1457.3524858180033,229.5,0.3185,674.4,0.32503847105352285,long_rentry,219.2059448784958,0.1499324065819855,289.0
1683381960000.0,180844,1683381960000.0,0.0,-0.02102196,1462.010768736499,1452.920863858003,334.0,0.3147,1008.4,0.32161418571846073,long_rentry,324.3157448784958,0.22182856092009257,88.0
1683385260000.0,180899,1683385260000.0,0.0,-0.031012739999999997,1461.9797559964989,1452.8831311180031,499.4,0.3105,1507.8,0.31793304475294853,long_rentry,479.3794448784958,0.3278974574800089,55.0
1683510240000.0,182982,1683510240000.0,0.0,-0.045644416,1461.934111580499,1427.330686702003,746.8,0.3056,2254.6,0.31384792197218836,long_rentry,707.6015248784959,0.48401738441789754,2083.0
1683510240000.0,182982,1683510240000.0,0.0,-0.066973668,1461.867137912499,1425.700473034003,1116.6,0.2999,3371.2,0.309228127930261,long_rentry,1042.4698648784959,0.7131084883453298,0.0
1683532080000.0,183346,1683532080000.0,0.0,-0.08388134400000001,1461.783256568499,1397.754271690003,1432.4,0.2928,4803.6,0.3043293748185727,long_rentry,1461.8765848784958,1.000063845518532,364.0
1683540000000.0,183478,1683540000000.0,-0.30523936611006325,-0.00292138,1461.4750958223888,1431.8569103100028,-49.0,0.2981,4754.6,0.3043293748185727,unstuck_close_long,1446.9644455123857,0.990071229847514,132.0
1683568860000.0,183959,1683568860000.0,0.0,-0.014347564,1461.4607482583888,1376.591442746003,251.8,0.2849,5006.4,0.30335216233468876,long_rentry,1518.7022655123858,1.0391673312623766,481.0
1683623700000.0,184873,1683623700000.0,-0.3026863868666859,-0.0029244480000000005,1461.155137423522,1432.640518298003,-49.2,0.2972,4957.2,0.30335216233468876,unstuck_close_long,1503.7773391255191,1.0291702096583348,914.0
1683719400000.0,186468,1683719400000.0,-0.6250985492013761,-0.0029206360000000003,1460.5271182383208,1400.896457662003,-50.2,0.2909,4907.0,0.30335216233468876,unstuck_close_long,1488.5490605763177,1.0191861842125853,1595.0
1683806940000.0,187927,1683806940000.0,-0.7146841979017816,-0.0029209200000000005,1459.809513120419,1392.050836742003,-50.5,0.2892,4856.5,0.30335216233468876,unstuck_close_long,1473.2297763784159,1.0091931605715532,1459.0
1683890880000.0,189326,1683890880000.0,-1.0120863602364707,-0.0029221100000000003,1458.7945046501825,1365.326864632003,-51.5,0.2837,4805.0,0.30335216233468876,unstuck_close_long,1457.6071400181795,0.9991860645017389,1399.0
1683974700000.0,190723,1683974700000.0,-0.8628650628356583,-0.002915552,1457.9287240353467,1377.8118590800027,-50.9,0.2864,4754.1,0.30335216233468876,unstuck_close_long,1442.166514955344,0.9891886284835825,1397.0
1683985080000.0,190896,1683985080000.0,0.0,-0.014563519999999998,1457.9141605153468,1365.4109955600027,256.4,0.284,5010.5,0.30236186307860374,long_rentry,1514.984114955344,1.0391449345823105,173.0
1684059600000.0,192138,1684059600000.0,-0.9643597622402315,-0.002915408,1456.9468853451065,1364.8967501520026,-51.4,0.2836,4959.1,0.30236186307860374,unstuck_close_long,1499.4427151931038,1.0291677275784363,1242.0
1684143300000.0,193533,1684143300000.0,-0.4811607813144656,-0.002915292,1456.4628092717921,1410.0116848600028,-49.8,0.2927,4909.3,0.30236186307860374,unstuck_close_long,1484.3850944117894,1.0191712997834514,1395.0
1684227420000.0,194935,1684227420000.0,-0.38343603608302623,-0.002910648,1456.076462587709,1418.8405742120028,-49.4,0.2946,4859.9,0.30236186307860374,unstuck_close_long,1469.4484183757063,1.0091835532896622,1402.0
1684314360000.0,196384,1684314360000.0,-0.27308747715944337,-0.0029145760000000003,1455.8004605345498,1429.5245296360029,-49.1,0.2968,4810.8,0.30236186307860374,unstuck_close_long,1454.602450898547,0.9991770784056746,1449.0
1684350780000.0,196991,1684350780000.0,2.019087692383519,-0.041960432000000006,1457.7775877949332,1470.7180092040028,-687.2,0.3053,4123.6,0.30236186307860374,long_nclose,1246.8193785909305,0.8552877949488147,607.0
1684351020000.0,196995,1684351020000.0,1.7305626467024047,-0.035964340000000004,1459.4721861016355,1469.1504048640027,-589.0,0.3053,3534.6,0.30236186307860374,long_nclose,1068.7282412376328,0.7322703724092815,4.0
1684351200000.0,196998,1684351200000.0,1.483465331612978,-0.030829194000000004,1460.9248222392484,1470.4324356700026,-504.9,0.3053,3029.7,0.30236186307860374,long_nclose,916.0657365692457,0.6270450899486641,3.0
1684351320000.0,197000,1684351320000.0,1.2716256595803068,-0.026426768000000007,1462.1700211308287,1469.8000689020027,-432.8,0.3053,2596.9,0.30236186307860374,long_nclose,785.203522228826,0.537012461534095,2.0
1684351500000.0,197003,1684351500000.0,1.0897549841458776,-0.022647154000000003,1463.2371289609746,1470.0000217480026,-370.9,0.3053,2226.0,0.30236186307860374,long_nclose,673.0575072129719,0.45997842310829085,3.0
1684351860000.0,197009,1684351860000.0,0.9343275410040147,-0.019417080000000003,1464.1520394219785,1470.9028046680025,-318.0,0.3053,1908.0,0.30236186307860374,long_nclose,576.906434753976,0.3940208524940678,6.0
1684352700000.0,197023,1684352700000.0,1.8565275410040014,-0.01960152,1465.9889654429826,1475.4306031480028,-318.0,0.3082,1590.0,0.30236186307860374,long_nclose,480.75536229497993,0.32793927759866087,14.0
1684352820000.0,197025,1684352820000.0,1.5471062841700012,-0.016334599999999998,1467.5197371271527,1475.3877685480027,-265.0,0.3082,1325.0,0.30236186307860374,long_nclose,400.62946857914994,0.2729976697713317,2.0
1684353000000.0,197028,1684353000000.0,1.289060632244288,-0.013610112000000002,1468.7951876473971,1475.572918436003,-220.8,0.3082,1104.2,0.30236186307860374,long_nclose,333.86796921139427,0.2273073686646252,3.0
1684355040000.0,197062,1684355040000.0,0.4633441925041922,-0.009629162,1469.2489026779012,1472.1244992740028,-157.7,0.3053,946.5,0.30236186307860374,long_nclose,286.18550340389845,0.1947835406800627,34.0
1684357800000.0,197108,1684357800000.0,0.397236111772776,-0.008255311999999999,1469.637883477674,1472.3461139620028,-135.2,0.3053,811.3,0.30236186307860374,long_nclose,245.3061795156712,0.1669160697839331,46.0
1684364700000.0,197223,1684364700000.0,0.34053006918982803,-0.0070768540000000005,1469.9713366928638,1471.8754371080029,-115.9,0.3053,695.4,0.30236186307860374,long_nclose,210.26243958486103,0.14303846227227035,115.0
1684365840000.0,197242,1684365840000.0,0.29175699629464985,-0.006063258000000001,1470.2570304311585,1472.0680638500028,-99.3,0.3053,596.1,0.30236186307860374,long_nclose,180.2379065811557,0.12258938597171697,19.0
1684367460000.0,197269,1684367460000.0,0.2500354520108228,-0.005196206,1470.5018696771695,1471.952157644003,-85.1,0.3053,511.0,0.30236186307860374,long_nclose,154.50691203316651,0.1050708708497505,27.0
1684432500000.0,198353,1684432500000.0,0.0,-0.014841784000000002,1470.4870278931694,1464.888395860003,253.1,0.2932,764.1,0.29932709335579966,long_rentry,228.71583203316652,0.15553747003185578,1084.0
1684703100000.0,202863,1684703100000.0,0.0,-0.021924496,1470.4651033971693,1462.7662913640029,378.4,0.2897,1142.5,0.2961385663309991,long_rentry,338.33831203316646,0.23008931748976164,4510.0
1684716360000.0,203084,1684716360000.0,0.0,-0.032341128,1470.4327622691692,1458.6209502360027,565.8,0.2858,1708.3,0.292714366348514,long_rentry,500.0439520331665,0.34006583970660414,221.0
1684812720000.0,204690,1684812720000.0,0.6796946109625805,-0.014420399999999998,1471.0980364801317,1475.7627598360027,-244.0,0.2955,1464.3,0.292714366348514,long_nclose,428.62164664412904,0.29136171486550544,1606.0
1684815300000.0,204733,1684815300000.0,0.5824759965257196,-0.01235781,1471.6681546666575,1476.5454020260026,-209.1,0.2955,1255.2,0.292714366348514,long_nclose,367.4150726406548,0.24965891357748154,43.0
1684816800000.0,204758,1684816800000.0,0.4994641137114373,-0.010596630000000001,1472.157022150369,1475.2616753960026,-179.3,0.2955,1075.9,0.292714366348514,long_nclose,314.93138675436626,0.21392513299590032,25.0
1684817100000.0,204763,1684817100000.0,0.428151892233396,-0.00908367,1472.5760903726023,1475.0527817260026,-153.7,0.2955,922.2,0.292714366348514,long_nclose,269.94118864659964,0.1833122175563078,5.0
1684818000000.0,204778,1684818000000.0,0.3668679519007043,-0.007783469999999999,1472.935174854503,1475.2953182560027,-131.7,0.2955,790.5,0.292714366348514,long_nclose,231.39070659850032,0.157094969655645,15.0
1684818480000.0,204786,1684818480000.0,0.3144980392527678,-0.00667239,1473.2430005037559,1475.2660658660027,-112.9,0.2955,677.6,0.292714366348514,long_nclose,198.3432546377531,0.13463037297304806,8.0
1684819800000.0,204808,1684819800000.0,0.2696493374638434,-0.00572088,1473.5069289612197,1475.1829049860028,-96.8,0.2955,580.8,0.292714366348514,long_nclose,170.0085039752169,0.11537679303284176,22.0
1684820400000.0,204818,1684820400000.0,0.23092902970818824,-0.004899390000000001,1473.732958600928,1475.3190855960029,-82.9,0.2955,497.9,0.292714366348514,long_nclose,145.7424830049251,0.09889341359596389,10.0
1684824900000.0,204893,1684824900000.0,0.19805855262065358,-0.004202009999999999,1473.9268151435488,1475.286443586003,-71.1,0.2955,426.8,0.292714366348514,long_nclose,124.93049155754578,0.08476030849969884,75.0
1684827480000.0,204936,1684827480000.0,0.16964508937549652,-0.0035991899999999995,1474.0928610429244,1475.1853043960032,-60.9,0.2955,365.9,0.292714366348514,long_nclose,107.10418664692126,0.07265769306497068,43.0
1684827660000.0,204939,1684827660000.0,0.14541007660756847,-0.0030850200000000004,1474.2351860995318,1475.203149376003,-52.2,0.2955,313.7,0.292714366348514,long_nclose,91.82449672352884,0.06228619258944304,3.0
1684828320000.0,204950,1684828320000.0,0.12479638758657216,-0.00264768,1474.3573348071184,1475.133281696003,-44.8,0.2955,268.9,0.292714366348514,long_nclose,78.71089311111541,0.05338657817401689,11.0
1684830480000.0,204986,1684830480000.0,0.10696833221706185,-0.0022694399999999997,1474.4620336993355,1475.196322256003,-38.4,0.2955,230.5,0.292714366348514,long_nclose,67.47066144333247,0.04575951085973553,36.0
1684836900000.0,205093,1684836900000.0,0.09164734713388893,-0.00194439,1474.5517366564693,1475.121937866003,-32.9,0.2955,197.6,0.292714366348514,long_nclose,57.84035879046637,0.039225723555565965,107.0
1684848240000.0,205282,1684848240000.0,0.07855486897190479,-0.0016666200000000002,1474.6286249054413,1475.134391246003,-28.2,0.2955,169.4,0.292714366348514,long_nclose,49.58581365943827,0.033625967122819074,189.0
1684848720000.0,205290,1684848720000.0,0.06741233436596085,-0.00143022,1474.6946070198073,1475.1136010260032,-24.2,0.2955,145.2,0.292714366348514,long_nclose,42.50212599380423,0.028820967942438106,8.0
1684849440000.0,205302,1684849440000.0,0.0,-0.006197958,1474.6884090618073,1474.8935930680032,105.3,0.2943,250.5,0.2933809021708752,long_ientry_partial,73.49191599380424,0.04983555545849824,12.0
1684899360000.0,206134,1684899360000.0,0.0,-0.014745372000000003,1474.6736636898072,1472.7520276960029,258.6,0.2851,509.1,0.2891745747275668,long_rentry,147.21877599380426,0.099831426856465,832.0
1684936320000.0,206750,1684936320000.0,0.0,-0.01474869,1474.6589149998072,1470.319889006003,262.9,0.2805,772.0,0.2862204999919744,long_rentry,220.96222599380425,0.14983954848557854,616.0
1684977960000.0,207444,1684977960000.0,0.0,-0.021187066,1474.6377279338071,1466.7886919400028,382.3,0.2771,1154.3,0.2831998232641465,long_rentry,326.8975559938043,0.22167990808958737,694.0
1685016960000.0,208094,1685016960000.0,0.4452591437422402,-0.009428982,1475.0735580955495,1478.041932958003,-164.9,0.2859,989.4,0.2831998232641465,long_nclose,280.1979051375465,0.18995520840283164,650.0
1685017140000.0,208097,1685017140000.0,0.3815349727760979,-0.008079534,1475.4470135343256,1477.737033424003,-141.3,0.2859,848.1,0.2831998232641465,long_nclose,240.18177011032265,0.16278576452229535,3.0
1685041800000.0,208508,1685041800000.0,0.32699140271185734,-0.006924498,1475.7670804390375,1477.948208926003,-121.1,0.2859,727.0,0.2831998232641465,long_nclose,205.8862715130345,0.13951135937507414,411.0
1685102160000.0,209514,1685102160000.0,0.280278345181592,-0.005935284,1476.041423500219,1477.7864936420028,-103.8,0.2859,623.2,0.2831998232641465,long_nclose,176.4901298582161,0.11956990301782673,1006.0
1685104200000.0,209548,1685104200000.0,0.24031572949096042,-0.0050890200000000005,1476.27665020971,1476.917784622003,-89.0,0.2859,534.2,0.2831998232641465,long_nclose,151.28534558770707,0.10247763897519918,34.0
1685111100000.0,209663,1685111100000.0,0.20602348494562112,-0.0043628339999999995,1476.4783108606557,1477.806301788003,-76.3,0.2859,457.9,0.2831998232641465,long_nclose,129.67719907265268,0.08782871926988375,115.0
1685118120000.0,209780,1685118120000.0,0.17659155852481812,-0.0037395720000000005,1476.6511628471803,1477.7502322160028,-65.4,0.2859,392.5,0.2831998232641465,long_nclose,111.1559306311775,0.07527568692449613,117.0
1685118600000.0,209788,1685118600000.0,0.15120989720779532,-0.0032020800000000004,1476.7991706643882,1477.6068301360028,-56.0,0.2859,336.5,0.2831998232641465,long_nclose,95.2967405283853,0.06452924840519299,8.0
1685119860000.0,209809,1685119860000.0,0.12960848332096742,-0.00274464,1476.9260345077091,1477.762735496003,-48.0,0.2859,288.5,0.2831998232641465,long_nclose,81.70314901170626,0.05531972969718802,21.0
1685121060000.0,209829,1685121060000.0,0.1112472815171637,-0.002355816,1477.034925973226,1477.7274096800027,-41.2,0.2859,247.3,0.2831998232641465,long_nclose,70.03531629322343,0.04741615452801618,20.0
1685126280000.0,209916,1685126280000.0,0.09531623877562811,-0.002018454,1477.1282237580017,1477.7854612260026,-35.3,0.2859,212.0,0.2831998232641465,long_nclose,60.038362531999056,0.04064532893376977,87.0
1685130660000.0,209989,1685130660000.0,0.08154533742277532,-0.0017268359999999998,1477.2080422594245,1477.7171143900027,-30.2,0.2859,181.8,0.2831998232641465,long_nclose,51.48572786942184,0.03485340344524066,73.0
1685131200000.0,209998,1685131200000.0,0.06993457745860533,-0.001480962,1477.276495874883,1477.7130434280025,-25.9,0.2859,155.9,0.2831998232641465,long_nclose,44.15085244688044,0.029886654644656153,9.0
1685132100000.0,210013,1685132100000.0,0.05994392353594743,-0.001269396,1477.335170402419,1477.7229240320025,-22.2,0.2859,133.7,0.2831998232641465,long_nclose,37.86381637041639,0.02562980773015948,15.0
1685132400000.0,210018,1685132400000.0,0.05157337565480162,-0.001092138,1477.3856516400735,1477.7065518940024,-19.1,0.2859,114.6,0.2831998232641465,long_nclose,32.454699746071185,0.021967655980713374,5.0
1685132700000.0,210023,1685132700000.0,0.04401288079441185,-0.000932034,1477.4287324868678,1477.7039898600021,-16.3,0.2859,98.3,0.2831998232641465,long_nclose,27.8385426268656,0.01884256209096911,5.0
1685134680000.0,210056,1685134680000.0,0.03780247430194883,-0.0008005200000000001,1477.4657344411698,1477.7017893400023,-14.0,0.2859,84.3,0.2831998232641465,long_nclose,23.87374510116755,0.016158577857101675,33.0
1685147040000.0,210262,1685147040000.0,0.0,-0.00997893,1477.4557555111699,1477.5225204100022,175.5,0.2843,259.8,0.28394301424621843,long_ientry_partial,73.76839510116756,0.0499293429437724,206.0
1685159580000.0,210471,1685159580000.0,0.10228417146529671,-0.0021273140000000004,1477.555912368635,1478.1921630960023,-37.1,0.2867,222.7,0.28394301424621843,long_nclose,63.23410927263284,0.042796423975092576,209.0
1685160060000.0,210479,1685160060000.0,0.08767214697025431,-0.0018234120000000002,1477.6417611036054,1478.1680696840024,-31.8,0.2867,190.9,0.28394301424621843,long_nclose,54.204721419603096,0.03668326305228356,8.0
1685160180000.0,210481,1685160180000.0,0.07499001250285904,-0.001559648,1477.7151914681083,1478.1828800360024,-27.2,0.2867,163.7,0.28394301424621843,long_nclose,46.481471432105955,0.03145495945394367,2.0
1685161800000.0,210508,1685161800000.0,0.06423776806311086,-0.0013360220000000003,1477.7780932141713,1478.1792140140024,-23.3,0.2867,140.4,0.28394301424621843,long_nclose,39.86559920016907,0.02697671550500609,27.0
1685172600000.0,210688,1685172600000.0,0.055139715075631646,-0.0011468000000000001,1477.832086129247,1478.1760672140024,-20.0,0.2867,120.4,0.28394301424621843,long_nclose,34.1867389152447,0.023133033337222338,180.0
1685174400000.0,210718,1685174400000.0,0.04742015496504321,-0.0009862480000000001,1477.8785200362122,1478.1836809660024,-17.2,0.2867,103.2,0.28394301424621843,long_nclose,29.302919070209743,0.0198276912973143,30.0
1685175600000.0,210738,1685175600000.0,0.040527690580589255,-0.000842898,1477.9182048287928,1478.1621980680025,-14.7,0.2867,88.5,0.28394301424621843,long_nclose,25.12895676079033,0.017002941488024607,20.0
1685177220000.0,210765,1685177220000.0,0.0,-0.009726432,1477.9084783967928,1478.0115316360025,170.4,0.2854,258.9,0.28490195736110596,long_ientry_partial,73.76111676079033,0.04990912349376667,27.0
1685232000000.0,211678,1685232000000.0,0.10324777337519042,-0.002123226,1478.009602944168,1478.6529684100024,-36.9,0.2877,222.0,0.28490195736110596,long_nclose,63.248234534165526,0.042792844111551244,913.0
1685234460000.0,211719,1685234460000.0,0.08869795165294136,-0.001824018,1478.0964768778208,1478.6860343920023,-31.7,0.2877,190.3,0.28490195736110596,long_nclose,54.21684248581847,0.036680178414565036,41.0
1685234820000.0,211725,1685234820000.0,0.07582695551402874,-0.0015593340000000001,1478.170744499335,1478.6437050580023,-27.1,0.2877,163.2,0.28490195736110596,long_nclose,46.495999441332486,0.03145509381399708,6.0
1685235720000.0,211740,1685235720000.0,0.1495467597779176,-0.001579776,1478.3187114831128,1479.0800452820024,-27.2,0.2904,136.0,0.28490195736110596,long_nclose,38.74666620111041,0.0262099545247845,15.0
1685244060000.0,211879,1685244060000.0,0.12425576363900508,-0.001312608,1478.4416546387517,1479.0764726740024,-22.6,0.2904,113.4,0.28490195736110596,long_nclose,32.30788196474942,0.02185265942919043,139.0
1685251320000.0,212000,1685251320000.0,0.10391300587509715,-0.001097712,1478.5444699326267,1479.073484962002,-18.9,0.2904,94.5,0.28490195736110596,long_nclose,26.923234970624513,0.018209283195825238,121.0
1685253780000.0,212041,1685253780000.0,0.08631926943063627,-0.000911856,1478.6298773460574,1479.0867631060023,-15.7,0.2904,78.8,0.28490195736110596,long_nclose,22.450274240055148,0.015183160156583867,41.0
1685254200000.0,212048,1685254200000.0,0.07202435856951178,-0.000760848,1478.7011408566268,1479.0623622580022,-13.1,0.2904,65.7,0.28490195736110596,long_nclose,18.718058598624662,0.012658446038515327,7.0
1685254500000.0,212053,1685254500000.0,0.05992866476394492,-0.000633072,1478.7604364493907,1479.072689186002,-10.9,0.2904,54.8,0.28490195736110596,long_nclose,15.612627263388607,0.010557915182580648,5.0
1685255100000.0,212063,1685255100000.0,0.05003218801393567,-0.000528528,1478.8099401094048,1479.0657706580023,-9.1,0.2904,45.7,0.28490195736110596,long_nclose,13.020019451402543,0.008804390001895241,10.0
1685258220000.0,212115,1685258220000.0,0.041785124055594626,-0.00044140799999999996,1478.8512838254605,1479.0645692500025,-7.6,0.2904,38.1,0.28490195736110596,long_nclose,10.854764575458137,0.0073399973981016315,52.0
1685258460000.0,212119,1685258460000.0,0.03463766862503238,-0.00036590399999999996,1478.8855555900855,1479.0635733460024,-6.3,0.2904,31.8,0.28490195736110596,long_nclose,9.05988224408317,0.00612615506983447,4.0
1685260020000.0,212145,1685260020000.0,0.029139625986138357,-0.000307824,1478.9143873920716,1479.0547855220022,-5.3,0.2904,26.5,0.28490195736110596,long_nclose,7.549901870069308,0.0051050296991043955,26.0
1685262300000.0,212183,1685262300000.0,0.0,-0.0132618,1478.9011255920716,1478.9655237220022,230.0,0.2883,256.5,0.2879489351659622,long_ientry_partial,73.8589018700693,0.049941744307280996,38.0
1685271300000.0,212333,1685271300000.0,0.1006889729257838,-0.0021279240000000002,1478.9996866409974,1479.5826557980024,-36.6,0.2907,219.9,0.2879489351659622,long_nclose,63.31997084299509,0.042812700648235474,150.0
1685271360000.0,212334,1685271360000.0,0.08638343578878718,-0.0018255960000000003,1479.0842444807863,1479.6216702020024,-31.4,0.2907,188.5,0.2879489351659622,long_nclose,54.27837427878388,0.03669728379659511,1.0
1685271720000.0,212340,1685271720000.0,0.07400364403561704,-0.001563966,1479.156684158822,1479.6335762360025,-26.9,0.2907,161.6,0.2879489351659622,long_nclose,46.53254792281949,0.03145883625525579,6.0
1685272680000.0,212356,1685272680000.0,0.0632744911828696,-0.0013372200000000003,1479.2186214300048,1479.6137790160024,-23.0,0.2907,138.6,0.2879489351659622,long_nclose,39.90972241400236,0.02698027312245464,16.0
1685272800000.0,212358,1685272800000.0,0.05447108371394861,-0.001151172,1479.2719413417187,1479.6462878440025,-19.8,0.2907,118.8,0.2879489351659622,long_nclose,34.20833349771631,0.023125114822828932,2.0
1685280960000.0,212494,1685280960000.0,0.04649299569523896,-0.000982566,1479.317451771414,1479.5977852780024,-16.9,0.2907,101.9,0.2879489351659622,long_nclose,29.34199649341155,0.019834820753500793,136.0
1685281200000.0,212498,1685281200000.0,0.039890440093548224,-0.0008430300000000001,1479.3564991815076,1479.6144222480025,-14.5,0.2907,87.4,0.2879489351659622,long_nclose,25.1667369335051,0.017011948740840527,4.0
1685286000000.0,212578,1685286000000.0,0.03411320394206883,-0.000720936,1479.3898914494496,1479.5662213120024,-12.4,0.2907,75.0,0.2879489351659622,long_nclose,21.596170137447164,0.014598024673730914,80.0
1685287080000.0,212596,1685287080000.0,0.02943639372420455,-0.0006220980000000001,1479.4187057451738,1479.6084592140026,-10.7,0.2907,64.3,0.2879489351659622,long_nclose,18.51511653117137,0.012515129394585708,18.0
1685287980000.0,212611,1685287980000.0,0.025034689989744056,-0.000529074,1479.4432113611635,1479.6005901400024,-9.1,0.2907,55.2,0.2879489351659622,long_nclose,15.894781221161114,0.010743758935185557,15.0
1685291040000.0,212662,1685291040000.0,0.021458305705494906,-0.00045349200000000006,1479.464216174869,1479.6040966480025,-7.8,0.2907,47.4,0.2879489351659622,long_nclose,13.648779526866608,0.009225488104170109,51.0
1685299980000.0,212811,1685299980000.0,0.04385341218889845,-0.00046373,1479.5076058570578,1479.7308229180023,-7.9,0.2935,39.5,0.2879489351659622,long_nclose,11.373982939055507,0.0076876812893886546,149.0
1685311200000.0,212998,1685311200000.0,0.036081921421245555,-0.00038155,1479.5433062284792,1479.7462913680024,-6.5,0.2935,33.0,0.2879489351659622,long_nclose,9.502314860476753,0.006422464837950038,187.0
1685311320000.0,213000,1685311320000.0,0.05511702790464949,-0.000391116,1479.5980321403838,1479.8105802520024,-6.6,0.2963,26.4,0.2879489351659622,long_nclose,7.601851888381402,0.005137781832126782,2.0
1685311380000.0,213001,1685311380000.0,0.043425537136996574,-0.000308152,1479.6411495255209,1479.8266721000025,-5.2,0.2963,21.2,0.2879489351659622,long_nclose,6.104517425518399,0.004125674274114332,1.0
1685312580000.0,213021,1685312580000.0,0.058570643620400244,-0.00031694,1479.6994032291414,1479.8767051600025,-5.3,0.299,15.9,0.2879489351659622,long_nclose,4.578388069138799,0.0030941338890503054,20.0
1685313000000.0,213028,1685313000000.0,0.043099152852747354,-0.00023322,1479.7422691619943,1479.8808819400028,-3.9,0.299,12.0,0.2879489351659622,long_nclose,3.4553872219915465,0.002335127740825027,7.0
1685313300000.0,213033,1685313300000.0,0.03315319450211335,-0.00017940000000000002,1479.7752429564964,1479.8774025400028,-3.0,0.299,9.0,0.2879489351659622,long_nclose,2.5915404164936597,0.0017513067804242539,5.0
1685313600000.0,213038,1685313600000.0,0.024312342634883122,-0.00013156000000000002,1479.7994237391313,1479.8759309800027,-2.2,0.299,6.8,0.2879489351659622,long_nclose,1.958052759128543,0.0013231879454182849,5.0
1685314800000.0,213058,1685314800000.0,0.01878681021786423,-0.00010166,1479.818108889349,1479.8749793200027,-1.7,0.299,5.1,0.2879489351659622,long_nclose,1.4685395693464072,0.000992378428487129,20.0
1685317200000.0,213098,1685317200000.0,0.008351064834037802,-5.9260000000000005e-05,1479.8264006941831,1479.8606400600027,-1.0,0.2963,4.1,0.2879489351659622,long_nclose,1.1805906341804449,0.000797789952677309,40.0
1685318400000.0,213118,1685318400000.0,0.006680851867230242,-4.740800000000001e-05,1479.8330341380504,1479.8605926520027,-0.8,0.2963,3.3,0.2879489351659622,long_nclose,0.9502314860476753,0.0006421207420884147,20.0
1685319300000.0,213133,1685319300000.0,0.005010638900422681,-3.5556e-05,1479.8380092209507,1479.8602870960026,-0.6,0.2963,2.7,0.2879489351659622,long_nclose,0.777462124948098,0.0005253697500021552,15.0
1685319420000.0,213135,1685319420000.0,0.004175532417018901,-2.9630000000000003e-05,1479.8421551233678,1479.8609674660026,-0.5,0.2963,2.2,0.2879489351659622,long_nclose,0.6334876573651169,0.0004280778562577885,2.0
1685320620000.0,213155,1685320620000.0,0.003340425933615121,-2.3704000000000005e-05,1479.8454718453015,1479.8608637620027,-0.4,0.2963,1.8,0.2879489351659622,long_nclose,0.518308083298732,0.00035024473376427936,20.0
1685321460000.0,213169,1685321460000.0,0.0025053194502113406,-1.7778e-05,1479.8479593867517,1479.8609359840027,-0.3,0.2963,1.5,0.2879489351659622,long_nclose,0.4319234027489433,0.000291870120852099,14.0
1685322900000.0,213193,1685322900000.0,0.0025053194502113406,-1.7778e-05,1479.8504469282018,1479.8608282060027,-0.3,0.2963,1.2,0.2879489351659622,long_nclose,0.34553872219915466,0.0002334957041884917,24.0
1685332440000.0,213352,1685332440000.0,0.0,-0.01472783,1479.8357190982017,1479.7919603760026,250.9,0.2935,252.1,0.2934735768433128,long_ientry_partial,73.98468872219917,0.04999520404013816,159.0
1685508480000.0,216286,1685508480000.0,0.0,-0.014796176000000001,1479.8209229222018,1477.6840042000026,259.4,0.2852,511.5,0.2892777492125106,long_rentry,147.96556872219918,0.09998883407460656,2934.0
1685523720000.0,216540,1685523720000.0,0.0,-0.014798844,1479.8061240782017,1475.5224953560025,263.7,0.2806,775.2,0.28632583684494217,long_rentry,221.9597887221992,0.14999247881911693,254.0
1685542740000.0,216857,1685542740000.0,0.0,-0.021283416,1479.7848406622018,1473.1741319400026,383.9,0.2772,1159.1,0.2833033118127851,long_rentry,328.3768687221992,0.221908523252104,317.0
1685587860000.0,217609,1685587860000.0,0.0,-0.031403270000000004,1479.7534373922017,1468.5637386700025,574.1,0.2735,1733.2,0.28005609203911797,long_rentry,485.39321872219926,0.32802303847160996,752.0
1685595960000.0,217744,1685595960000.0,0.0,-0.046216256000000004,1479.7072211362017,1460.8914424140025,858.4,0.2692,2591.6,0.27646029430552527,long_rentry,716.4744987221992,0.48420017722968883,135.0
1685731680000.0,220006,1685731680000.0,0.9772190480945515,-0.020664564000000003,1480.6637756202963,1486.7497578500024,-370.2,0.2791,2221.4,0.27646029430552527,long_nclose,614.1288977702939,0.4147659366577102,2262.0
1685732220000.0,220015,1685732220000.0,0.8375786168568374,-0.017711686,1481.4836425511533,1486.7003161640025,-317.3,0.2791,1904.1,0.27646029430552527,long_nclose,526.4080463871506,0.35532491299104885,9.0
1685738700000.0,220123,1685738700000.0,1.6942886168568312,-0.017883028000000002,1483.16004814001,1491.7917731360026,-317.3,0.2818,1586.8,0.27646029430552527,long_nclose,438.6871950040075,0.29577872971575314,108.0
1685742480000.0,220186,1685742480000.0,1.4118181856191179,-0.014901584,1484.5569647416291,1491.8826715520024,-264.4,0.2818,1322.4,0.27646029430552527,long_nclose,365.59109318962663,0.246262758433964,63.0
1685748360000.0,220284,1685748360000.0,1.17687113506223,-0.012421744,1485.7214141326913,1491.8261698080023,-220.4,0.2818,1102.0,0.27646029430552527,long_nclose,304.65924432468887,0.205058122893475,98.0
1685748600000.0,220288,1685748600000.0,0.98036996550556,-0.010347696,1486.6914364021968,1491.8709421120025,-183.6,0.2818,918.4,0.27646029430552527,long_nclose,253.9011342901944,0.17078267088471083,4.0
1685789340000.0,220967,1685789340000.0,0.3463293871150869,-0.007323584,1487.0304422053118,1489.3445785280023,-131.2,0.2791,787.2,0.27646029430552527,long_nclose,217.6295436773095,0.1463517743150962,679.0
1685797800000.0,221108,1685797800000.0,0.29670292005896165,-0.006274168000000001,1487.320870957371,1489.1696243600024,-112.4,0.2791,674.8,0.27646029430552527,long_nclose,186.55540659736843,0.12543050409645964,141.0
1685801460000.0,221169,1685801460000.0,0.2544676289473657,-0.005381048000000001,1487.5699575383185,1489.1546033120026,-96.4,0.2791,578.4,0.27646029430552527,long_nclose,159.9046342263158,0.10749385829956626,61.0
1685803080000.0,221196,1685803080000.0,0.21803969036361415,-0.004610732,1487.7833864966822,1489.1417325800028,-82.6,0.2791,495.8,0.27646029430552527,long_nclose,137.06901391667944,0.09212968444246376,27.0
1685804220000.0,221215,1685804220000.0,0.18689116316881213,-0.003952056000000001,1487.9663256038511,1489.1307005240028,-70.8,0.2791,425.0,0.27646029430552527,long_nclose,117.49562507984824,0.07896390063274167,19.0
1685806620000.0,221255,1685806620000.0,0.1602301356546172,-0.0033882740000000006,1488.123167465506,1489.1212422500032,-60.7,0.2791,364.3,0.27646029430552527,long_nclose,100.71448521550286,0.06767886383157017,40.0
1685811300000.0,221333,1685811300000.0,0.13726469611268688,-0.00290264,1488.2575295216186,1489.1131396100031,-52.0,0.2791,312.3,0.27646029430552527,long_nclose,86.33854991161554,0.058013178632711486,78.0
1685863560000.0,222204,1685863560000.0,0.11773087397357375,-0.0024895720000000002,1488.3727708235922,1489.106190038003,-44.6,0.2791,267.7,0.27646029430552527,long_nclose,74.00842078558911,0.04972438507097687,871.0
1685864760000.0,222224,1685864760000.0,0.10083675752893537,-0.002132324,1488.471475257121,1489.100237714003,-38.2,0.2791,229.5,0.27646029430552527,long_nclose,63.44763754311805,0.042626035229971736,20.0
1685870400000.0,222318,1685870400000.0,0.20397675752893463,-0.002152952,1488.67329906265,1489.6947847620029,-38.2,0.2818,191.3,0.27646029430552527,long_nclose,52.88685430064699,0.03552616570334636,94.0
1685870460000.0,222319,1685870460000.0,0.16980264108429635,-0.0017922480000000002,1488.8413094557343,1489.740842514003,-31.8,0.2818,159.5,0.27646029430552527,long_nclose,44.09541694173128,0.02961727127107384,1.0
1685870580000.0,222321,1685870580000.0,0.1415022009035803,-0.00149354,1488.981318116638,1489.6781989740032,-26.5,0.2818,133.0,0.27646029430552527,long_nclose,36.76921914263486,0.024694211200139836,2.0
1685870700000.0,222323,1685870700000.0,0.1180074958478915,-0.001245556,1489.098080056486,1489.6791634180033,-22.1,0.2818,110.9,0.27646029430552527,long_nclose,30.659446638482752,0.02058927282836853,2.0
1685870820000.0,222325,1685870820000.0,0.09825058477833498,-0.0010370239999999999,1489.1952936172643,1489.6984663940032,-18.4,0.2818,92.5,0.27646029430552527,long_nclose,25.57257722326109,0.017172077653525984,2.0
1685871000000.0,222328,1685871000000.0,0.08223146769491081,-0.000867944,1489.2766571409593,1489.6960584500032,-15.4,0.2818,77.1,0.27646029430552527,long_nclose,21.315088690955996,0.014312376809743102,3.0
1685871420000.0,222335,1685871420000.0,0.06834823288927652,-0.000721408,1489.3442839658487,1489.6940570420034,-12.8,0.2818,64.3,0.27646029430552527,long_nclose,17.776396923845272,0.011935720380589243,7.0
1685873520000.0,222370,1685873520000.0,0.05713485093087958,-0.000603052,1489.4008157647795,1489.6923839900035,-10.7,0.2818,53.6,0.27646029430552527,long_nclose,14.818271774776155,0.00994914976407291,35.0
1685874180000.0,222381,1685874180000.0,0.04752338068082508,-0.000501604,1489.4478375414603,1489.6954623860033,-8.9,0.2818,44.7,0.27646029430552527,long_nclose,12.35777515545698,0.00829688347854813,11.0
1685876820000.0,222425,1685876820000.0,0.03951382213911299,-0.0004170640000000001,1489.4869342995994,1489.6935653220032,-7.4,0.2818,37.3,0.27646029430552527,long_nclose,10.311968977596091,0.00692316846837269,44.0
1685880900000.0,222493,1685880900000.0,0.033106175305743314,-0.00034943200000000005,1489.5196910429052,1489.6888658900034,-6.2,0.2818,31.1,0.27646029430552527,long_nclose,8.597915152901836,0.005772273575572473,68.0
1685889120000.0,222630,1685889120000.0,0.0,-0.013155904000000001,1489.506535138905,1489.5383999860032,235.6,0.2792,266.7,0.27888052175816214,long_ientry_partial,74.37743515290184,0.04993427917116571,137.0
1685904120000.0,222880,1685904120000.0,0.10361212101402324,-0.002145792,1489.6080014679192,1490.2525341940034,-38.1,0.2816,228.6,0.27888052175816214,long_nclose,63.75208727391586,0.04279789529264881,250.0
1685908560000.0,222954,1685908560000.0,0.0886549906839149,-0.0018360320000000002,1489.694820426603,1490.286638162003,-32.6,0.2816,196.0,0.27888052175816214,long_nclose,54.66058226459978,0.036692469836839915,74.0
1685908920000.0,222960,1685908920000.0,0.07614539077146065,-0.00157696,1489.7693888573745,1490.2430612020032,-28.0,0.2816,168.0,0.27888052175816214,long_nclose,46.85192765537124,0.031449114209082925,6.0
1685916360000.0,223084,1685916360000.0,0.06526747780410913,-0.00135168,1489.8333046551786,1490.2537095220032,-24.0,0.2816,144.0,0.27888052175816214,long_nclose,40.158795133175346,0.026955227143663624,124.0
1685918220000.0,223115,1685918220000.0,0.05574930395767655,-0.00115456,1489.8878993991364,1490.2361049620033,-20.5,0.2816,123.5,0.27888052175816214,long_nclose,34.441744437133025,0.023117003937694367,31.0
1685918340000.0,223117,1685918340000.0,0.0478628170563467,-0.000991232,1489.9347709841927,1490.2333537300033,-17.6,0.2816,105.9,0.27888052175816214,long_nclose,29.533447254189372,0.01982197330335524,2.0
1685918520000.0,223120,1685918520000.0,0.04106412145175199,-0.000850432,1489.9749846736443,1490.230993298003,-15.1,0.2816,90.8,0.27888052175816214,long_nclose,25.322351375641123,0.016995152023433192,3.0
1685919120000.0,223130,1685919120000.0,0.03508126931970866,-0.000726528,1490.009339414964,1490.2367667700032,-12.9,0.2816,77.9,0.27888052175816214,long_nclose,21.724792644960832,0.014580306358006345,10.0
1685919660000.0,223139,1685919660000.0,0.030186208484400474,-0.000625152,1490.0389004714482,1490.213881618003,-11.1,0.2816,66.8,0.27888052175816214,long_nclose,18.62921885344523,0.01250250503362761,9.0
1685919900000.0,223143,1685919900000.0,0.025835043297459864,-0.0005350400000000001,1490.0642004747458,1490.225756578003,-9.5,0.2816,57.3,0.27888052175816214,long_nclose,15.97985389674269,0.010724272076096712,4.0
1685920260000.0,223149,1685920260000.0,0.022027773758886832,-0.000456192,1490.0857720565048,1490.2244903860033,-8.1,0.2816,49.2,0.27888052175816214,long_nclose,13.720921670501578,0.0092081421941,6.0
1685920980000.0,223161,1685920980000.0,0.0,-0.012145136,1490.0736269205047,1490.1602252500031,216.8,0.2801,266.0,0.27987444237030673,long_ientry_partial,74.4466016705016,0.049961693385821744,12.0
1685933700000.0,223373,1685933700000.0,0.0,-0.01490016,1490.0587267605047,1488.719985090003,273.9,0.272,539.9,0.27587961042878606,long_rentry,148.9474016705016,0.0999607592610286,212.0
1685978700000.0,224123,1685978700000.0,0.0,-0.014899968,1490.0438267925047,1485.655495122003,278.4,0.2676,818.3,0.2730627418678988,long_rentry,223.44724167050157,0.14996018080320372,750.0
1685980320000.0,224150,1685980320000.0,0.0,-0.021424158000000002,1490.0224026345047,1483.218930964003,405.3,0.2643,1223.6,0.2701602089494129,long_rentry,330.56803167050157,0.22185440372307497,27.0
1685980620000.0,224155,1685980620000.0,0.0,-0.03160896,1489.9907936745046,1477.988762004003,606.0,0.2608,1829.6,0.2670599211141788,long_rentry,488.6128316705015,0.3279301011421157,5.0
1685980740000.0,224157,1685980740000.0,0.0,-0.046519174,1489.9442745005047,1467.433352830003,906.1,0.2567,2735.7,0.2636285783055531,long_rentry,721.2087016705016,0.4840507890218127,2.0
1685980920000.0,224160,1685980920000.0,0.0,-0.06825986200000002,1489.8760146385046,1446.7455229680031,1354.9,0.2519,4090.6,0.2597438057181102,long_rentry,1062.5080116705014,0.7131519678355938,3.0
1685981040000.0,224162,1685981040000.0,0.0,-0.08547484000000001,1489.7905397985046,1430.829628128003,1738.0,0.2459,5828.6,0.25561579310134536,long_rentry,1489.8822116705016,1.0000615333965066,2.0
1686010920000.0,224660,1686010920000.0,-0.0009207378084346462,-0.002980296,1489.7866387646961,1490.2725378320029,-58.3,0.2556,5770.3,0.25561579310134536,unstuck_close_long,1474.9798109326932,0.9900611084522275,498.0
1686025620000.0,224905,1686025620000.0,2.0477317465610194,-0.042550366,1491.7918201452574,1504.5733074660031,-824.3,0.2581,4946.0,0.25561579310134536,long_nclose,1264.2757126792542,0.8474880312429588,245.0
1686042000000.0,225178,1686042000000.0,1.755092173899503,-0.03646953,1493.510442789157,1504.4661879360033,-706.5,0.2581,4239.5,0.25561579310134536,long_nclose,1083.6831548531536,0.7255946284709976,273.0
1686042660000.0,225189,1686042660000.0,1.5044356978252498,-0.031261072,1494.9836174149823,1504.7377568640034,-605.6,0.2581,3633.9,0.25561579310134536,long_nclose,928.8822305509789,0.6213327154428187,11.0
1686043680000.0,225206,1686043680000.0,1.2895518010916234,-0.026795942000000003,1496.246373274074,1504.2956609220034,-519.1,0.2581,3114.8,0.25561579310134536,long_nclose,796.1920723520706,0.5321263172787846,17.0
1686060120000.0,225480,1686060120000.0,1.105223649211449,-0.022965738,1497.3286311852853,1506.8981051840033,-444.9,0.2581,2669.9,0.25561579310134536,long_nclose,682.468606001282,0.45579079420997903,274.0
1686060900000.0,225493,1686060900000.0,0.9474765111468795,-0.019687867999999997,1498.2564198284324,1503.0261273160036,-381.4,0.2581,2288.5,0.25561579310134536,long_nclose,584.9767425124288,0.39043833536813105,13.0
1686061020000.0,225495,1686061020000.0,0.8120872351702016,-0.016874578,1499.0516324856026,1503.1400127380034,-326.9,0.2581,1961.6,0.25561579310134536,long_nclose,501.41593974759905,0.33448877202194355,2.0
1686061500000.0,225503,1686061500000.0,0.69607477300303,-0.014463924000000001,1499.7332433346055,1503.2376288140033,-280.2,0.2581,1681.4,0.25561579310134536,long_nclose,429.7923945206021,0.2865792276264901,8.0
1686067380000.0,225601,1686067380000.0,0.5967064970568444,-0.012399124,1500.3175507076623,1504.1860296900034,-240.2,0.2581,1441.2,0.25561579310134536,long_nclose,368.3934810176589,0.24554367230050525,98.0
1686070620000.0,225655,1686070620000.0,1.1731864970568475,-0.01251442,1501.4782227847193,1507.2240552700034,-240.2,0.2605,1201.0,0.25561579310134536,long_nclose,306.99456751471575,0.20446155186010473,54.0
1686070740000.0,225657,1686070740000.0,0.977329800420796,-0.01042521,1502.4451273751401,1507.4338200600037,-200.1,0.2605,1000.9,0.25561579310134536,long_nclose,255.84584731513655,0.1702863170531321,2.0
1686072420000.0,225685,1686072420000.0,0.8146857106955961,-0.008690280000000002,1503.2511228058356,1507.7420897800034,-166.8,0.2605,834.1,0.25561579310134536,long_nclose,213.20913302583216,0.1418320131555098,28.0
1686080280000.0,225816,1686080280000.0,1.2316857106955965,-0.008773680000000002,1504.474034836531,1509.4682461000032,-166.8,0.263,667.3,0.25561579310134536,long_nclose,170.57241873652774,0.11337677805457196,131.0
1686085500000.0,225903,1686085500000.0,0.5431238071303974,-0.005793520000000001,1505.0113651236613,1507.8386925800032,-111.2,0.2605,556.1,0.25561579310134536,long_nclose,142.14794254365816,0.0944497469173453,87.0
1686085740000.0,225907,1686085740000.0,0.4522775588154208,-0.00482446,1505.4588182224768,1507.8616981200032,-92.6,0.2605,463.5,0.25561579310134536,long_nclose,118.47792010247358,0.0786988781548755,4.0
1686097080000.0,226096,1686097080000.0,0.3770607725761392,-0.0040221200000000006,1505.831856875053,1507.7572560000033,-77.2,0.2605,386.3,0.25561579310134536,long_nclose,98.74438087504971,0.06557463930930972,189.0
1686108840000.0,226292,1686108840000.0,0.13687980011587064,-0.002844262,1505.9658924131688,1506.7555417380033,-55.1,0.2581,331.2,0.25561579310134536,long_nclose,84.65995067516558,0.05621637986734611,196.0
1686108900000.0,226293,1686108900000.0,0.11750298630636444,-0.0024416259999999997,1506.0809537734751,1506.7010501120033,-47.3,0.2581,283.9,0.25561579310134536,long_nclose,72.56932366147194,0.04818421179794487,1.0
1686109140000.0,226297,1686109140000.0,0.1006103793955129,-0.00209061,1506.1794735428705,1506.808469502003,-40.5,0.2581,243.4,0.25561579310134536,long_nclose,62.21688404086746,0.041307749264780154,4.0
1686117060000.0,226429,1686117060000.0,0.086201979383316,-0.0017912140000000002,1506.2638843082539,1506.8032082880031,-34.7,0.2581,208.7,0.25561579310134536,long_nclose,53.34701602025077,0.03541677960681517,132.0
1686117660000.0,226439,1686117660000.0,0.0,-0.00428612,1506.259598188254,1506.711412168003,83.0,0.2582,291.7,0.2563511005150867,long_ientry_partial,74.77761602025079,0.04964457395670318,10.0
1686148260000.0,226949,1686148260000.0,0.0,-0.015060586,1506.244537602254,1504.0699915820032,302.3,0.2491,594.0,0.25266085188594406,long_rentry,150.08054602025078,0.0996388981162113,510.0
1686168720000.0,227290,1686168720000.0,0.0,-0.015063846000000002,1506.229473756254,1501.6481977360033,307.3,0.2451,901.3,0.25008296462914764,long_rentry,225.39977602025075,0.1496450440968639,341.0
1686175020000.0,227395,1686175020000.0,0.0,-0.021614688000000003,1506.207859068254,1499.1475830480033,446.4,0.2421,1347.7,0.247438759382838,long_rentry,333.4732160202508,0.22139920065650076,105.0
1686361680000.0,230506,1686361680000.0,0.0,-0.03189315,1506.175965918254,1494.4667598980031,667.5,0.2389,2015.2,0.24461044363847298,long_rentry,492.93896602025075,0.3272784702282286,3111.0
1686364980000.0,230561,1686364980000.0,0.0,-0.04692596,1506.129039958254,1485.758313938003,998.0,0.2351,3013.2,0.24146049582511975,long_rentry,727.5687660202508,0.4830719989572853,55.0
1686370740000.0,230657,1686370740000.0,0.0,-0.068854722,1506.060185236254,1472.2850092160033,1492.3,0.2307,4505.5,0.237896432364943,long_rentry,1071.8423760202506,0.7116862835412596,96.0
1686370860000.0,230659,1686370860000.0,0.0,-0.086841624,1505.973343612254,1410.1679675920034,1928.1,0.2252,6433.6,0.23409141010013843,long_rentry,1506.0504960202506,1.000051230925384,2.0
1686409740000.0,231307,1686409740000.0,-1.4446444120597581,-0.0030117600000000005,1504.5256874401944,1376.0457258320037,-70.5,0.2136,6363.1,0.23409141010013843,unstuck_close_long,1489.547051608191,0.9900442804286791,648.0
1686409800000.0,231308,1686409800000.0,0.0,-0.015135564000000002,1504.5105518761943,1372.6721402680032,353.8,0.2139,6716.9,0.23302786577263188,long_rentry,1565.224871608191,1.040354864680931,1.0
1686495660000.0,232739,1686495660000.0,-1.6821207624749681,-0.003009856,1502.8254212577192,1347.8094204120032,-71.8,0.2096,6645.1,0.23302786577263188,unstuck_close_long,1548.4934708457163,1.0303881268855415,1431.0
1686579360000.0,234134,1686579360000.0,-1.5213784698568624,-0.0030047200000000002,1501.3010380678622,1361.746925692003,-71.0,0.2116,6574.1,0.23302786577263188,unstuck_close_long,1531.9484923758594,1.020413930005297,1395.0
1686663120000.0,235530,1686663120000.0,-1.1022083114661267,-0.003004664,1500.1958250923963,1398.5381210280032,-69.2,0.2171,6504.9,0.23302786577263188,unstuck_close_long,1515.822964064393,1.0104167327428966,1396.0
1686746880000.0,236926,1686746880000.0,-1.1229683114661264,-0.0030005120000000003,1499.0698562689302,1395.2757505160032,-69.2,0.2168,6435.7,0.23302786577263188,unstuck_close_long,1499.6974357529268,1.0004186459232518,1396.0
1686831000000.0,238328,1686831000000.0,-1.6679424027431793,-0.00299871,1497.398915156187,1351.4813918060033,-71.5,0.2097,6364.2,0.23302786577263188,unstuck_close_long,1483.0359433501837,0.9904080524831252,1402.0
1686831060000.0,238329,1686831060000.0,0.0,-0.015038958,1497.383876198187,1351.4663528480032,357.9,0.2101,6722.1,0.23180713368592906,long_rentry,1558.2307333501838,1.040635443001086,1.0
1686924660000.0,239889,1686924660000.0,-1.4306650649637769,-0.002996256,1495.9502148772233,1362.2116365920033,-70.8,0.2116,6651.3,0.23180713368592906,unstuck_close_long,1541.81878828522,1.0306618314913383,1560.0
1687008480000.0,241286,1687008480000.0,-0.8678972307489556,-0.0029929059999999996,1495.0793247404745,1412.0865636860035,-68.3,0.2191,6583.0,0.23180713368592906,unstuck_close_long,1525.986361054471,1.0206725060018882,1397.0
1687092360000.0,242684,1687092360000.0,-1.1455950778034776,-0.0029883640000000003,1493.930741298671,1387.7125953220034,-69.4,0.2153,6513.6,0.23180713368592906,unstuck_close_long,1509.8989459766676,1.0106887181825548,1398.0
1687176180000.0,244081,1687176180000.0,-1.3873822114894054,-0.0029863680000000005,1492.5403727191815,1368.1406489540034,-70.4,0.2121,6443.2,0.23180713368592906,unstuck_close_long,1493.5797237651782,1.0006963637734658,1397.0
1687261980000.0,245511,1687261980000.0,-1.2499179312778481,-0.002986044,1491.2874687439037,1377.7954829100033,-69.8,0.2139,6373.4,0.23180713368592906,unstuck_close_long,1477.3995858339001,0.9906873200499021,1430.0
1687262400000.0,245518,1687262400000.0,0.0,-0.014934024000000002,1491.2725347199037,1379.0552288860035,348.6,0.2142,6722.0,0.23089403538141923,long_rentry,1552.0697058339001,1.0407686520729864,7.0
1687355340000.0,247067,1687355340000.0,-0.7026367917839396,-0.00298116,1490.5669167681197,1420.7354077260036,-67.6,0.2205,6654.4,0.23089403538141923,unstuck_close_long,1536.461269042116,1.0307898637476174,1549.0
1687398120000.0,247780,1687398120000.0,2.0969899664228846,-0.044316972,1492.6195897625425,1505.2019707540035,-950.6,0.2331,5703.8,0.23089403538141923,long_nclose,1316.973399008539,0.8823235391263043,713.0
1687398180000.0,247781,1687398180000.0,1.797419971219615,-0.037985976000000005,1494.379023757762,1506.1417847780035,-814.8,0.2331,4889.0,0.23089403538141923,long_nclose,1128.8409389797587,0.7553913170844555,1.0
1687398840000.0,247792,1687398840000.0,1.540645689616813,-0.032559408000000005,1495.887110039379,1505.9695453700035,-698.4,0.2331,4190.6,0.23089403538141923,long_nclose,967.5845446693755,0.6468299233114617,11.0
1687399020000.0,247795,1687399020000.0,1.3204904206824517,-0.027906732,1497.1796937280615,1505.4627186380035,-598.6,0.2331,3592.0,0.23089403538141923,long_nclose,829.3713750900579,0.5539558000715843,3.0
1687399200000.0,247798,1687399200000.0,1.1318804457937954,-0.023920722000000002,1498.2876534518552,1506.9269379160035,-513.1,0.2331,3078.9,0.23089403538141923,long_nclose,710.8996455358517,0.4744747404799296,3.0
1687399440000.0,247802,1687399440000.0,0.9701832392518247,-0.020503476000000003,1499.2373332151071,1505.3230044400036,-439.8,0.2331,2639.1,0.23089403538141923,long_nclose,609.3524487751034,0.4064416188652067,4.0
1687400040000.0,247812,1687400040000.0,0.8316486612049521,-0.01757574,1500.0514061363122,1505.0415187000037,-377.0,0.2331,2262.1,0.23089403538141923,long_nclose,522.3053974363085,0.34819166549872604,10.0
1687400100000.0,247813,1687400100000.0,0.7127471682634483,-0.015062922000000001,1500.7490903825756,1505.6081557780037,-323.1,0.2331,1939.0,0.23089403538141923,long_nclose,447.70353460457187,0.29832004395247835,1.0
1687400580000.0,247821,1687400580000.0,0.6110521993468746,-0.012913740000000002,1501.3472288419225,1504.8473420380037,-277.0,0.2331,1662.0,0.23089403538141923,long_nclose,383.7458868039188,0.25560102248959726,8.0
1687400640000.0,247822,1687400640000.0,0.5236960004510759,-0.011067588000000001,1501.8598572543735,1505.7147744500037,-237.4,0.2331,1424.6,0.23089403538141923,long_nclose,328.9316428043698,0.2190162026207335,1.0
1687408560000.0,247954,1687408560000.0,0.4489137998811876,-0.009487170000000001,1502.2992838842547,1505.2372072800038,-203.5,0.2331,1221.1,0.23089403538141923,long_nclose,281.944706604251,0.18767545829834367,132.0
1687409340000.0,247967,1687409340000.0,0.9169637998811869,-0.00958078,1503.2066669041358,1507.5884165000036,-203.5,0.2354,1017.6,0.23089403538141923,long_nclose,234.95777040413222,0.15630436957017316,13.0
1687412580000.0,248021,1687412580000.0,0.32052665907978656,-0.006773886000000001,1503.5204196772156,1505.3574526140037,-145.3,0.2331,872.3,0.23089403538141923,long_nclose,201.40886706321197,0.13395818535437756,54.0
1687413600000.0,248038,1687413600000.0,0.2748631914751645,-0.005808852,1503.7894740166907,1505.5136437620035,-124.6,0.2331,747.7,0.23089403538141923,long_nclose,172.63947025468715,0.1148029516349514,17.0
1687420140000.0,248147,1687420140000.0,0.23559702126442672,-0.004979016,1504.0200920219552,1505.4979847460036,-106.8,0.2331,640.9,0.23089403538141923,long_nclose,147.97998727595157,0.09838963459391832,109.0
1687420320000.0,248150,1687420320000.0,0.20184576260014087,-0.0042657300000000006,1504.2176720545554,1505.7043290160036,-91.5,0.2331,549.4,0.23089403538141923,long_nclose,126.85318303855172,0.08433166648367296,3.0
1687420800000.0,248158,1687420800000.0,0.17294762609673275,-0.0036550080000000004,1504.386964672652,1505.4259740080035,-78.4,0.2331,471.0,0.23089403538141923,long_nclose,108.75109066464846,0.07228930668666902,8.0
1687432140000.0,248347,1687432140000.0,0.0,-0.01504382,1504.371920852652,1500.6544801880036,335.5,0.2242,806.5,0.2281093498631723,long_rentry,183.97019066464847,0.12229036457977582,189.0
1687444860000.0,248559,1687444860000.0,0.0,-0.01765348,1504.354267372652,1499.4647067080036,399.4,0.221,1205.9,0.2257546982872945,long_rentry,272.23759066464845,0.18096640968759983,212.0
1687528200000.0,249948,1687528200000.0,0.0,-0.026073752000000002,1504.328193620652,1496.0598129560035,597.2,0.2183,1803.1,0.22328564730999306,long_rentry,402.60635066464846,0.26763199172359203,1389.0
1687532820000.0,250025,1687532820000.0,0.5701958176767878,-0.011613250000000002,1504.8867761883287,1508.1547197060033,-257.5,0.2255,1545.6,0.22328564730999306,long_nclose,345.1102964823253,0.22932641973002263,77.0
1687533360000.0,250034,1687533360000.0,0.4889290739535331,-0.009958080000000001,1505.3657471822823,1508.8292416260035,-220.8,0.2255,1324.8,0.22328564730999306,long_nclose,295.8088255562788,0.19650296023406183,9.0
1687534260000.0,250049,1687534260000.0,0.41895552894931365,-0.008532920000000001,1505.7761697912315,1508.4043487060035,-189.2,0.2255,1135.6,0.22328564730999306,long_nclose,253.5631810852281,0.16839367375589653,15.0
1687535580000.0,250071,1687535580000.0,0.8162755289493119,-0.008612383999999999,1506.583832936181,1511.7079763220036,-189.2,0.2276,946.4,0.22328564730999306,long_nclose,211.31753661417744,0.14026271356061265,22.0
1687536000000.0,250078,1687536000000.0,1.21359552894931,-0.008691847999999999,1507.7887366171303,1513.1000044740035,-189.2,0.2297,757.2,0.22328564730999306,long_nclose,169.07189214312675,0.11213234854271154,7.0
1687536240000.0,250082,1687536240000.0,0.9711329972670485,-0.0069553160000000004,1508.7529142983974,1512.6993091580036,-151.4,0.2297,605.8,0.22328564730999306,long_nclose,135.26644514039378,0.08965447148998257,4.0
1687537140000.0,250097,1687537140000.0,0.7767781107598386,-0.005563334,1509.5241290751571,1512.6816358240035,-121.1,0.2297,484.7,0.22328564730999306,long_nclose,108.22655325115363,0.07169580874302485,15.0
1687537320000.0,250100,1687537320000.0,0.621550775661671,-0.004451586,1510.141228264819,1512.8226142380036,-96.9,0.2297,387.8,0.22328564730999306,long_nclose,86.59017402681532,0.05733912325955704,3.0
1687538040000.0,250112,1687538040000.0,0.4971123334755367,-0.00356035,1510.6347802482944,1512.6561838880036,-77.5,0.2297,310.3,0.22328564730999306,long_nclose,69.28553636029085,0.045865180165455204,12.0
1687539000000.0,250128,1687539000000.0,0.39768986678042934,-0.00284828,1511.0296218350747,1512.6719656080036,-62.0,0.2297,248.3,0.22328564730999306,long_nclose,55.44182622707128,0.03669142247505365,16.0
1687540380000.0,250151,1687540380000.0,0.31815189342434347,-0.002278624,1511.3454951044992,1512.6398969840036,-49.6,0.2297,198.7,0.22328564730999306,long_nclose,44.36685812049562,0.029355867512893177,23.0
1687540560000.0,250154,1687540560000.0,0.25464980179327495,-0.001823818,1511.5983210882923,1512.6659031660033,-39.7,0.2297,159.0,0.22328564730999306,long_nclose,35.5024179222889,0.02348667461917299,3.0
1687540800000.0,250158,1687540800000.0,0.2039764155422202,-0.001460892,1511.8008366118345,1512.6549022740035,-31.8,0.2297,127.2,0.22328564730999306,long_nclose,28.40193433783112,0.01878682274146903,4.0
1687541340000.0,250167,1687541340000.0,0.1629245583261759,-0.0011668759999999999,1511.9625942941607,1512.6155753980033,-25.4,0.2297,101.8,0.22328564730999306,long_nclose,22.730478896157294,0.015033757436815896,9.0
1687542120000.0,250180,1687542120000.0,0.1302113596071406,-0.000932582,1512.0918730717678,1512.6309428160034,-20.3,0.2297,81.5,0.22328564730999306,long_nclose,18.197780255764435,0.012034837684033186,13.0
1687543740000.0,250207,1687543740000.0,0.17487135960714073,-0.0009415140000000002,1512.265802917375,1512.8113613020034,-20.3,0.2319,61.2,0.22328564730999306,long_nclose,13.665081615371577,0.00903616387344718,27.0
1687543920000.0,250210,1687543920000.0,0.13179959615710607,-0.000709614,1512.396892899532,1512.8060616880034,-15.3,0.2319,45.9,0.22328564730999306,long_nclose,10.24881121152868,0.006776535484597498,3.0
1687544400000.0,250218,1687544400000.0,0.09820362066607903,-0.0005287320000000001,1512.494567788198,1512.8055629560033,-11.4,0.2319,34.5,0.22328564730999306,long_nclose,7.70335483219476,0.0050931454540427135,8.0
1687545420000.0,250235,1687545420000.0,0.04425903356104778,-0.000316986,1512.5385098357592,1512.7183059700035,-6.9,0.2297,27.6,0.22328564730999306,long_nclose,6.162683865755809,0.004074397990980733,17.0
1687547760000.0,250274,1687547760000.0,0.059439033561047835,-0.00032002200000000005,1512.5976288473203,1512.7780159480035,-6.9,0.2319,20.7,0.22328564730999306,long_nclose,4.622012899316856,0.003055679059102503,39.0
1687548600000.0,250288,1687548600000.0,0.04393319871903535,-0.00023653799999999998,1512.6413255080392,1512.7772694100033,-5.1,0.2319,15.6,0.22328564730999306,long_nclose,3.4832560980358918,0.002302764071889942,14.0
1687549080000.0,250296,1687549080000.0,0.019884493339021467,-0.000142414,1512.6610675873783,1512.7424969960034,-3.1,0.2297,12.5,0.22328564730999306,long_nclose,2.7910705913749134,0.0018451394374990671,8.0
1687550640000.0,250322,1687550640000.0,0.02670449333902149,-0.000143778,1512.6876283027173,1512.7723632180034,-3.1,0.2319,9.4,0.22328564730999306,long_nclose,2.098885084713935,0.0013875204936189963,26.0
1687555560000.0,250404,1687555560000.0,0.019813011187015943,-0.00010667399999999999,1512.7073346399043,1512.7692065440033,-2.3,0.2319,7.1,0.22328564730999306,long_nclose,1.5853280959009506,0.001048007145597885,82.0
1687557900000.0,250443,1687557900000.0,0.0,-0.014804384,1512.6925302559043,1512.6921021600033,324.8,0.2279,331.9,0.22780128983398903,long_ientry_partial,75.60724809590096,0.049981900871230174,39.0
1687561740000.0,250507,1687561740000.0,0.10421886186892022,-0.0021804000000000003,1512.7945687177732,1513.4770017600033,-47.4,0.23,284.5,0.22780128983398903,long_nclose,64.80946695776989,0.04284089082412665,64.0
1687563300000.0,250533,1687563300000.0,0.08926763274004561,-0.0018676000000000003,1512.8819687505134,1513.4182341600035,-40.6,0.23,243.9,0.22780128983398903,long_nclose,55.560734590509924,0.036725095373036566,26.0
1687565100000.0,250563,1687565100000.0,0.0,-0.004008240000000001,1512.8779605105133,1512.8268859200034,87.9,0.228,331.8,0.22785393185807695,long_ientry_partial,75.60193459050994,0.04997226251151047,30.0
1687573380000.0,250701,1687573380000.0,0.1064636299271524,-0.002181348,1512.9822427924405,1513.6494645720034,-47.4,0.2301,284.4,0.22785393185807695,long_nclose,64.80165822043708,0.04283041557767108,138.0
1687578300000.0,250783,1687578300000.0,0.21074362992715276,-0.002202204,1513.1907842183678,1514.2919023680035,-47.4,0.2323,237.0,0.22785393185807695,long_nclose,54.00138185036424,0.03568709406213997,82.0
1687578600000.0,250788,1687578600000.0,0.3102836299271523,-0.002222112,1513.498845736295,1514.8347802560036,-47.4,0.2344,189.6,0.22785393185807695,long_nclose,43.20110548029139,0.028543864174058676,5.0
1687578780000.0,250791,1687578780000.0,0.4145636299271527,-0.002242968,1513.9111663982221,1515.1121972880035,-47.4,0.2366,142.2,0.22785393185807695,long_nclose,32.40082911021854,0.021402067591128237,3.0
1687578840000.0,250792,1687578840000.0,0.3104854190382684,-0.00167986,1514.2199719572604,1515.2278674280037,-35.5,0.2366,106.7,0.22785393185807695,long_nclose,24.31201452925681,0.01605580099292405,1.0
1687579080000.0,250796,1687579080000.0,0.13943125142296087,-0.000998544,1514.3584046646836,1514.9259788840038,-21.3,0.2344,85.4,0.22785393185807695,long_nclose,19.458725780679774,0.012849485115769815,4.0
1687580040000.0,250812,1687580040000.0,0.18629125142296102,-0.001007916,1514.5436880001066,1515.110720968004,-21.3,0.2366,64.1,0.22785393185807695,long_nclose,14.605437032102731,0.009643457067513593,16.0
1687580280000.0,250816,1687580280000.0,0.13993709027076884,-0.00075712,1514.6828679703774,1515.103553848004,-16.0,0.2366,48.1,0.22785393185807695,long_nclose,10.959774122373501,0.007235688971024818,4.0
1687580340000.0,250817,1687580340000.0,0.10495281770307663,-0.00056784,1514.7872529480805,1515.095766008004,-12.0,0.2366,36.1,0.22785393185807695,long_nclose,8.225526940076579,0.005430153260180959,1.0
1687584240000.0,250882,1687584240000.0,0.07871461327730747,-0.00042588,1514.8655416813579,1515.110690128004,-9.0,0.2366,27.1,0.22785393185807695,long_nclose,6.174841553353886,0.004076164770703276,65.0
1687584420000.0,250885,1687584420000.0,0.058598656550884455,-0.00031704400000000005,1514.9238232939088,1515.106323084004,-6.7,0.2366,20.4,0.22785393185807695,long_nclose,4.648220209904769,0.003068286430269552,3.0
1687584840000.0,250892,1687584840000.0,0.044604947523807566,-0.00024133199999999997,1514.9681869094325,1515.1050617520038,-5.1,0.2366,15.3,0.22785393185807695,long_nclose,3.4861651574285775,0.0023011474350101233,7.0
1687585200000.0,250898,1687585200000.0,0.033235058939307595,-0.00017981600000000001,1515.0012421523718,1515.102971936004,-3.8,0.2366,11.5,0.22785393185807695,long_nclose,2.620320216367885,0.0017295828831435012,6.0
1687587480000.0,250936,1687587480000.0,0.015055956726423002,-0.00010782399999999999,1515.0161902850982,1515.0736541120039,-2.3,0.2344,9.2,0.22785393185807695,long_nclose,2.0962561730943077,0.0013836526543652518,38.0
1687588560000.0,250954,1687588560000.0,0.011782922655461481,-8.438400000000001e-05,1515.0278888237535,1515.0770697280038,-1.8,0.2344,7.4,0.22785393185807695,long_nclose,1.6861190957497696,0.0011129294108630891,18.0
1687591140000.0,250997,1687591140000.0,0.009164495398692261,-6.5632e-05,1515.036987687152,1515.0768640960036,-1.4,0.2344,6.0,0.22785393185807695,long_nclose,1.3671235911484616,0.0009023697785989408,43.0
1687593000000.0,251028,1687593000000.0,0.013119102212884579,-7.098e-05,1515.050035809365,1515.0898431160037,-1.5,0.2366,4.5,0.22785393185807695,long_nclose,1.0253426933613463,0.0006767715053144044,31.0
1687594020000.0,251045,1687594020000.0,0.009620674956115358,-5.205200000000001e-05,1515.059604432321,1515.0903610640037,-1.1,0.2366,3.4,0.22785393185807695,long_nclose,0.7747033683174617,0.0005113352412347737,17.0
1687594620000.0,251055,1687594620000.0,0.006996854513538442,-3.7856000000000005e-05,1515.0665634308345,1515.0911232080036,-0.8,0.2366,2.6,0.22785393185807695,long_nclose,0.592420222831,0.00039101927078997615,10.0
1687600440000.0,251152,1687600440000.0,0.005247640885153831,-2.8392000000000002e-05,1515.0717826797195,1515.0894748160033,-0.6,0.2366,2.0,0.22785393185807695,long_nclose,0.4557078637161539,0.0003007830182871862,97.0
1687600560000.0,251154,1687600560000.0,0.004373034070961526,-2.366e-05,1515.0761320537906,1515.0895511560036,-0.5,0.2366,1.5,0.22785393185807695,long_nclose,0.3417808977871154,0.00022558661611532863,2.0
1687601940000.0,251177,1687601940000.0,0.00547303407096153,-2.3880000000000002e-05,1515.0815812078615,1515.0926272760034,-0.5,0.2388,1.0,0.22785393185807695,long_nclose,0.22785393185807695,0.00015039053651251307,23.0
1687602060000.0,251179,1687602060000.0,0.003283820442576918,-1.4327999999999999e-05,1515.0848507003043,1515.0932129480036,-0.3,0.2388,0.7,0.22785393185807695,long_nclose,0.15949775230065386,0.00010527314838302991,2.0
1687602540000.0,251187,1687602540000.0,0.002189213628384612,-9.552000000000001e-06,1515.0870303619326,1515.0927533960037,-0.2,0.2388,0.5,0.22785393185807695,long_nclose,0.11392696592903848,7.519499780934891e-05,8.0
1687603800000.0,251208,1687603800000.0,0.001094606814192306,-4.7760000000000005e-06,1515.0881201927468,1515.0926186200036,-0.1,0.2388,0.4,0.22785393185807695,long_nclose,0.09114157274323079,6.015595497616067e-05,21.0
1687606560000.0,251254,1687606560000.0,0.001094606814192306,-4.7760000000000005e-06,1515.089210023561,1515.0924638440035,-0.1,0.2388,0.3,0.22785393185807695,long_nclose,0.06835617955742308,4.511693377867834e-05,46.0
1687607040000.0,251262,1687607040000.0,0.001094606814192306,-4.7760000000000005e-06,1515.0902998543752,1515.0925290680036,-0.1,0.2388,0.2,0.22785393185807695,long_nclose,0.04557078637161539,3.007793421685525e-05,8.0
1687607700000.0,251273,1687607700000.0,0.0013146068141923041,-4.8200000000000004e-06,1515.0916096411895,1515.0929442480037,-0.1,0.241,0.1,0.22785393185807695,long_nclose,0.022785393185807697,1.5038954107338651e-05,11.0
1687607820000.0,251275,1687607820000.0,0.0015346068141923047,-4.864e-06,1515.0931393840037,1515.0931393840037,-0.1,0.2432,0.0,0.22785393185807695,long_nclose,0.0,0.0,2.0
1687613040000.0,251362,1687613040000.0,0.0,-0.015152069999999998,1515.0779873140036,1515.2066673140037,321.7,0.2355,321.7,0.2355,long_ientry_normal,75.76034999999999,0.0500042576252535,87.0
1687616520000.0,251420,1687616520000.0,0.10557000000000111,-0.002183004,1515.1813743100035,1515.8984543100034,-45.9,0.2378,275.8,0.2355,long_nclose,64.9509,0.04286674922306111,58.0
1687616640000.0,251422,1687616640000.0,0.09062000000000095,-0.001873864,1515.2701204460036,1515.9320404460036,-39.4,0.2378,236.4,0.2355,long_nclose,55.6722,0.0367407759506361,2.0
1687616940000.0,251427,1687616940000.0,0.17730000000000015,-0.0018912,1515.4455292460036,1516.5487292460036,-39.4,0.24,197.0,0.2355,long_nclose,46.393499999999996,0.030613769419401478,5.0
1687617120000.0,251430,1687617120000.0,0.26792,-0.0019093239999999998,1515.7115399220036,1517.0511399220036,-39.4,0.2423,157.6,0.2355,long_nclose,37.114799999999995,0.02448671730896096,3.0
1687617180000.0,251431,1687617180000.0,0.35854000000000097,-0.0019274480000000002,1516.0681524740035,1517.0846724740034,-39.4,0.2446,118.2,0.2355,long_nclose,27.8361,0.018360718121131638,1.0
1687617240000.0,251432,1687617240000.0,0.26845000000000074,-0.00144314,1516.3351593340035,1517.1778093340035,-29.5,0.2446,88.7,0.2355,long_nclose,20.888849999999998,0.0137758792120699,1.0
1687617780000.0,251441,1687617780000.0,0.12036000000000001,-0.0008577420000000001,1516.4546615920033,1516.9516615920033,-17.7,0.2423,71.0,0.2355,long_nclose,16.720499999999998,0.011026046754636564,9.0
1687618080000.0,251446,1687618080000.0,0.09656,-0.000688132,1516.5505334600032,1516.8742934600032,-14.2,0.2423,56.8,0.2355,long_nclose,13.376399999999999,0.008820279776290608,5.0
1687618500000.0,251453,1687618500000.0,0.07684,-0.000547598,1516.6268258620032,1516.9453258620033,-11.3,0.2423,45.5,0.2355,long_nclose,10.71525,0.007065185592975244,7.0
1687618620000.0,251455,1687618620000.0,0.10283000000000028,-0.000552796,1516.7291030660033,1517.0813630660032,-11.3,0.2446,34.2,0.2355,long_nclose,8.0541,0.00531017700109992,2.0
1687618680000.0,251456,1687618680000.0,0.12882000000000005,-0.000562704,1516.8573603620032,1517.176560362003,-11.4,0.2468,22.8,0.2355,long_nclose,5.3694,0.003539818667404939,1.0
1687618680000.0,251456,1687618680000.0,0.15504,-0.000567948,1517.0118324140033,1517.1714324140032,-11.4,0.2491,11.4,0.2355,long_nclose,2.6847,0.0017697291099752783,0.0
1687618740000.0,251457,1687618740000.0,0.18126000000000028,-0.000573192,1517.1925192220033,1517.1925192220033,-11.4,0.2514,0.0,0.2355,long_nclose,0.0,0.0,1.0
1687636800000.0,251758,1687636800000.0,0.0,-0.015171030000000002,1517.1773481920034,1517.0831181920034,314.1,0.2415,314.1,0.2415,long_ientry_normal,75.85515000000001,0.04999754978572242,301.0
1687652880000.0,252026,1687652880000.0,0.10303999999999984,-0.002184448,1517.2782037440033,1517.9783837440034,-44.8,0.2438,269.3,0.2415,long_nclose,65.03595,0.04286356308257686,268.0
1687653360000.0,252034,1687653360000.0,0.2105600000000004,-0.002205952,1517.4865577920034,1518.4968077920034,-44.8,0.2462,224.5,0.2415,long_nclose,54.21675,0.0357279935836053,8.0
1687653480000.0,252036,1687653480000.0,0.17578000000000035,-0.001841576,1517.6604962160034,1518.6147062160035,-37.4,0.2462,187.1,0.2415,long_nclose,45.18465,0.029772567786180964,2.0
1687654440000.0,252052,1687654440000.0,0.1461700000000003,-0.0015313640000000001,1517.8051348520034,1518.5851348520034,-31.1,0.2462,156.0,0.2415,long_nclose,37.674,0.024821368128836563,16.0
1687655460000.0,252069,1687655460000.0,0.05105999999999992,-0.001082472,1517.8551123800034,1518.2029923800035,-22.2,0.2438,133.8,0.2415,long_nclose,32.3127,0.021288395536866192,17.0
1687657080000.0,252096,1687657080000.0,0.043929999999999934,-0.0009313160000000001,1517.8981110640034,1518.2078010640034,-19.1,0.2438,114.7,0.2415,long_nclose,27.70005,0.0182489521517245,27.0
1687657800000.0,252108,1687657800000.0,0.03748999999999995,-0.000794788,1517.9348062760034,1518.1808062760035,-16.3,0.2438,98.4,0.2415,long_nclose,23.7636,0.015655217801020044,12.0
1687658040000.0,252112,1687658040000.0,0.03219999999999995,-0.00068264,1517.9663236360036,1518.1688836360036,-14.0,0.2438,84.4,0.2415,long_nclose,20.3826,0.013427570613804729,4.0
1687660020000.0,252145,1687660020000.0,0.027599999999999958,-0.00058512,1517.9933385160034,1518.1670985160033,-12.0,0.2438,72.4,0.2415,long_nclose,17.4846,0.01151823236397929,33.0
1687660140000.0,252147,1687660140000.0,0.023689999999999965,-0.0005022280000000001,1518.0165262880034,1518.1655662880034,-10.3,0.2438,62.1,0.2415,long_nclose,14.99715,0.009879437898263493,2.0
1687660260000.0,252149,1687660260000.0,0.02023999999999997,-0.00042908800000000005,1518.0363372000036,1518.1855772000035,-8.8,0.2438,53.3,0.2415,long_nclose,12.871949999999998,0.008479342479865882,2.0
1687662120000.0,252180,1687662120000.0,0.04136000000000009,-0.00043331200000000004,1518.0772638880035,1518.2908638880035,-8.8,0.2462,44.5,0.2415,long_nclose,10.74675,0.007079185134804077,31.0
1687662420000.0,252185,1687662420000.0,0.034780000000000075,-0.0003643760000000001,1518.1116795120033,1518.2971795120034,-7.4,0.2462,37.1,0.2415,long_nclose,8.95965,0.005901838528032455,5.0
1687662720000.0,252190,1687662720000.0,0.05180000000000005,-0.00036778,1518.1631117320032,1518.3650717320033,-7.4,0.2485,29.7,0.2415,long_nclose,7.172549999999999,0.004724492345105898,5.0
1687662840000.0,252192,1687662840000.0,0.04130000000000004,-0.00029323,1518.2041185020034,1518.3730985020034,-5.9,0.2485,23.8,0.2415,long_nclose,5.7477,0.0037858545698527,2.0
1687663260000.0,252199,1687663260000.0,0.03290000000000003,-0.00023359000000000002,1518.2367849120033,1518.3723949120033,-4.7,0.2485,19.1,0.2415,long_nclose,4.61265,0.003038162456502033,7.0
1687663980000.0,252211,1687663980000.0,0.01457000000000003,-0.000152644,1518.2512022680032,1518.3344022680033,-3.1,0.2462,16.0,0.2415,long_nclose,3.864,0.002545033387247022,12.0
1687665600000.0,252238,1687665600000.0,0.02240000000000002,-0.00015904000000000002,1518.2734432280033,1518.3643232280033,-3.2,0.2485,12.8,0.2415,long_nclose,3.0912,0.0020359968843476546,27.0
1687668360000.0,252284,1687668360000.0,0.017500000000000016,-0.00012425,1518.2908189780032,1518.3618889780032,-2.5,0.2485,10.3,0.2415,long_nclose,2.48745,0.0016383224932324627,46.0
1687668660000.0,252289,1687668660000.0,0.014000000000000012,-9.94e-05,1518.3047195780032,1518.3619895780032,-2.0,0.2485,8.3,0.2415,long_nclose,2.0044500000000003,0.0013201895338618957,5.0
1687670520000.0,252320,1687670520000.0,0.006110000000000013,-6.401200000000001e-05,1518.3107655660033,1518.3450655660033,-1.3,0.2462,7.0,0.2415,long_nclose,1.6905,0.0011134084262188625,31.0
1687670640000.0,252322,1687670640000.0,0.005170000000000011,-5.4164000000000005e-05,1518.3158814020032,1518.3406614020032,-1.1,0.2462,5.9,0.2415,long_nclose,1.42485,0.0009384410829479717,2.0
1687671360000.0,252334,1687671360000.0,0.004230000000000009,-4.4316e-05,1518.3200670860033,1518.3445670860033,-0.9,0.2462,5.0,0.2415,long_nclose,1.2075,0.0007952868609037509,12.0
1687671480000.0,252336,1687671480000.0,0.003760000000000008,-3.9392000000000005e-05,1518.3237876940034,1518.3439476940034,-0.8,0.2462,4.2,0.2415,long_nclose,1.0143,0.0006680393261443242,2.0
1687673760000.0,252374,1687673760000.0,0.005600000000000005,-3.9760000000000006e-05,1518.3293479340034,1518.3541679340035,-0.8,0.2485,3.4,0.2415,long_nclose,0.8210999999999999,0.0005407917597833921,38.0
1687674840000.0,252392,1687674840000.0,0.007440000000000025,-4.012800000000001e-05,1518.3367478060036,1518.3611878060035,-0.8,0.2508,2.6,0.2415,long_nclose,0.6279,0.0004135446243445767,18.0
1687675860000.0,252409,1687675860000.0,0.003500000000000003,-2.485e-05,1518.3402229560036,1518.3551329560037,-0.5,0.2485,2.1,0.2415,long_nclose,0.50715,0.00033401604747890256,17.0
1687676280000.0,252416,1687676280000.0,0.0028000000000000026,-1.9880000000000003e-05,1518.3430030760035,1518.3549030760034,-0.4,0.2485,1.7,0.2415,long_nclose,0.41054999999999997,0.00027039344809984885,7.0
1687676400000.0,252418,1687676400000.0,0.0021000000000000016,-1.491e-05,1518.3450881660035,1518.3546081660036,-0.3,0.2485,1.4,0.2415,long_nclose,0.33809999999999996,0.00022267665146425187,2.0
1687677900000.0,252443,1687677900000.0,0.000940000000000002,-9.848000000000001e-06,1518.3460183180034,1518.3517783180034,-0.2,0.2462,1.2,0.2415,long_nclose,0.2898,0.0001908655843290815,25.0
1687678020000.0,252445,1687678020000.0,0.000940000000000002,-9.848000000000001e-06,1518.3469484700033,1518.3519484700034,-0.2,0.2462,1.0,0.2415,long_nclose,0.2415,0.00015905455616936097,2.0
1687678260000.0,252449,1687678260000.0,0.000470000000000001,-4.924000000000001e-06,1518.3474135460033,1518.3511035460033,-0.1,0.2462,0.9,0.2415,long_nclose,0.21735,0.00014314905670527206,4.0
1687678380000.0,252451,1687678380000.0,0.000470000000000001,-4.924000000000001e-06,1518.3478786220032,1518.3517186220033,-0.1,0.2462,0.8,0.2415,long_nclose,0.1932,0.00012724356698501878,2.0
1687681320000.0,252500,1687681320000.0,0.0007000000000000006,-4.970000000000001e-06,1518.3485736520033,1518.3535436520033,-0.1,0.2485,0.7,0.2415,long_nclose,0.16904999999999998,0.00011133807014643086,49.0
1687681920000.0,252510,1687681920000.0,0.0007000000000000006,-4.970000000000001e-06,1518.3492686820034,1518.3535886820034,-0.1,0.2485,0.6,0.2415,long_nclose,0.1449,9.543258786944312e-05,10.0
1687682040000.0,252512,1687682040000.0,0.0007000000000000006,-4.970000000000001e-06,1518.3499637120035,1518.3536137120036,-0.1,0.2485,0.5,0.2415,long_nclose,0.12075,7.952712015403554e-05,2.0
1687682700000.0,252523,1687682700000.0,0.0007000000000000006,-4.970000000000001e-06,1518.3506587420036,1518.3536187420036,-0.1,0.2485,0.4,0.2415,long_nclose,0.0966,6.36216670001881e-05,11.0
1687684200000.0,252548,1687684200000.0,0.0007000000000000006,-4.970000000000001e-06,1518.3513537720037,1518.3534537720036,-0.1,0.2485,0.3,0.2415,long_nclose,0.07245,4.7716228407880834e-05,25.0
1687684980000.0,252561,1687684980000.0,0.0,-0.01516699,1518.3361867820038,1518.4301467820037,308.9,0.2455,309.2,0.2454961190168176,long_ientry_partial,75.9074,0.0499938028618549,13.0
1687686540000.0,252587,1687686540000.0,0.1060111513583448,-0.0021864780000000004,1518.440011455362,1519.1568103040038,-44.1,0.2479,265.1,0.2454961190168176,long_nclose,65.08102115135834,0.04286044931665155,26.0
1687702380000.0,252851,1687702380000.0,0.09086670116429553,-0.0018741239999999998,1518.5290040325262,1519.3254361800036,-37.8,0.2479,227.3,0.2454961190168176,long_nclose,55.80126785252264,0.03674692264970884,264.0
1687702740000.0,252857,1687702740000.0,0.07788574385511045,-0.001606392,1518.6052833843814,1519.1322697880037,-32.4,0.2479,194.9,0.2454961190168176,long_nclose,47.84719359637775,0.03150732722972288,6.0
1687702980000.0,252861,1687702980000.0,0.06682789133247131,-0.0013783240000000002,1518.670732951714,1519.0724214640038,-27.8,0.2479,167.1,0.2454961190168176,long_nclose,41.02240148771022,0.02701204454502023,4.0
1687705080000.0,252896,1687705080000.0,0.0,-0.007008207999999999,1518.663724743714,1518.499663256004,143.2,0.2447,310.3,0.2451287189420245,long_ientry_partial,76.06344148771021,0.05008576964630303,35.0
1687706940000.0,252927,1687706940000.0,0.10504775086831412,-0.00219285,1518.7665796445824,1519.4771404060039,-44.3,0.2475,266.0,0.2451287189420245,long_nclose,65.20423923857852,0.04293236374337223,31.0
1687707060000.0,252929,1687707060000.0,0.09010868020306856,-0.0018809999999999999,1518.8548073247855,1519.4638594060038,-38.0,0.2475,228.0,0.2451287189420245,long_nclose,55.88934791878159,0.03679703132205345,2.0
1687713780000.0,253041,1687713780000.0,0.0,-0.004021258,1518.8507860667855,1518.674598148004,82.1,0.2449,310.1,0.24506816484611926,long_ientry_partial,75.99563791878158,0.05003495973135044,112.0
1687738680000.0,253456,1687738680000.0,0.0,-0.015187632,1518.8355984347854,1516.6428905160037,318.8,0.2382,628.9,0.241586576433108,long_rentry,151.9337979187816,0.10003307670386107,415.0
1687741980000.0,253511,1687741980000.0,0.0,-0.015187326000000003,1518.8204111087855,1514.619083190004,324.1,0.2343,953.0,0.23910852877101957,long_rentry,227.87042791878164,0.15003118621011238,55.0
1687797960000.0,254444,1687797960000.0,0.0,-0.0218536,1518.7985575087855,1513.4001295900039,472.0,0.2315,1425.0,0.23658837046932044,long_rentry,337.13842791878164,0.2219770530147027,933.0
1687813740000.0,254707,1687813740000.0,0.0,-0.032236376000000004,1518.7663211327856,1507.097893214004,705.7,0.2284,2130.7,0.2338763354384858,long_rentry,498.3203079187816,0.328108610906716,263.0
1687834320000.0,255050,1687834320000.0,0.6766611260687743,-0.014369046000000002,1519.4286132128543,1523.672554168004,-304.3,0.2361,1826.4,0.2338763354384858,long_nclose,427.1517390448505,0.28112655989913987,343.0
1687834500000.0,255053,1687834500000.0,0.5801540840990574,-0.012319698,1519.9964475989534,1523.790694470004,-260.9,0.2361,1565.5,0.2338763354384858,long_nclose,366.1334031289495,0.24087780185756905,3.0
1687836000000.0,255078,1687836000000.0,0.4972113959545774,-0.010558392000000002,1520.483100602908,1523.735416078004,-223.6,0.2361,1341.9,0.2338763354384858,long_nclose,313.8386545249041,0.20640719676559346,25.0
1687850400000.0,255318,1687850400000.0,0.4262764964422741,-0.009052074,1520.9003250253504,1523.5730040040041,-191.7,0.2361,1150.2,0.2338763354384858,long_nclose,269.0045610213464,0.1768719202666109,240.0
1687850820000.0,255325,1687850820000.0,0.36534808745678476,-0.007758246000000002,1521.2579148668071,1523.548815758004,-164.3,0.2361,985.9,0.2338763354384858,long_nclose,230.57867910880313,0.15157106290486666,7.0
1687874880000.0,255726,1687874880000.0,0.31309197026120084,-0.0066485760000000015,1521.5643582610683,1523.612597182004,-140.8,0.2361,845.1,0.2338763354384858,long_nclose,197.64889107906436,0.12989847587186448,401.0
1687921200000.0,256498,1687921200000.0,0.0,-0.01896642,1521.5453918410683,1515.269800762004,418.5,0.2266,1263.6,0.2314664380176198,long_rentry,292.4809910790643,0.19222626721977887,772.0
1687937640000.0,256772,1687937640000.0,0.0,-0.027998291999999998,1521.5173935490684,1510.947962470004,625.8,0.2237,1889.4,0.2288940674706596,long_rentry,432.4724510790643,0.2842375991971315,274.0
1687973820000.0,257375,1687973820000.0,0.0,-0.041245656000000006,1521.4761478930684,1508.2525568140043,935.7,0.2204,2825.1,0.22608075150581014,long_rentry,638.7007310790642,0.4197901701998637,603.0
1687980600000.0,257488,1687980600000.0,0.0,-0.060585360000000005,1521.4155625330684,1473.2274814540042,1399.2,0.2165,4224.3,0.2229073529529305,long_rentry,941.6275310790643,0.6189154063281102,113.0
1687980600000.0,257488,1687980600000.0,0.0,-0.11595626399999999,1521.2996062690684,1472.290305190004,2737.4,0.2118,6961.7,0.2185398467441953,long_rentry,1521.4088510790643,1.0000718101875172,0.0
1688001540000.0,257837,1688001540000.0,0.025030651278427532,-0.0030427100000000006,1521.3215942103468,1523.803842480004,-69.5,0.2189,6892.2,0.2185398467441953,unstuck_close_long,1506.2203317303429,0.990073589609538,349.0
1688022840000.0,258192,1688022840000.0,2.1268868956653164,-0.043460244,1523.4050208620122,1537.3478622360042,-984.6,0.2207,5907.6,0.2185398467441953,long_nclose,1291.0459986260082,0.8474739028334536,355.0
1688023680000.0,258206,1688023680000.0,1.8229533325735936,-0.037249746,1525.1907244485858,1537.648202490004,-843.9,0.2207,5063.7,0.2185398467441953,long_nclose,1106.6202219585816,0.7255618620147763,14.0
1688024040000.0,258212,1688024040000.0,1.5624388499235458,-0.031926462,1526.7212368365094,1537.399286028004,-723.3,0.2207,4340.4,0.2185398467441953,long_nclose,948.5503508085052,0.6212989823695507,6.0
1688025960000.0,258244,1688025960000.0,1.3392950185989194,-0.027366800000000004,1528.0331650551084,1536.4418392280043,-620.0,0.2207,3720.4,0.2185398467441953,long_nclose,813.0556458271042,0.5320929312406524,32.0
1688028000000.0,258278,1688028000000.0,1.1479054401346223,-0.023455996,1529.157614499243,1536.0463432320041,-531.4,0.2207,3189.0,0.2185398467441953,long_nclose,696.9235712672388,0.4557565320010927,34.0
1688028660000.0,258289,1688028660000.0,0.9839498080190449,-0.020105770000000002,1530.121458537262,1536.0262374620042,-455.5,0.2207,2733.5,0.2185398467441953,long_nclose,597.3786710752579,0.39041258309410887,11.0
1688029680000.0,258306,1688029680000.0,0.8435398463917387,-0.017236670000000003,1530.9477617136536,1536.009000792004,-390.5,0.2207,2343.0,0.2185398467441953,long_nclose,512.0388609216495,0.3344587410013932,17.0
1688029860000.0,258309,1688029860000.0,0.723003294717836,-0.014773658,1531.6559913503713,1536.797547134004,-334.7,0.2207,2008.3,0.2185398467441953,long_nclose,438.8935742163674,0.28654840035550067,3.0
1688030280000.0,258316,1688030280000.0,0.6197479690903709,-0.012663766,1532.2630755534617,1536.153703368004,-286.9,0.2207,1721.4,0.2185398467441953,long_nclose,376.1944921854578,0.24551560250159676,7.0
1688033220000.0,258365,1688033220000.0,0.5311816856023779,-0.010854026000000001,1532.783403213064,1536.118259342004,-245.9,0.2207,1475.5,0.2185398467441953,long_nclose,322.4555438710602,0.21037254395834384,49.0
1688034600000.0,258388,1688034600000.0,1.0475716856023756,-0.010957304000000001,1533.8200175946665,1539.181262038004,-245.9,0.2228,1229.6,0.2185398467441953,long_nclose,268.7165955566625,0.17519434645145873,23.0
1688034780000.0,258391,1688034780000.0,0.872905402114383,-0.009130344,1534.683792652781,1539.151641694004,-204.9,0.2228,1024.7,0.2185398467441953,long_nclose,223.93778095877693,0.1459178640126829,3.0
1688035860000.0,258409,1688035860000.0,0.7272081607658621,-0.007606392,1535.4033944215469,1539.2123653020042,-170.7,0.2228,854.0,0.2185398467441953,long_nclose,186.63302911954278,0.12155309138798377,18.0
1688036520000.0,258420,1688036520000.0,0.6062198083010087,-0.006340888,1536.0032733418477,1539.035224414004,-142.3,0.2228,711.7,0.2185398467441953,long_nclose,155.5348089278438,0.10125942543693298,11.0
1688036700000.0,258423,1688036700000.0,0.5052541761384374,-0.005284816,1536.503242701986,1539.0892495980038,-118.6,0.2228,593.1,0.2185398467441953,long_nclose,129.61598310398224,0.08435776736536445,3.0
1688037180000.0,258431,1688037180000.0,0.4209031416735043,-0.004402527999999999,1536.9197433156596,1539.0749670700038,-98.8,0.2228,494.3,0.2185398467441953,long_nclose,108.02424624565573,0.0702861985575191,8.0
1688042400000.0,258518,1688042400000.0,0.3506106129527268,-0.003667288,1537.2666866406123,1539.0630697820038,-82.3,0.2228,412.0,0.2185398467441953,long_nclose,90.03841685860846,0.058570459921543826,87.0
1688042820000.0,258525,1688042820000.0,0.29224651334820234,-0.003056816,1537.5558763379604,1539.0531529660038,-68.6,0.2228,343.4,0.2185398467441953,long_nclose,75.04658337195666,0.04880901209957793,7.0
1688044020000.0,258545,1688044020000.0,0.24368076623202883,-0.0025488320000000004,1537.7970082721924,1539.0448841340037,-57.2,0.2228,286.2,0.2185398467441953,long_nclose,62.54610413818869,0.040672535973043024,20.0
1688046300000.0,258583,1688046300000.0,0.2032093103018842,-0.0021255120000000004,1537.9980920704943,1539.0856886220038,-47.7,0.2228,238.5,0.2185398467441953,long_nclose,52.12175344849058,0.03388934857410836,38.0
1688050200000.0,258648,1688050200000.0,0.0,-0.004842128,1537.9932499424942,1538.5561464940038,109.6,0.2209,348.1,0.21928294584455782,long_ientry_partial,76.33239344849058,0.04963116284895571,65.0
1688053380000.0,258701,1688053380000.0,0.10521759152547705,-0.0022007160000000006,1538.0962668180196,1538.7279957780036,-49.7,0.2214,298.4,0.21928294584455782,long_nclose,65.43403104001605,0.04254222082950931,53.0
1688053500000.0,258703,1688053500000.0,0.09018650702183746,-0.0018863280000000005,1538.1845669970414,1538.7261094500036,-42.6,0.2214,255.8,0.21928294584455782,long_nclose,56.09257754703789,0.0364667405658256,2.0
1688053740000.0,258707,1688053740000.0,0.0,-0.0040848,1538.1804821970413,1538.5685446500033,92.5,0.2208,348.3,0.2196858384927875,long_ientry_partial,76.51657754703788,0.04974486312408955,4.0
1688054880000.0,258726,1688054880000.0,0.10507382690846113,-0.0022046920000000003,1538.2833513319497,1539.0042199580034,-49.7,0.2218,298.6,0.2196858384927875,long_nclose,65.59819137394635,0.042643763463439295,19.0
1688065920000.0,258910,1688065920000.0,0.09006328020725239,-0.001889736,1538.3715248761569,1538.9127502220033,-42.6,0.2218,256.0,0.2196858384927875,long_nclose,56.2395746541536,0.03655786248297923,184.0
1688068080000.0,258946,1688068080000.0,0.07716689501325616,-0.0016191400000000002,1538.4470726311702,1538.9550310820034,-36.5,0.2218,219.5,0.2196858384927875,long_nclose,48.221041549166856,0.03134397172773421,36.0
1688069400000.0,258968,1688069400000.0,0.06617325517575118,-0.001388468,1538.511857418346,1538.9285626140033,-31.3,0.2218,188.2,0.2196858384927875,long_nclose,41.3448748043426,0.02687328966948629,22.0
1688070120000.0,258980,1688070120000.0,0.0,-0.0070880640000000016,1538.5047693543459,1538.6740745500033,160.8,0.2204,349.0,0.22001488482619658,long_ientry_partial,76.78519480434261,0.049908974176639406,12.0
1688090940000.0,259327,1688090940000.0,0.10881873565541088,-0.002213112,1538.6113749780013,1539.2651614380034,-49.8,0.2222,299.2,0.22001488482619658,long_nclose,65.82845353999801,0.042784327875477465,347.0
1688091000000.0,259328,1688091000000.0,0.09330441792140652,-0.0018975880000000004,1538.7027818079227,1539.2889138500034,-42.7,0.2222,256.5,0.22001488482619658,long_nclose,56.43381795791942,0.036676230539865295,1.0
1688092680000.0,259356,1688092680000.0,0.18297441792140615,-0.001915522,1538.8838407038443,1539.9496583280034,-42.7,0.2243,213.8,0.22001488482619658,long_nclose,47.03918237584083,0.030567077989672287,28.0
1688093520000.0,259370,1688093520000.0,0.15255010018740184,-0.0015970160000000001,1539.0347937880317,1539.8340413120036,-35.6,0.2243,178.2,0.22001488482619658,long_nclose,39.206652476028225,0.02547483178046206,14.0
1688094780000.0,259391,1688094780000.0,0.2273101001874015,-0.0016119679999999999,1539.2604919202192,1540.1710093440036,-35.6,0.2264,142.6,0.22001488482619658,long_nclose,31.37412257621563,0.02038259459065085,21.0
1688094840000.0,259392,1688094840000.0,0.18197578245339727,-0.00129048,1539.4411772226726,1540.1925388640036,-28.5,0.2264,114.1,0.22001488482619658,long_nclose,25.10369835866903,0.01630702019024784,1.0
1688095620000.0,259405,1688095620000.0,0.1455806259627178,-0.0010323840000000001,1539.5857254646355,1540.1778164800037,-22.8,0.2264,91.3,0.22001488482619658,long_nclose,20.08735898463175,0.013047249433654975,13.0
1688097660000.0,259439,1688097660000.0,0.19346062596271824,-0.0010419600000000002,1539.778144130598,1540.3799245200037,-22.8,0.2285,68.5,0.22001488482619658,long_nclose,15.071019610594465,0.009787786421078203,34.0
1688098200000.0,259448,1688098200000.0,0.1450954694720387,-0.0007814700000000001,1539.92245813007,1540.3637330500035,-17.1,0.2285,51.4,0.22001488482619658,long_nclose,11.308765080066504,0.007343723718270044,9.0
1688099520000.0,259470,1688099520000.0,0.10860947422468392,-0.00058496,1540.0304826442948,1540.3580080900035,-12.8,0.2285,38.6,0.22001488482619658,long_nclose,8.492574554291188,0.0055145496469064,22.0
1688099640000.0,259472,1688099640000.0,0.08145710566851294,-0.00043872000000000003,1540.1115010299634,1540.3662693700037,-9.6,0.2285,29.0,0.22001488482619658,long_nclose,6.380431659959701,0.004142837486566868,2.0
1688100180000.0,259481,1688100180000.0,0.10161710566851286,-0.000442752,1540.212675383632,1540.4160866180036,-9.6,0.2306,19.4,0.22001488482619658,long_nclose,4.268288765628213,0.0027712333717582736,9.0
1688100240000.0,259482,1688100240000.0,0.0677447371123419,-0.000295168,1540.2801249527442,1540.4190314500038,-6.4,0.2306,13.0,0.22001488482619658,long_nclose,2.8601935027405556,0.0018569307338353834,1.0
1688100360000.0,259484,1688100360000.0,0.04551599524735472,-0.000198316,1540.3254426319916,1540.4201431340036,-4.3,0.2306,8.7,0.22001488482619658,long_nclose,1.91412949798791,0.0012426786216795786,2.0
1688100900000.0,259493,1688100900000.0,0.030696834004029925,-0.000133748,1540.3560057179955,1540.4185593860036,-2.9,0.2306,5.8,0.22001488482619658,long_nclose,1.2760863319919402,0.0008284359766540638,9.0
1688101200000.0,259498,1688101200000.0,0.011879161243324804,-6.398000000000001e-05,1540.3678208992387,1540.4095554060034,-1.4,0.2285,4.4,0.22001488482619658,long_nclose,0.968065493235265,0.0006284638513612456,5.0
1688103180000.0,259531,1688103180000.0,0.009333626691183775,-5.0270000000000005e-05,1540.37710425593,1540.4054351360035,-1.1,0.2285,3.3,0.22001488482619658,long_nclose,0.7260491199264487,0.00047134504785901923,33.0
1688103420000.0,259535,1688103420000.0,0.006788092139042745,-3.656e-05,1540.383855788069,1540.4050685760035,-0.8,0.2285,2.5,0.22001488482619658,long_nclose,0.5500372120654915,0.00035707801662468696,4.0
1688103480000.0,259536,1688103480000.0,0.005091069104282059,-2.7420000000000002e-05,1540.3889194371734,1540.4052311560035,-0.6,0.2285,1.9,0.22001488482619658,long_nclose,0.4180282811697735,0.00027137840054219063,1.0
1688103900000.0,259543,1688103900000.0,0.0033940460695213726,-1.828e-05,1540.392295203243,1540.4051728760037,-0.4,0.2285,1.5,0.22001488482619658,long_nclose,0.33002232723929487,0.00021424563617136952,7.0
1688104380000.0,259551,1688104380000.0,0.0019155345521410239,-1.3583999999999999e-05,1540.3941971537952,1540.4024592920036,-0.3,0.2264,1.2,0.22001488482619658,long_nclose,0.2640178617914359,0.0001713962973109512,8.0
1688106000000.0,259578,1688106000000.0,0.0012770230347606826,-9.056000000000001e-06,1540.39546512083,1540.4019502360038,-0.2,0.2264,1.0,0.22001488482619658,long_nclose,0.22001488482619658,0.00014283013018928772,27.0
1688106360000.0,259584,1688106360000.0,0.0012770230347606826,-9.056000000000001e-06,1540.396733087865,1540.401921180004,-0.2,0.2264,0.8,0.22001488482619658,long_nclose,0.17601190786095727,0.0001142640100957144,6.0
1688106600000.0,259588,1688106600000.0,0.0006385115173803413,-4.5280000000000005e-06,1540.3973670713822,1540.402046652004,-0.1,0.2264,0.7,0.22001488482619658,long_nclose,0.1540104193783376,9.998096768442524e-05,4.0
1688107200000.0,259598,1688107200000.0,0.0006385115173803413,-4.5280000000000005e-06,1540.3980010548994,1540.4020121240037,-0.1,0.2264,0.6,0.22001488482619658,long_nclose,0.13200893089571794,8.56979370301151e-05,10.0
1688107500000.0,259603,1688107500000.0,0.0006385115173803413,-4.5280000000000005e-06,1540.3986350384166,1540.4019275960036,-0.1,0.2264,0.5,0.22001488482619658,long_nclose,0.11000744241309829,7.141491813276943e-05,5.0
1688107980000.0,259611,1688107980000.0,0.0006385115173803413,-4.5280000000000005e-06,1540.3992690219338,1540.4018630680034,-0.1,0.2264,0.4,0.22001488482619658,long_nclose,0.08800595393047864,5.71319109923737e-05,8.0
1688108100000.0,259613,1688108100000.0,0.0006385115173803413,-4.5280000000000005e-06,1540.399903005451,1540.4018785400033,-0.1,0.2264,0.3,0.22001488482619658,long_nclose,0.06600446544785897,4.284891560891341e-05,2.0
1688108340000.0,259617,1688108340000.0,0.0006385115173803413,-4.5280000000000005e-06,1540.4005369889683,1540.401834012003,-0.1,0.2264,0.2,0.22001488482619658,long_nclose,0.04400297696523932,2.8565931982374042e-05,4.0
1688109240000.0,259632,1688109240000.0,0.0008485115173803431,-4.57e-06,1540.4013809304856,1540.402229442003,-0.1,0.2285,0.1,0.22001488482619658,long_nclose,0.02200148848261966,1.4282958165961636e-05,15.0
1688110320000.0,259650,1688110320000.0,0.0006385115173803413,-4.5280000000000005e-06,1540.4020149140028,1540.4020149140028,-0.1,0.2264,0.0,0.22001488482619658,long_nclose,0.0,0.0,18.0
1688132160000.0,260014,1688132160000.0,0.0,-0.015405470000000003,1540.386609444003,1540.555159444003,337.1,0.2285,337.1,0.2285,long_ientry_normal,77.02735000000001,0.050005206178598736,364.0
1688132460000.0,260019,1688132460000.0,0.0,-0.01540236,1540.371207084003,1535.7860570840028,346.9,0.222,684.0,0.22520343567251466,long_rentry,154.03915000000003,0.1000013174042662,5.0
1688132460000.0,260019,1688132460000.0,0.0,-0.015401568000000004,1540.3558055160029,1535.8059155160029,352.6,0.2184,1036.6,0.22288924368126573,long_rentry,231.04699000000002,0.1499958575626634,0.0
1688132820000.0,260025,1688132820000.0,0.0,-0.022158344,1540.3336471720029,1528.644937172003,513.4,0.2158,1550.0,0.22054110322580645,long_rentry,341.83871,0.22192510734775128,6.0
1688132820000.0,260025,1688132820000.0,0.0,-0.032688666000000005,1540.3009585060029,1528.6890185060029,767.7,0.2129,2317.7,0.2180101134745653,long_rentry,505.28204,0.3280411124914786,0.0
1688133120000.0,260030,1688133120000.0,0.691961428571423,-0.014575022000000002,1540.9783449125744,1545.328773484003,-331.1,0.2201,1986.6,0.2180101134745653,long_nclose,433.09889142857145,0.28105449557965256,5.0
1688133480000.0,260036,1688133480000.0,0.5931097959183625,-0.012492876,1541.5589618324927,1546.479860608003,-283.8,0.2201,1702.8,0.2180101134745653,long_nclose,371.2276212244898,0.24081311867773225,6.0
1688133780000.0,260041,1688133780000.0,0.5082604029857144,-0.010705663999999998,1542.0565165714786,1545.982674944003,-243.2,0.2201,1459.6,0.2180101134745653,long_nclose,318.2075616274755,0.20635272326786067,5.0
1688134260000.0,260049,1688134260000.0,1.0189804029857188,-0.010807808,1543.0646891664644,1548.2829071360031,-243.2,0.2222,1216.4,0.2180101134745653,long_nclose,265.18750203046125,0.17185766992938625,8.0
1688136600000.0,260088,1688136600000.0,0.8492899987056135,-0.009007988000000001,1543.9049711771702,1548.2536291480033,-202.7,0.2222,1013.7,0.2180101134745653,long_nclose,220.99685202916686,0.1431414861373657,39.0
1688137260000.0,260099,1688137260000.0,0.7076718341459207,-0.0075059160000000005,1544.6051370953162,1548.0602732320035,-168.9,0.2222,844.8,0.2180101134745653,long_nclose,184.17494386331276,0.119237557509138,11.0
1688137320000.0,260100,1688137320000.0,0.5899360227812057,-0.006257152000000001,1545.1888159660973,1548.2792960800034,-140.8,0.2222,704.0,0.2180101134745653,long_nclose,153.47911988609397,0.09932709731019787,1.0
1688137560000.0,260104,1688137560000.0,0.49147368943349024,-0.005212812000000001,1545.6750768435306,1548.191953268003,-117.3,0.2222,586.7,0.2180101134745653,long_nclose,127.90653357552748,0.0827512428011256,4.0
1688138820000.0,260125,1688138820000.0,0.40935191353497014,-0.004341788000000001,1546.0800869690656,1548.1778414800033,-97.7,0.2222,489.0,0.2180101134745653,long_nclose,106.60694548906244,0.06895305514092392,21.0
1688140980000.0,260161,1688140980000.0,0.341475751822928,-0.00362186,1546.4179408608884,1548.084569620003,-81.5,0.2222,407.5,0.2180101134745653,long_nclose,88.83912124088536,0.05744832550987398,36.0
1688141820000.0,260175,1688141820000.0,0.2844932950770161,-0.0030174760000000003,1546.6994166799655,1548.156262144003,-67.9,0.2222,339.6,0.2180101134745653,long_nclose,74.03623453596238,0.047867241519288395,14.0
1688142660000.0,260189,1688142660000.0,0.4270832950770155,-0.0030459940000000007,1547.1234539810423,1548.859586150003,-67.9,0.2243,271.7,0.2180101134745653,long_nclose,59.23334783103939,0.038286115874347805,14.0
1688143080000.0,260196,1688143080000.0,0.5696732950770149,-0.003074512,1547.6900527641194,1549.399911638003,-67.9,0.2264,203.8,0.2180101134745653,long_nclose,44.43046112611641,0.028707596231406403,7.0
1688143140000.0,260197,1688143140000.0,0.42704522414462526,-0.002304752,1548.114793236264,1549.397606886003,-50.9,0.2264,152.9,0.2180101134745653,long_nclose,33.33374635026104,0.021531831163875352,1.0
1688143200000.0,260198,1688143200000.0,0.32049366527160483,-0.0017296960000000004,1548.4335572055356,1549.407347190003,-38.2,0.2264,114.7,0.2180101134745653,long_nclose,25.00576001553264,0.0161490687793286,1.0
1688143320000.0,260200,1688143320000.0,0.2399507546274319,-0.001295008,1548.6722129521631,1549.489292182003,-28.6,0.2264,86.1,0.2180101134745653,long_nclose,18.770670770160073,0.012120493034725793,2.0
1688143680000.0,260206,1688143680000.0,0.18038256029684563,-0.00097352,1548.8516219924602,1549.4129886620033,-21.5,0.2264,64.6,0.2180101134745653,long_nclose,14.083453330456917,0.009092835705165744,6.0
1688144640000.0,260222,1688144640000.0,0.22553256029684604,-0.00098255,1549.0761720027572,1549.5282861120033,-21.5,0.2285,43.1,0.2180101134745653,long_nclose,9.396235890753765,0.006065702939969463,16.0
1688144700000.0,260223,1688144700000.0,0.15000537731371621,-0.0006535100000000002,1549.225523870071,1549.5333926020035,-14.3,0.2285,28.8,0.2180101134745653,long_nclose,6.278691268067481,0.004052793587071096,1.0
1688145300000.0,260233,1688145300000.0,0.10070291064417311,-0.00043872000000000003,1549.3257880607152,1549.5348738820037,-9.6,0.2285,19.2,0.2180101134745653,long_nclose,4.185794178711654,0.0027016875411019882,10.0
1688146740000.0,260257,1688146740000.0,0.12086291064417302,-0.000442752,1549.4462082193593,1549.5680311300034,-9.6,0.2306,9.6,0.2180101134745653,long_nclose,2.092897089355827,0.0013507387854148273,24.0
1688147340000.0,260267,1688147340000.0,0.06043145532208651,-0.000221376,1549.5064182986814,1549.5687697540036,-4.8,0.2306,4.8,0.2180101134745653,long_nclose,1.0464485446779135,0.0006753431494829736,10.0
1688147940000.0,260277,1688147940000.0,0.030215727661043256,-0.000110688,1549.5365233383425,1549.5669790660036,-2.4,0.2306,2.4,0.2180101134745653,long_nclose,0.5232242723389567,0.000337665014317775,10.0
1688148600000.0,260288,1688148600000.0,0.015107863830521628,-5.5344e-05,1549.551575858173,1549.5654837220036,-1.2,0.2306,1.2,0.2180101134745653,long_nclose,0.26161213616947837,0.00016883086710075607,11.0
1688149800000.0,260308,1688149800000.0,0.00419595461017388,-1.828e-05,1549.5557535327832,1549.5642254420036,-0.4,0.2285,0.8,0.2180101134745653,long_nclose,0.17440809077965225,0.00011255360794990742,20.0
1688150280000.0,260316,1688150280000.0,0.0,-0.015460816,1549.5402927167831,1549.5126846260034,341.6,0.2263,342.4,0.22628063110624902,long_ientry_partial,77.47848809077966,0.05000095089811309,8.0
1688151480000.0,260336,1688151480000.0,0.10852713890442336,-0.0022347300000000003,1549.6465851256876,1550.3566698960035,-48.9,0.2285,293.5,0.22628063110624902,long_nclose,66.41336522968409,0.04285710423728484,20.0
1688154480000.0,260386,1688154480000.0,0.21121713890442292,-0.002255268,1549.855546996592,1550.9609846280034,-48.9,0.2306,244.6,0.22628063110624902,long_nclose,55.34824236858851,0.035711871648842264,50.0
1688155380000.0,260401,1688155380000.0,0.1757983139756649,-0.001877084,1550.0294682265678,1550.9305775440037,-40.7,0.2306,203.9,0.22628063110624902,long_nclose,46.138620682564174,0.029766286143806456,15.0
1688155740000.0,260407,1688155740000.0,0.14642660549815822,-0.001563468,1550.174331364066,1550.9256240760035,-33.9,0.2306,170.0,0.22628063110624902,long_nclose,38.467707288062336,0.024815084671291728,6.0
1688155920000.0,260410,1688155920000.0,0.12223813969315274,-0.0013051960000000002,1550.295264307759,1550.9498288800035,-28.3,0.2306,141.7,0.22628063110624902,long_nclose,32.063965427755484,0.020682489436664023,3.0
1688156460000.0,260419,1688156460000.0,0.10193710589252314,-0.001088432,1550.3961129816516,1550.9180404480037,-23.6,0.2306,118.1,0.22628063110624902,long_nclose,26.723742533648007,0.01723671925509031,9.0
1688157120000.0,260430,1688157120000.0,0.08465963031751922,-0.0009039520000000002,1550.479868659969,1550.9250264960035,-19.6,0.2306,98.5,0.22628063110624902,long_nclose,22.288642163965527,0.014375318644561891,11.0
1688157660000.0,260439,1688157660000.0,0.07083764985751606,-0.000756368,1550.5499499418265,1550.9127801280035,-16.4,0.2306,82.1,0.22628063110624902,long_nclose,18.577639813823044,0.011981323023176414,9.0
1688157960000.0,260444,1688157960000.0,0.058743416955013325,-0.000627232,1550.6080661267815,1550.9107928960034,-13.6,0.2306,68.5,0.22628063110624902,long_nclose,15.500223230778058,0.009996222494505404,5.0
1688160540000.0,260487,1688160540000.0,0.049240805388761175,-0.0005257680000000001,1550.6567811641703,1550.9148371280035,-11.4,0.2306,57.1,0.22628063110624902,long_nclose,12.920624036166819,0.008332355807625294,43.0
1688160840000.0,260492,1688160840000.0,0.04103400449063431,-0.00043814000000000006,1550.697377028661,1550.9124989880036,-9.5,0.2306,47.6,0.22628063110624902,long_nclose,10.770958040657453,0.006945880092540053,5.0
1688172120000.0,260680,1688172120000.0,0.06193400449063438,-0.00044232000000000006,1550.7588687131517,1551.0186866680037,-9.5,0.2328,38.1,0.22628063110624902,long_nclose,8.621292045148088,0.005559402057330935,188.0
1688173380000.0,260701,1688173380000.0,0.0495472035925075,-0.000353856,1550.8080620607443,1551.0069028120038,-7.6,0.2328,30.5,0.22628063110624902,long_nclose,6.901559248740595,0.004450298794274816,21.0
1688174640000.0,260722,1688174640000.0,0.0215968444687549,-0.00023060000000000002,1550.8294283052132,1550.9268222120038,-5.0,0.2306,25.5,0.22628063110624902,long_nclose,5.77015609320935,0.003720690353106806,21.0
1688174700000.0,260723,1688174700000.0,0.018141349353754117,-0.00019370400000000003,1550.847375950567,1550.960678508004,-4.2,0.2306,21.3,0.22628063110624902,long_nclose,4.819777442563105,0.0031078347987718,1.0
1688175240000.0,260732,1688175240000.0,0.02738134935375415,-0.00019555200000000001,1550.874561747921,1550.9963029560042,-4.2,0.2328,17.1,0.22628063110624902,long_nclose,3.8693987919168586,0.0024949785671613783,9.0
1688176440000.0,260752,1688176440000.0,0.036621349353754065,-0.0001974,1550.9109856972748,1551.0337855560042,-4.2,0.235,12.9,0.22628063110624902,long_nclose,2.9190201412706123,0.001882132609924256,20.0
1688176620000.0,260755,1688176620000.0,0.027901980460003098,-0.0001504,1550.9387372777348,1551.0281651560042,-3.2,0.235,9.7,0.22628063110624902,long_nclose,2.1949221217306154,0.001415221677668084,3.0
1688177520000.0,260770,1688177520000.0,0.02092648534500232,-0.00011279999999999999,1550.95955096308,1551.0239323560043,-2.4,0.235,7.3,0.22628063110624902,long_nclose,1.6518486070756178,0.0010650494437781373,15.0
1688178960000.0,260794,1688178960000.0,0.01569486400875174,-8.46e-05,1550.9751612270886,1551.0225677560043,-1.8,0.235,5.5,0.22628063110624902,long_nclose,1.2445434710843697,0.0008024264360879393,24.0
1688179200000.0,260798,1688179200000.0,0.011335179561876258,-6.110000000000001e-05,1550.9864353066505,1551.0230566560042,-1.3,0.235,4.2,0.22628063110624902,long_nclose,0.9503786506462459,0.0006127575515889948,4.0
1688180640000.0,260822,1688180640000.0,0.005215495115000791,-3.7248000000000007e-05,1550.9916135537655,1551.0151394080042,-0.8,0.2328,3.4,0.22628063110624902,long_nclose,0.7693541457612466,0.0004960401713574944,24.0
1688181120000.0,260830,1688181120000.0,0.003911621336250592,-2.7936e-05,1550.995497239102,1551.0140314720045,-0.6,0.2328,2.8,0.22628063110624902,long_nclose,0.6335857670974973,0.00040850264763845636,8.0
1688181360000.0,260834,1688181360000.0,0.0032596844468754937,-2.328e-05,1550.9987336435488,1551.0144181920045,-0.5,0.2328,2.3,0.22628063110624902,long_nclose,0.5204454515443727,0.0003355550460842489,4.0
1688182440000.0,260852,1688182440000.0,0.004359684446875484,-2.35e-05,1551.0030698279957,1551.0180446920044,-0.5,0.235,1.8,0.22628063110624902,long_nclose,0.40730513599124823,0.00026260756275383636,18.0
1688185560000.0,260904,1688185560000.0,0.0,-0.015428236000000001,1550.9876415919957,1551.1976764560045,333.8,0.2311,335.6,0.23107415117995006,long_ientry_partial,77.54848513599124,0.04999942169519312,52.0
1688186760000.0,260924,1688186760000.0,0.10661815848039247,-0.002235014,1551.092024736476,1551.7611714420045,-47.9,0.2333,287.7,0.23107415117995006,long_nclose,66.48003329447162,0.042860147711588095,20.0
1688187000000.0,260928,1688187000000.0,0.09148238650405283,-0.0019177260000000002,1551.1815893969801,1551.7551437160046,-41.1,0.2333,246.6,0.23107415117995006,long_nclose,56.982885680975684,0.03673514827050501,4.0
1688187360000.0,260934,1688187360000.0,0.07834987846575814,-0.0016424320000000003,1551.258296843446,1551.7077012840045,-35.2,0.2333,211.4,0.23107415117995006,long_nclose,48.849075559441445,0.03148996892319044,6.0
1688188860000.0,260959,1688188860000.0,0.0,-0.005738383999999999,1551.252558459446,1551.1449629000044,124.1,0.2312,335.5,0.23112070211457955,long_ientry_partial,77.54099555944144,0.0499860549054937,25.0
1688194320000.0,261050,1688194320000.0,0.1091783687116393,-0.002235972,1551.3595008561574,1552.1013069280043,-47.9,0.2334,287.6,0.23112070211457955,long_nclose,66.47031392815309,0.04284649295760895,91.0
1688195040000.0,261062,1688195040000.0,0.09345121330223824,-0.00191388,1551.4510381894595,1552.062433048004,-41.0,0.2334,246.6,0.23112070211457955,long_nclose,56.99436514145532,0.03673616745776756,12.0
1688196480000.0,261086,1688196480000.0,0.08023128556679966,-0.0016431360000000003,1551.5296263390262,1552.117169912004,-35.2,0.2334,211.4,0.23112070211457955,long_nclose,48.858916427022116,0.031490804685637315,24.0
1688201460000.0,261169,1688201460000.0,0.06883479613969744,-0.001409736,1551.597051399166,1551.9738201760042,-30.2,0.2334,181.2,0.23112070211457955,long_nclose,41.87907122316181,0.026990945352336804,83.0
1688202240000.0,261182,1688202240000.0,0.05880588544384748,-0.001204344,1551.65465294061,1552.0243958320043,-25.8,0.2334,155.4,0.23112070211457955,long_nclose,35.91615710860567,0.023147004419146588,13.0
1688203680000.0,261206,1688203680000.0,0.05060041305633387,-0.001036296,1551.7042170576665,1552.0211395360045,-22.2,0.2334,133.2,0.23112070211457955,long_nclose,30.785277521661992,0.019839655768956327,24.0
1688206200000.0,261248,1688206200000.0,0.04330665982298845,-0.00088692,1551.7466367974894,1552.0183526160044,-19.0,0.2334,114.2,0.23112070211457955,long_nclose,26.393984181484985,0.017009209851395046,42.0
1688207400000.0,261268,1688207400000.0,0.037152555532353256,-0.000760884,1551.7830284690217,1551.9865917320044,-16.3,0.2334,97.9,0.23112070211457955,long_nclose,22.62671673701734,0.014581108519623843,20.0
1688207460000.0,261269,1688207460000.0,0.03168224060734418,-0.0006488520000000001,1551.814061857629,1552.0139228800042,-13.9,0.2334,84.0,0.23112070211457955,long_nclose,19.41413897762468,0.012510609005813886,1.0
1688208120000.0,261280,1688208120000.0,0.0,-0.011618560000000002,1551.802443297629,1552.0435043200043,250.4,0.232,334.4,0.23177912373691595,long_ientry_partial,77.50693897762469,0.049946395762156426,11.0
1688213640000.0,261372,1688213640000.0,0.10593579774910991,-0.0022323600000000005,1551.906146735378,1552.5715419600042,-47.7,0.234,286.7,0.23177912373691595,long_nclose,66.4510747753738,0.042819003530053454,92.0
1688216040000.0,261412,1688216040000.0,0.09083383916013826,-0.0019141200000000003,1551.995066454538,1552.590117840004,-40.9,0.234,245.8,0.23177912373691595,long_nclose,56.971308614533946,0.036708434096174226,40.0
1688216220000.0,261415,1688216220000.0,0.07795275683425068,-0.00164268,1552.0713765313722,1552.665735160004,-35.1,0.234,210.7,0.23177912373691595,long_nclose,48.83586137136819,0.03146495844830823,3.0
1688217120000.0,261430,1688217120000.0,0.15868275683425057,-0.0016588260000000002,1552.2284004622063,1553.057386334004,-35.1,0.2363,175.6,0.23177912373691595,long_nclose,40.70041412820244,0.026220634873117318,15.0
1688217420000.0,261435,1688217420000.0,0.13200958688205458,-0.001379992,1552.3590300570884,1553.0062463420038,-29.2,0.2363,146.4,0.23177912373691595,long_nclose,33.932463715084495,0.021858644204128874,5.0
1688217540000.0,261437,1688217540000.0,0.1103093808192511,-0.001153144,1552.4681862939076,1553.0807331980038,-24.4,0.2363,122.0,0.23177912373691595,long_nclose,28.277053095903746,0.01821425607658181,2.0
1688218200000.0,261448,1688218200000.0,0.09177378814060645,-0.0009593780000000001,1552.5590007040482,1553.0289438200039,-20.3,0.2363,101.7,0.23177912373691595,long_nclose,23.57193688404435,0.015182635167716682,11.0
1688220240000.0,261482,1688220240000.0,0.07640280884612063,-0.000798694,1552.6346048188943,1553.0434151260038,-16.9,0.2363,84.8,0.23177912373691595,long_nclose,19.654869692890472,0.012659043944974482,34.0
1688220600000.0,261488,1688220600000.0,0.06374435530948526,-0.000666366,1552.6976828082038,1553.0455887600037,-14.1,0.2363,70.7,0.23177912373691595,long_nclose,16.386784048199956,0.010553750565636753,6.0
1688221260000.0,261499,1688221260000.0,0.05289425227808352,-0.0005529420000000001,1552.7500241184819,1553.0226558180038,-11.7,0.2363,59.0,0.23177912373691595,long_nclose,13.67496830047804,0.00880693484982653,11.0
1688222100000.0,261513,1688222100000.0,0.044304587378223806,-0.0004631480000000001,1552.79386555786,1553.0113726700038,-9.8,0.2363,49.2,0.23177912373691595,long_nclose,11.403532887856265,0.007343880691954826,14.0
1688223120000.0,261530,1688223120000.0,0.0370711853572893,-0.000387532,1552.8305492112172,1553.0241051380037,-8.2,0.2363,41.0,0.23177912373691595,long_nclose,9.502944073213554,0.006119756001735484,17.0
1688233920000.0,261710,1688233920000.0,0.0,-0.013611836000000004,1552.816937375217,1552.8001633020035,291.1,0.2338,332.1,0.23355050910332298,long_ientry_partial,77.56212407321357,0.04994930323488076,180.0
1688238540000.0,261787,1688238540000.0,0.10662586850249127,-0.0022353840000000004,1552.9213278597197,1553.5902279180036,-47.4,0.2358,284.7,0.23355050910332298,long_nclose,66.49182994171605,0.0428172559348882,77.0
1688249760000.0,261974,1688249760000.0,0.09132933040508746,-0.001914696,1553.0107424941248,1553.6086632220035,-40.6,0.2358,244.1,0.23355050910332298,long_nclose,57.00967927212114,0.036709133885683226,187.0
1688251620000.0,262005,1688251620000.0,0.0,-0.0041043600000000005,1553.0066381341248,1553.1495388620037,87.7,0.234,331.8,0.23366931667305946,long_ientry_partial,77.53147927212113,0.04992346933254071,31.0
1688252460000.0,262019,1688252460000.0,0.10573438969698165,-0.0022363319999999997,1553.110136191822,1553.801422530004,-47.4,0.2359,284.4,0.23366931667305946,long_nclose,66.4555536618181,0.042788693546721074,14.0
1688253120000.0,262030,1688253120000.0,0.09056574307378598,-0.0019155080000000002,1553.1987864268958,1553.7913870220038,-40.6,0.2359,243.8,0.23366931667305946,long_nclose,56.9685794048919,0.036678228120398566,11.0
1688253600000.0,262038,1688253600000.0,0.07762777977753083,-0.001641864,1553.2747723426733,1553.8245851580039,-34.8,0.2359,209.0,0.23366931667305946,long_nclose,48.83688718466943,0.03144124146883096,8.0
1688256000000.0,262078,1688256000000.0,0.15766777977753071,-0.0016578719999999997,1553.4307822504509,1554.254867286004,-34.8,0.2382,174.2,0.23366931667305946,long_nclose,40.70519496444695,0.026203417255242906,40.0
1688256900000.0,262093,1688256900000.0,0.055320946508125426,-0.001170064,1553.484933132959,1553.877957222004,-24.8,0.2359,149.4,0.23366931667305946,long_nclose,34.91019591095508,0.02247218184507954,15.0
1688257080000.0,262096,1688257080000.0,0.04751355486383353,-0.001004934,1553.5314417538227,1553.6890922880038,-21.3,0.2359,128.1,0.23366931667305946,long_nclose,29.933039465818915,0.01926773971953005,3.0
1688257560000.0,262104,1688257560000.0,0.04082150488301191,-0.0008633940000000001,1553.5713998647059,1553.783388894004,-18.3,0.2359,109.8,0.23366931667305946,long_nclose,25.656890970701927,0.016514780700092883,8.0
1688257680000.0,262106,1688257680000.0,0.03479865990027244,-0.000736008,1553.605462516606,1553.8250128860038,-15.6,0.2359,94.2,0.23366931667305946,long_nclose,22.0116496306022,0.01416810777360853,2.0
1688258220000.0,262115,1688258220000.0,0.029891156581003255,-0.000632212,1553.634721461187,1553.8230406740038,-13.4,0.2359,80.8,0.23366931667305946,long_nclose,18.880480787183203,0.012152458056180792,9.0
1688260260000.0,262149,1688260260000.0,0.025652858259816225,-0.00054257,1553.6598317494465,1553.8282781040036,-11.5,0.2359,69.3,0.23366931667305946,long_nclose,16.19328364544302,0.010422669952926,34.0
1688261400000.0,262168,1688261400000.0,0.02208376493671136,-0.000467082,1553.6814484323834,1553.8198910220037,-9.9,0.2359,59.4,0.23366931667305946,long_nclose,13.879957410379731,0.00893359280590251,19.0
1688261820000.0,262175,1688261820000.0,0.0,-0.012752109999999999,1553.6686963223833,1553.7511689120035,271.9,0.2345,331.3,0.23435106371983014,long_ientry_partial,77.64050741037973,0.04997237029629222,7.0
1688334060000.0,263379,1688334060000.0,0.10637468605203468,-0.002238236,1553.7728327724353,1554.3263306760036,-47.3,0.2366,284.0,0.23435106371983014,long_nclose,66.55570209643176,0.04283489882988543,1204.0
1688335200000.0,263398,1688335200000.0,0.09108191934687959,-0.00191646,1553.861998231782,1554.4826642160035,-40.5,0.2366,243.5,0.23435106371983014,long_nclose,57.06448401577864,0.036724293457665605,19.0
1688336820000.0,263425,1688336820000.0,0.18423191934687944,-0.00193509,1554.044295061129,1555.1301291260036,-40.5,0.2389,203.0,0.23435106371983014,long_nclose,47.57326593512552,0.030612554665473163,27.0
1688337720000.0,263440,1688337720000.0,0.15375404626974135,-0.001614964,1554.1964341433988,1554.9999541620036,-33.8,0.2389,169.2,0.23435106371983014,long_nclose,39.652199981395256,0.025512991221891275,15.0
1688337900000.0,263443,1688337900000.0,0.12828000310079013,-0.001347396,1554.3233667504996,1555.0775667660037,-28.2,0.2389,141.0,0.23435106371983014,long_nclose,33.04349998449605,0.02125908976944577,3.0
1688344980000.0,263561,1688344980000.0,0.10690000258399178,-0.0011228300000000002,1554.4291439230838,1554.9871439360038,-23.5,0.2389,117.5,0.23435106371983014,long_nclose,27.53624998708004,0.017714702593380215,118.0
1688346600000.0,263588,1688346600000.0,0.15860000258399196,-0.00113317,1554.5866107556678,1555.2304107660038,-23.5,0.2411,94.0,0.23435106371983014,long_nclose,22.028999989664033,0.01417032659181078,27.0
1688349660000.0,263639,1688349660000.0,0.21265000258399186,-0.00114398,1554.7981167782518,1555.4360667860037,-23.5,0.2434,70.5,0.23435106371983014,long_nclose,16.521749992248026,0.01062629920499472,51.0
1688349720000.0,263640,1688349720000.0,0.15926127853098968,-0.0008567680000000002,1554.9565212887828,1555.4352100180038,-17.6,0.2434,52.9,0.23435106371983014,long_nclose,12.397171270779014,0.007972680329675045,1.0
1688349780000.0,263641,1688349780000.0,0.11944595889824224,-0.000642576,1555.075324671681,1555.4623574420038,-13.2,0.2434,39.7,0.23435106371983014,long_nclose,9.303737229677257,0.005982820948973343,1.0
1688351100000.0,263663,1688351100000.0,0.14848595889824234,-0.000648384,1555.2231622465792,1555.5239090580037,-13.2,0.2456,26.5,0.23435106371983014,long_nclose,6.210303188575499,0.003993191034786596,22.0
1688355660000.0,263739,1688355660000.0,0.09899063926549491,-0.00043225600000000006,1555.3217206298448,1555.5243668020037,-8.8,0.2456,17.7,0.23435106371983014,long_nclose,4.148013827840994,0.002666981225055617,76.0
1688355780000.0,263741,1688355780000.0,0.06636872405300226,-0.000289808,1555.387799545898,1555.524076994004,-5.9,0.2456,11.8,0.23435106371983014,long_nclose,2.765342551893996,0.0017779119475550401,2.0
1688364420000.0,263885,1688364420000.0,0.026241915212492615,-0.000141172,1555.4139002891104,1555.496215822004,-2.9,0.2434,8.9,0.23435106371983014,long_nclose,2.0857244671064885,0.0013409449836592096,144.0
1688365860000.0,263909,1688365860000.0,0.0,-0.01512516,1555.3987751291104,1555.3934106620038,313.8,0.241,322.7,0.24081662369726214,long_ientry_partial,77.71152446710649,0.04996244417169212,24.0
1688367840000.0,263942,1688367840000.0,0.10987364755621512,-0.002242304,1555.5064064726666,1556.1933083580038,-46.1,0.2432,276.6,0.24081662369726214,long_nclose,66.60987811466272,0.04282198892752242,33.0
1688368620000.0,263955,1688368620000.0,0.09414336395814528,-0.0019212800000000003,1555.5986285566248,1556.211147078004,-39.5,0.2432,237.1,0.24081662369726214,long_nclose,57.09762147862085,0.03670459746522106,13.0
1688373060000.0,264029,1688373060000.0,0.18499336395814514,-0.0019394500000000001,1555.781682470583,1556.707117628004,-39.5,0.2455,197.6,0.24081662369726214,long_nclose,47.585364842579,0.03058614545905527,74.0
1688373360000.0,264034,1688373360000.0,0.15408308036007531,-0.0016153900000000002,1555.934150160943,1556.738442238004,-32.9,0.2455,164.7,0.24081662369726214,long_nclose,39.662497922939075,0.02549111600824267,5.0
1688374800000.0,264058,1688374800000.0,0.12832451069501713,-0.00134534,1556.061129331638,1556.745346898004,-27.4,0.2455,137.3,0.24081662369726214,long_nclose,33.0641224336341,0.021248601234474543,24.0
1688375220000.0,264065,1688375220000.0,0.10678097970242302,-0.0011194800000000002,1556.1667908313407,1556.7373874180041,-22.8,0.2455,114.5,0.24081662369726214,long_nclose,27.573503413336514,0.017718861227340614,7.0
1688378700000.0,264123,1688378700000.0,0.03884903373462704,-0.000792832,1556.2048470330753,1556.507634586004,-16.3,0.2432,98.2,0.24081662369726214,long_nclose,23.648192447071143,0.015196066566786967,58.0
1688382240000.0,264182,1688382240000.0,0.07633903373462698,-0.00080033,1556.28038573681,1556.6721442560042,-16.3,0.2455,81.9,0.24081662369726214,long_nclose,19.72288148080577,0.012673090055985067,59.0
1688385900000.0,264243,1688385900000.0,0.0,-0.01158633,1556.26879940681,1556.4714679260044,238.5,0.2429,320.4,0.24236745156306422,long_ientry_partial,77.65453148080577,0.049897891360672846,61.0
1688410680000.0,264656,1688410680000.0,0.10659746356796529,-0.002236558,1556.373160312378,1557.0688513680043,-45.7,0.2447,274.7,0.24236745156306422,long_nclose,66.57833894437374,0.0427778765672179,413.0
1688411280000.0,264666,1688411280000.0,0.0914358987278827,-0.0019184480000000001,1556.462677763106,1557.0590929200043,-39.2,0.2447,235.5,0.24236745156306422,long_nclose,57.077534843101624,0.036671316092931616,10.0
1688411400000.0,264668,1688411400000.0,0.0783736274810423,-0.0016443840000000003,1556.5394070065872,1557.0305385360045,-33.6,0.2447,201.9,0.24236745156306422,long_nclose,48.93398847058267,0.03143768044054125,2.0
1688411700000.0,264673,1688411700000.0,0.06717739498375055,-0.0014094720000000002,1556.605174929571,1557.0262490640046,-28.8,0.2447,173.1,0.24236745156306422,long_nclose,41.953805865566416,0.026952117686146474,5.0
1688415480000.0,264736,1688415480000.0,0.05761394639231384,-0.001208818,1556.6615800579634,1557.0670902460047,-24.7,0.2447,148.4,0.24236745156306422,long_nclose,35.967329811958734,0.02310542655688815,63.0
1688417580000.0,264771,1688417580000.0,0.0494500268630386,-0.001037528,1556.7099925568264,1557.0194127180046,-21.2,0.2447,127.2,0.24236745156306422,long_nclose,30.82913983882177,0.0198040354248554,35.0
1688418360000.0,264784,1688418360000.0,0.042219126708537676,-0.0008858140000000001,1556.7513258695349,1557.0167169040046,-18.1,0.2447,109.1,0.24236745156306422,long_nclose,26.442288965530306,0.01698555737587747,13.0
1688419500000.0,264803,1688419500000.0,0.0,-0.01026432,1556.7410615495348,1556.6499225840046,211.2,0.243,320.3,0.24278454250868028,long_ientry_partial,77.7638889655303,0.04995300174592066,19.0
1688422620000.0,264855,1688422620000.0,0.10581640735331158,-0.0022402140000000004,1556.8446377428882,1557.5079223700045,-45.7,0.2451,274.6,0.24278454250868028,long_nclose,66.66863537288361,0.04282292128361616,52.0
1688424000000.0,264878,1688424000000.0,0.09076593365973334,-0.0019215840000000005,1556.9334820925478,1557.5256207860045,-39.2,0.2451,235.4,0.24278454250868028,long_nclose,57.15148130654334,0.036707721918685106,23.0
1688425200000.0,264898,1688425200000.0,0.07779937170834286,-0.001647072,1557.0096343922562,1557.5374337140045,-33.6,0.2451,201.8,0.24278454250868028,long_nclose,48.99392067825168,0.03146667791646348,20.0
1688427120000.0,264930,1688427120000.0,0.06668517575000817,-0.0014117760000000002,1557.0749077920063,1557.5273819380047,-28.8,0.2451,173.0,0.24278454250868028,long_nclose,42.00172585400169,0.02697476251387404,32.0
1688429460000.0,264969,1688429460000.0,0.057191800035597276,-0.001210794,1557.130888798042,1557.5187611440047,-24.7,0.2451,148.3,0.24278454250868028,long_nclose,36.00494765403729,0.023122621170163612,39.0
1688435220000.0,265065,1688435220000.0,0.0,-0.008335040000000002,1557.122553758042,1557.2389861040047,170.8,0.244,319.1,0.2434351227014644,long_ientry_partial,77.6801476540373,0.04988698382574957,96.0
1688436300000.0,265083,1688436300000.0,0.10760191708336982,-0.00223678,1557.2279188951254,1557.9023093240048,-45.5,0.2458,273.6,0.2434351227014644,long_nclose,66.60384957112066,0.04277077797216544,18.0
1688436600000.0,265088,1688436600000.0,0.09223021464288841,-0.00191724,1557.3182318697684,1557.9434120840049,-39.0,0.2458,234.6,0.2434351227014644,long_nclose,57.109879785763546,0.03667193937439204,5.0
1688437620000.0,265105,1688437620000.0,0.07922338950094261,-0.00164686,1557.3958083992693,1557.911605224005,-33.5,0.2458,201.1,0.2434351227014644,long_nclose,48.95480317526449,0.03143375814371908,17.0
1688437920000.0,265110,1688437920000.0,0.06787197846797173,-0.001410892,1557.4622694857374,1557.938934332005,-28.7,0.2458,172.4,0.2434351227014644,long_nclose,41.968215153732466,0.026946537310075618,5.0
1688440620000.0,265155,1688440620000.0,0.05817598154397577,-0.001209336,1557.5192361312813,1557.9426649960049,-24.6,0.2458,147.8,0.2434351227014644,long_nclose,35.97971113527644,0.023100652820601024,45.0
1688442120000.0,265180,1688442120000.0,0.11475598154397569,-0.001220652,1557.6327714608253,1558.2198043440048,-24.6,0.2481,123.2,0.2434351227014644,long_nclose,29.991207116820412,0.01925435036185915,25.0
1688443980000.0,265211,1688443980000.0,0.041621840454226566,-0.000865216,1557.6735280852795,1557.9443791280048,-17.6,0.2458,105.6,0.2434351227014644,long_nclose,25.706748957274637,0.016503297060503967,31.0
1688444640000.0,265222,1688444640000.0,0.035473159478034005,-0.0007374,1557.7082638447575,1557.9315817280049,-15.0,0.2458,90.6,0.2434351227014644,long_nclose,22.055222116752674,0.01415876299090541,11.0
1688445720000.0,265240,1688445720000.0,0.030506917151109245,-0.000634164,1557.7381365979086,1557.9141175640048,-12.9,0.2458,77.7,0.2434351227014644,long_nclose,18.914909033903783,0.012142547318777107,18.0
1688445780000.0,265241,1688445780000.0,0.026250138013745164,-0.000545676,1557.7638410599222,1557.9013618880047,-11.1,0.2458,66.6,0.2434351227014644,long_nclose,16.21277917191753,0.010407725962419406,1.0
1688445900000.0,265243,1688445900000.0,0.0,-0.012318056000000003,1557.7515230039223,1557.9564638320048,251.8,0.2446,318.4,0.244356341620344,long_ientry_partial,77.80305917191752,0.04994574424930388,2.0
1688449740000.0,265307,1688449740000.0,0.10640209043638238,-0.002240036,1557.8556850583586,1558.4682037960047,-45.4,0.2467,273.0,0.244356341620344,long_nclose,66.70928126235391,0.04282122015676627,64.0
1688449800000.0,265308,1688449800000.0,0.09140267680658398,-0.0019242600000000001,1557.9451634751654,1558.5637795360049,-39.0,0.2467,234.0,0.244356341620344,long_nclose,57.179383939160495,0.03670179495381961,1.0
1688452020000.0,265345,1688452020000.0,0.07827818988051038,-0.0016479560000000001,1558.021793709046,1558.572171580005,-33.4,0.2467,200.6,0.244356341620344,long_nclose,49.017882129041006,0.031461615188545226,37.0
1688452440000.0,265352,1688452440000.0,0.06702862965816159,-0.0014111240000000001,1558.0874112147042,1558.524920456005,-28.6,0.2467,172.0,0.244356341620344,long_nclose,42.02929075869917,0.0269749248060047,7.0
1688453880000.0,265376,1688453880000.0,0.05741963030157199,-0.0012088300000000001,1558.1436220150058,1558.504061626005,-24.5,0.2467,147.5,0.244356341620344,long_nclose,36.04256038900074,0.0231317318119816,24.0
1688454000000.0,265378,1688454000000.0,0.04921682597277599,-0.00103614,1558.1918027009785,1558.500925486005,-21.0,0.2467,126.5,0.244356341620344,long_nclose,30.911077214973517,0.019837787082047333,2.0
1688456520000.0,265420,1688456520000.0,0.0,-0.009384568000000001,1558.1824181329785,1558.092140918005,191.6,0.2449,318.1,0.24468380136741125,long_ientry_partial,77.83391721497352,0.04995173627246705,42.0
1688467800000.0,265608,1688467800000.0,0.10969541791952878,-0.002243668,1558.289869882898,1558.894227250005,-45.4,0.2471,272.7,0.24468380136741125,long_nclose,66.72527263289304,0.042819551049194264,188.0
1688467980000.0,265611,1688467980000.0,0.09399012680770197,-0.0019224379999999998,1558.3819375717057,1558.970224812005,-38.9,0.2471,233.8,0.24468380136741125,long_nclose,57.20707275970075,0.03670927606414746,3.0
1688469780000.0,265641,1688469780000.0,0.0807010343284639,-0.0016506279999999997,1558.4609879780342,1558.9652341840049,-33.4,0.2471,200.4,0.24468380136741125,long_nclose,49.03463379402922,0.031463497753413346,30.0
1688470080000.0,265646,1688470080000.0,0.06910328089203796,-0.001413412,1558.5286778469263,1558.960960772005,-28.6,0.2471,171.8,0.24468380136741125,long_nclose,42.03667707492126,0.026972026676463867,5.0
1688471400000.0,265668,1688471400000.0,0.13488328089203866,-0.0014265680000000002,1558.6621345598182,1559.409094204005,-28.6,0.2494,143.2,0.24468380136741125,long_nclose,35.03872035581329,0.02247999715840186,22.0
1688471640000.0,265672,1688471640000.0,0.11224552745561259,-0.0011871440000000002,1558.773192943274,1559.407947060005,-23.8,0.2494,119.4,0.24468380136741125,long_nclose,29.215245883268903,0.018742461068441078,4.0
1688477520000.0,265770,1688477520000.0,0.041075376754008575,-0.00084014,1558.8134281800278,1559.0813269200048,-17.0,0.2471,102.4,0.24468380136741125,long_nclose,25.055621260022914,0.016073521569079808,98.0
1688477640000.0,265772,1688477640000.0,0.0352765000357956,-0.000721532,1558.8479831480636,1559.095245388005,-14.6,0.2471,87.8,0.24468380136741125,long_nclose,21.483237760058707,0.013781483500830992,2.0
1688477940000.0,265777,1688477940000.0,0.030202482907359246,-0.0006177499999999999,1558.877567880971,1559.0670376380049,-12.5,0.2471,75.3,0.24468380136741125,long_nclose,18.424690242966065,0.011819202881988546,5.0
1688478600000.0,265788,1688478600000.0,0.025853325368699512,-0.000528794,1558.9028924123395,1559.0654388440048,-10.7,0.2471,64.6,0.24468380136741125,long_nclose,15.806573568334764,0.010139549836792418,11.0
1688478840000.0,265792,1688478840000.0,0.022229027419816402,-0.0004546639999999999,1558.9246667757593,1559.0973041800048,-9.2,0.2471,55.4,0.24468380136741125,long_nclose,13.555482595754583,0.008695405804175684,4.0
1688479440000.0,265802,1688479440000.0,0.04338902741981662,-0.00045889600000000003,1558.967596907179,1559.1901052840046,-9.2,0.2494,46.2,0.24468380136741125,long_nclose,11.3043916231744,0.00725120371045625,10.0
1688479500000.0,265803,1688479500000.0,0.06546902741981675,-0.000463312,1559.032602622599,1559.3070019720046,-9.2,0.2518,37.0,0.24468380136741125,long_nclose,9.053300650594217,0.005806998927004341,1.0
1688479980000.0,265811,1688479980000.0,0.028768811658791457,-0.000304268,1559.0610671662578,1559.2191577040048,-6.1,0.2494,30.9,0.24468380136741125,long_nclose,7.560729462253007,0.004849540291577773,8.0
1688480340000.0,265817,1688480340000.0,0.04340881165879154,-0.00030719600000000003,1559.1041687819165,1559.3054505080047,-6.1,0.2518,24.8,0.24468380136741125,long_nclose,6.068158273911799,0.0038920800774028316,6.0
1688480460000.0,265819,1688480460000.0,0.058380431522050226,-0.00031508400000000003,1559.1622341294385,1559.3355154240046,-6.2,0.2541,18.6,0.24468380136741125,long_nclose,4.55111870543385,0.00291895134823797,2.0
1688480520000.0,265820,1688480520000.0,0.04331451370990823,-0.00023377199999999996,1559.2053148711484,1559.3441416520047,-4.6,0.2541,14.0,0.24468380136741125,long_nclose,3.4255732191437573,0.002196999449958163,1.0
1688481360000.0,265834,1688481360000.0,0.03295669521406061,-0.00017787,1559.2380936963625,1559.3369637820047,-3.5,0.2541,10.5,0.24468380136741125,long_nclose,2.569179914357818,0.0016477149479251537,14.0
1688481420000.0,265835,1688481420000.0,0.02448211644473074,-0.000132132,1559.262443680807,1559.3344616500046,-2.6,0.2541,7.9,0.24468380136741125,long_nclose,1.9330020308025488,0.0012396899820401556,1.0
1688481480000.0,265836,1688481480000.0,0.017890777401918617,-9.655799999999999e-05,1559.280237900209,1559.3391350920044,-1.9,0.2541,6.0,0.24468380136741125,long_nclose,1.4681028082044674,0.0009415259505767066,1.0
1688481600000.0,265838,1688481600000.0,0.014124297948883119,-7.623000000000001e-05,1559.2942859681577,1559.3375588620045,-1.5,0.2541,4.5,0.24468380136741125,long_nclose,1.1010771061533506,0.0007061381011023827,2.0
1688482260000.0,265849,1688482260000.0,0.010357818495847621,-5.590200000000001e-05,1559.3045878846535,1559.3383029600043,-1.1,0.2541,3.4,0.24468380136741125,long_nclose,0.8319249246491982,0.0005335230404072525,11.0
1688483280000.0,265866,1688483280000.0,0.004269719179553266,-3.0216000000000007e-05,1559.3088273878332,1559.3287527440043,-0.6,0.2518,2.8,0.24468380136741125,long_nclose,0.6851146438287514,0.0004393707210498263,17.0
1688483340000.0,265867,1688483340000.0,0.0035580993162943886,-2.5180000000000003e-05,1559.3123603071494,1559.3294175640044,-0.5,0.2518,2.3,0.24468380136741125,long_nclose,0.5627727431450458,0.00036091084600534573,1.0
1688487060000.0,265929,1688487060000.0,0.0,-0.015479664000000004,1559.2968806431495,1559.2711279000043,313.1,0.2472,315.4,0.24718165105626208,long_ientry_partial,77.96109274314506,0.049997594243239386,62.0
1688488380000.0,265951,1688488380000.0,0.10882570246820586,-0.0022464,1559.4034599456177,1559.9492215000043,-45.0,0.2496,270.4,0.24718165105626208,long_nclose,66.83791844561325,0.04286120953453838,22.0
1688488560000.0,265954,1688488560000.0,0.09334826922828325,-0.0019269120000000002,1559.494881302846,1560.0554545880043,-38.6,0.2496,231.8,0.24718165105626208,long_nclose,57.296706714841555,0.03674055452299675,3.0
1688488680000.0,265956,1688488680000.0,0.08004735003772476,-0.0016523520000000002,1559.5732763008837,1560.0935422360044,-33.1,0.2496,198.7,0.24718165105626208,long_nclose,49.11499406487927,0.03149258506235372,2.0
1688491200000.0,265998,1688491200000.0,0.0,-0.0057696480000000005,1559.5675066528836,1559.5711525880042,116.7,0.2472,315.4,0.24718844028179862,long_ientry_partial,77.96323406487927,0.04999029136751034,42.0
1688498040000.0,266112,1688498040000.0,0.0,-0.015593784000000003,1559.5519128688836,1558.0517588040043,324.6,0.2402,640.0,0.24364399072637388,long_rentry,155.93215406487928,0.09998522830704193,114.0
1688553420000.0,267035,1688553420000.0,0.0,-0.0155958,1559.5363170688836,1553.3811630040043,330.0,0.2363,970.0,0.24114551965451472,long_rentry,233.91115406487927,0.14998762869755444,923.0
1688553420000.0,267035,1688553420000.0,0.0,-0.022425071999999997,1559.5138919968836,1554.0312979320042,480.4,0.2334,1450.4,0.23858005658085993,long_rentry,346.03651406487927,0.22188742007408213,0.0
1688571660000.0,267339,1688571660000.0,0.0,-0.033084898,1559.4808070988836,1548.7726330340042,718.3,0.2303,2168.7,0.23583760043568924,long_rentry,511.4610040648792,0.32796877123249424,304.0
1688629260000.0,268299,1688629260000.0,0.7008913850234744,-0.014752676000000001,1560.166945807907,1564.5584103580043,-309.8,0.2381,1858.9,0.23583760043568924,long_nclose,438.39851544990273,0.2809946183181603,960.0
1688629380000.0,268301,1688629380000.0,0.6006670843245075,-0.01264311,1560.7549697822315,1564.2005372480041,-265.5,0.2381,1593.4,0.23583760043568924,long_nclose,375.78363253422725,0.2407704218854158,2.0
1688629560000.0,268304,1688629560000.0,0.5149221408371296,-0.010838312000000001,1561.2590536110686,1564.4856189360041,-227.6,0.2381,1365.8,0.23583760043568924,long_nclose,322.10699467506436,0.20631233101903004,3.0
1688632320000.0,268350,1688632320000.0,0.4413941549970299,-0.009290662000000002,1561.6911571040655,1564.222678274004,-195.1,0.2381,1170.7,0.23583760043568924,long_nclose,276.0950788300614,0.17679236869218146,46.0
1688632380000.0,268351,1688632380000.0,0.3782732071527596,-0.007962064,1562.0614682472183,1564.733186210004,-167.2,0.2381,1003.5,0.23583760043568924,long_nclose,236.66303203721415,0.1515068624685894,1.0
1688633460000.0,268369,1688633460000.0,0.7628332071527589,-0.008038976,1562.8162624783708,1566.7990572340038,-167.2,0.2404,836.3,0.23583760043568924,long_nclose,197.2309852443669,0.12620228620579546,18.0
1688633760000.0,268374,1688633760000.0,0.6355422593084888,-0.006697544000000001,1563.4451071936794,1566.973599690004,-139.3,0.2404,697.0,0.23583760043568924,long_nclose,164.3788075036754,0.10513884161800136,5.0
1688633880000.0,268376,1688633880000.0,0.5296945894164792,-0.005582088,1563.969219695096,1566.7937876020042,-116.1,0.2404,580.9,0.23583760043568924,long_nclose,136.99806209309187,0.08759639279844675,2.0
1688634300000.0,268383,1688634300000.0,0.44164027782528154,-0.004654144000000001,1564.4062058289212,1566.808503458004,-96.8,0.2404,484.1,0.23583760043568924,long_nclose,114.16898237091716,0.07297911625863387,7.0
1688636700000.0,268423,1688636700000.0,0.3677294048834472,-0.003875248,1564.7700599858047,1566.893438210004,-80.6,0.2404,403.5,0.23583760043568924,long_nclose,95.16047177580062,0.060814348516269476,40.0
1688637000000.0,268428,1688637000000.0,0.30659325072168303,-0.0032309760000000004,1565.0734222605265,1566.6413872340042,-67.2,0.2404,336.3,0.23583760043568924,long_nclose,79.3121850265223,0.050676334987509467,5.0
1688637180000.0,268431,1688637180000.0,0.25549437560140253,-0.00269248,1565.3262241561279,1566.633094754004,-56.0,0.2404,280.3,0.23583760043568924,long_nclose,66.1052794021237,0.04223099209735738,3.0
1688637300000.0,268433,1688637300000.0,0.2130640596533125,-0.002245336,1565.5370428797812,1566.6495394180042,-46.7,0.2404,233.6,0.23583760043568924,long_nclose,55.091663461777,0.035190265035464595,2.0
1688637480000.0,268436,1688637480000.0,0.17747734305168855,-0.0018703119999999998,1565.7126499108329,1566.6204191060042,-38.9,0.2404,194.7,0.23583760043568924,long_nclose,45.917580804828695,0.02932695268665275,3.0
1688637600000.0,268438,1688637600000.0,0.14782174588366861,-0.001557792,1565.8589138647164,1566.583161314004,-32.4,0.2404,162.3,0.23583760043568924,long_nclose,38.27644255071237,0.024444375040304105,2.0
1688637780000.0,268441,1688637780000.0,0.12318478823639051,-0.00129816,1565.9808004929528,1566.611623154004,-27.0,0.2404,135.3,0.23583760043568924,long_nclose,31.908827338948758,0.02037625705813521,3.0
1688638320000.0,268450,1688638320000.0,0.10265399019699209,-0.0010818,1566.0823726831497,1566.597011354004,-22.5,0.2404,112.8,0.23583760043568924,long_nclose,26.602481329145746,0.01698664246093776,9.0
1688638380000.0,268451,1688638380000.0,0.08577311180904228,-0.0009039040000000001,1566.1672418909586,1566.6055074500039,-18.8,0.2404,94.0,0.23583760043568924,long_nclose,22.16873444095479,0.01415476830826107,1.0
1688639100000.0,268463,1688639100000.0,0.07117343320324784,-0.000750048,1566.2376652761618,1566.6110374020038,-15.6,0.2404,78.4,0.23583760043568924,long_nclose,18.489667874158037,0.011805148276074632,12.0
1688639760000.0,268474,1688639760000.0,0.059311194336039874,-0.00062504,1566.296351430498,1566.6012723620038,-13.0,0.2404,65.4,0.23583760043568924,long_nclose,15.423779068494078,0.009847292981566065,11.0
1688639940000.0,268477,1688639940000.0,0.04973015525098728,-0.0005240720000000001,1566.3455575137489,1566.6051082900037,-10.9,0.2404,54.5,0.23583760043568924,long_nclose,12.853149223745064,0.008205819694184718,3.0
1688642940000.0,268527,1688642940000.0,0.041061596078796836,-0.00043272000000000004,1566.3861863898278,1566.580125570004,-9.0,0.2404,45.5,0.23583760043568924,long_nclose,10.73061081982386,0.0068505525093754405,50.0
1688643300000.0,268533,1688643300000.0,0.0342179967323307,-0.0003606,1566.4200437865602,1566.593414970004,-7.5,0.2404,38.0,0.23583760043568924,long_nclose,8.961828816556192,0.005721216893326045,6.0
1688643360000.0,268534,1688643360000.0,0.028743117255157786,-0.000302904,1566.4484839998154,1566.596282066004,-6.3,0.2404,31.7,0.23583760043568924,long_nclose,7.476051933811349,0.00477261270330562,1.0
1688643600000.0,268538,1688643600000.0,0.02372447773441595,-0.00025001600000000004,1566.4719584615498,1566.5955120500041,-5.2,0.2404,26.5,0.23583760043568924,long_nclose,6.249696411545765,0.0039896637649892335,4.0
1688643900000.0,268543,1688643900000.0,0.020074558082967344,-0.00021155200000000002,1566.4918214676327,1566.594860498004,-4.4,0.2404,22.1,0.23583760043568924,long_nclose,5.212010969628732,0.003327186837621434,5.0
1688644020000.0,268545,1688644020000.0,0.016424638431518736,-0.000173088,1566.5080730180641,1566.590627410004,-3.6,0.2404,18.5,0.23583760043568924,long_nclose,4.362995608060251,0.0027851727566615223,2.0
1688644620000.0,268555,1688644620000.0,0.0,-0.014787298000000003,1566.493285720064,1566.4137601120037,312.1,0.2369,330.6,0.2368405493286759,long_ientry_partial,78.29948560806027,0.04998392672463236,10.0
1688652600000.0,268688,1688652600000.0,0.0,-0.015662808,1566.4776229120641,1563.812697304004,340.2,0.2302,670.8,0.23347275731672668,long_rentry,156.61352560806026,0.09997814416073017,133.0
1688685660000.0,269239,1688685660000.0,0.0,-0.01566688,1566.461956032064,1561.8192304240038,346.0,0.2264,1016.8,0.23106601653035036,long_rentry,234.94792560806025,0.14998635919840433,551.0
1688688120000.0,269280,1688688120000.0,0.0,-0.022531064000000003,1566.439424968064,1557.5812993600039,503.6,0.2237,1520.4,0.22862618101030008,long_rentry,347.60324560806026,0.22190659917484334,41.0
1688947800000.0,273608,1688947800000.0,0.0,-0.033237420000000004,1566.406187548064,1552.9911819400038,753.0,0.2207,2273.4,0.22600085581422552,long_rentry,513.7903456080603,0.32800581974992676,4328.0
1688947860000.0,273609,1688947860000.0,0.0,-0.048909096000000006,1566.357278452064,1551.7882928440038,1125.9,0.2172,3399.3,0.22308587815375527,long_rentry,758.3358256080603,0.48413975281391586,1.0
1689001440000.0,274502,1689001440000.0,1.0751775685364393,-0.021881136000000002,1567.4105748846005,1574.1532317080037,-485.6,0.2253,2913.7,0.22308587815375527,long_nclose,650.0053231765967,0.414700100657706,893.0
1689001920000.0,274510,1689001920000.0,0.9215175124070552,-0.018753972,1568.3133384250075,1574.0928577360037,-416.2,0.2253,2497.5,0.22308587815375527,long_nclose,557.1569806890038,0.3552587145936881,8.0
1689002100000.0,274513,1689002100000.0,0.789777262555494,-0.016072902,1569.087042785563,1574.0411148340036,-356.7,0.2253,2140.8,0.22308587815375527,long_nclose,477.58224795155934,0.30436950591582157,3.0
1689002400000.0,274518,1689002400000.0,0.6770784605816373,-0.013779348000000002,1569.7503418981446,1574.3637554860036,-305.8,0.2253,1835.0,0.22308587815375527,long_nclose,409.3625864121409,0.26078196990047414,5.0
1689002760000.0,274524,1689002760000.0,0.5803213359007429,-0.011810226000000002,1570.3188530080452,1573.9587352600036,-262.1,0.2253,1572.9,0.22308587815375527,long_nclose,350.8917777480417,0.2234525663854104,6.0
1689002880000.0,274526,1689002880000.0,0.49751317885119,-0.010124982000000001,1570.8062412048964,1573.9261402780035,-224.7,0.2253,1348.2,0.22308587815375527,long_nclose,300.7643809268929,0.19147134321047118,2.0
1689005160000.0,274564,1689005160000.0,0.4264398675867343,-0.008678556,1571.224002516483,1573.8982017220035,-192.6,0.2253,1155.6,0.22308587815375527,long_nclose,257.79804079447956,0.16407465796193824,38.0
1689005520000.0,274570,1689005520000.0,0.36533010463037985,-0.0074349,1571.5818977211136,1574.0723868220036,-165.0,0.2253,990.6,0.22308587815375527,long_nclose,220.98887089910997,0.14061556144134574,6.0
1689013200000.0,274698,1689013200000.0,0.3132982412436288,-0.006375990000000001,1571.8888199723574,1573.9386508320038,-141.5,0.2253,849.1,0.22308587815375527,long_nclose,189.4222191403536,0.1205061176932887,128.0
1689014640000.0,274722,1689014640000.0,0.6104482412436275,-0.00643542,1572.492832793601,1575.5455054120039,-141.5,0.2274,707.6,0.22308587815375527,long_nclose,157.85556738159724,0.10038555603535568,24.0
1689014700000.0,274723,1689014700000.0,0.5086349656722522,-0.005362092,1572.9961056672732,1575.5991133200037,-117.9,0.2274,589.7,0.22308587815375527,long_nclose,131.5537423472695,0.08363259252410145,1.0
1689015600000.0,274738,1689015600000.0,0.42364676530123124,-0.004466136000000001,1573.4152862965745,1575.5848271840039,-98.2,0.2274,491.5,0.22308587815375527,long_nclose,109.64670911257072,0.06968707503195269,15.0
1689015840000.0,274742,1689015840000.0,0.35332657920744237,-0.003724812,1573.764888063782,1575.613872372004,-81.9,0.2274,409.6,0.22308587815375527,long_nclose,91.37597569177817,0.05806202462948509,4.0
1689017280000.0,274766,1689017280000.0,0.2942231099138897,-0.0031017360000000003,1574.056009437696,1575.631270636004,-68.2,0.2274,341.4,0.22308587815375527,long_nclose,76.16151880169204,0.04838552017529504,24.0
1689018660000.0,274789,1689018660000.0,0.437443109913891,-0.0031303800000000003,1574.49032216761,1576.2699802560041,-68.2,0.2295,273.2,0.22308587815375527,long_nclose,60.947061911605935,0.038709073694209666,23.0
1689018960000.0,274794,1689018960000.0,0.35021105280496256,-0.0025061400000000005,1574.838027080415,1576.2620141160041,-54.6,0.2295,218.6,0.22308587815375527,long_nclose,48.766572964410905,0.030966088020378216,5.0
1689019200000.0,274798,1689019200000.0,0.28029712468089496,-0.0020058300000000005,1575.116318375096,1576.2906182860042,-43.7,0.2295,174.9,0.22308587815375527,long_nclose,39.017720089091796,0.024771326176940903,4.0
1689020400000.0,274818,1689020400000.0,0.22385285243394126,-0.0016019100000000002,1575.3385693175298,1576.236546376004,-34.9,0.2295,140.0,0.22308587815375527,long_nclose,31.232022941525738,0.019825594034085077,20.0
1689020460000.0,274819,1689020460000.0,0.1795954116948526,-0.0012852,1575.5168795292248,1576.2464611760042,-28.0,0.2295,112.0,0.22308587815375527,long_nclose,24.98561835322059,0.015858680207022895,1.0
1689020760000.0,274824,1689020760000.0,0.14367632935588207,-0.00102816,1575.6595276985806,1576.252153016004,-22.4,0.2295,89.6,0.22308587815375527,long_nclose,19.988494682576473,0.012685795586672082,5.0
1689021060000.0,274829,1689021060000.0,0.11481278104778077,-0.00082161,1575.7735188696283,1576.247751406004,-17.9,0.2295,71.7,0.22308587815375527,long_nclose,15.995257463624254,0.010150733764772463,5.0
1689021600000.0,274838,1689021600000.0,0.09172194240129973,-0.0006563700000000001,1575.8645844420298,1576.2442350360043,-14.3,0.2295,57.4,0.22308587815375527,long_nclose,12.805129406025552,0.008125780306535345,9.0
1689026640000.0,274922,1689026640000.0,0.0,-0.0131692,1575.8514152420298,1575.9201058360043,292.0,0.2255,349.4,0.22510340413859636,long_ientry_partial,78.65112940602556,0.04991024448453206,84.0
1689033660000.0,275039,1689033660000.0,0.10961013348404156,-0.002268454,1575.958756921514,1576.5567373820043,-49.9,0.2273,299.5,0.22510340413859636,long_nclose,67.41846953950962,0.042779336225273565,117.0
1689034440000.0,275052,1689034440000.0,0.09379464328193537,-0.0019411420000000005,1576.0506104227957,1576.666056240004,-42.7,0.2273,256.8,0.22510340413859636,long_nclose,57.80655418279155,0.03667810779711205,13.0
1689034560000.0,275054,1689034560000.0,0.08039540852737317,-0.0016638360000000004,1576.129341995323,1576.6790924040042,-36.6,0.2273,220.2,0.22510340413859636,long_nclose,49.567769591318914,0.03144904943433633,2.0
1689036480000.0,275086,1689036480000.0,0.0,-0.005831430000000001,1576.1235105653232,1576.1409409740043,129.3,0.2255,349.5,0.22525012758603408,long_ientry_partial,78.72491959131891,0.049948445704665556,32.0
1689038820000.0,275125,1689038820000.0,0.10727863345689911,-0.002269452,1576.22851974678,1576.992461522004,-49.9,0.2274,299.6,0.22525012758603408,long_nclose,67.48493822477582,0.04281418422477042,39.0
1689039660000.0,275139,1689039660000.0,0.09201453931774112,-0.001946544,1576.3185877420976,1576.9220349780041,-42.8,0.2274,256.8,0.22525012758603408,long_nclose,57.844232764093555,0.03669577534256513,14.0
1689040800000.0,275158,1689040800000.0,0.07868533035115247,-0.001664568,1576.3956085044488,1576.891030410004,-36.6,0.2274,220.2,0.22525012758603408,long_nclose,49.600078094444704,0.031464232599265535,19.0
1689041100000.0,275163,1689041100000.0,0.0675059937985297,-0.0014280719999999998,1576.4616864262473,1576.943102338004,-31.4,0.2274,188.8,0.22525012758603408,long_nclose,42.52722408824324,0.026976376561773686,5.0
1689042300000.0,275183,1689042300000.0,0.05783156793568309,-0.001223412,1576.518294582183,1576.8987389260042,-26.9,0.2274,161.9,0.22525012758603408,long_nclose,36.46799565617892,0.02313198380348885,20.0
1689048420000.0,275285,1689048420000.0,0.049662052762612624,-0.001050588,1576.5669060469456,1576.9208283380042,-23.1,0.2274,138.8,0.22525012758603408,long_nclose,31.264717708941532,0.0198308854442049,102.0
1689051600000.0,275338,1689051600000.0,0.042567473796525104,-0.000900504,1576.6085730167422,1576.8763078340041,-19.8,0.2274,119.0,0.22525012758603408,long_nclose,26.804765182738056,0.01700153458600622,53.0
1689051720000.0,275340,1689051720000.0,0.03654783103742054,-0.00077316,1576.6443476877796,1576.8738346740042,-17.0,0.2274,102.0,0.22525012758603408,long_nclose,22.975513013775476,0.014572413269657235,2.0
1689053820000.0,275375,1689053820000.0,0.031173150002505756,-0.0006594600000000001,1576.6748613777822,1576.8717252140043,-14.5,0.2274,87.5,0.22525012758603408,long_nclose,19.70938616377798,0.01250060278538016,35.0
1689055620000.0,275405,1689055620000.0,0.026873405174573928,-0.0005685,1576.7011662829568,1576.8699067140042,-12.5,0.2274,75.0,0.22525012758603408,long_nclose,16.893759568952557,0.01071462362698651,30.0
1689056640000.0,275422,1689056640000.0,0.02300363482943528,-0.000486636,1576.7236832817862,1576.8812100780042,-10.7,0.2274,64.3,0.22525012758603408,long_nclose,14.48358320378199,0.009185872805332587,17.0
1689057000000.0,275428,1689057000000.0,0.019563838967089818,-0.000413868,1576.7428332527534,1576.8835862100043,-9.1,0.2274,55.2,0.22525012758603408,long_nclose,12.433807042749082,0.00788575459518574,6.0
1689060600000.0,275488,1689060600000.0,0.01676900482893413,-0.000354744,1576.7592475135823,1576.8658914660043,-7.8,0.2274,47.4,0.22525012758603408,long_nclose,10.676856047578015,0.006771392693218401,60.0
1689061140000.0,275497,1689061140000.0,0.014404145173571626,-0.000304716,1576.7733469427558,1576.8689867500043,-6.7,0.2274,40.7,0.22525012758603408,long_nclose,9.167680192751588,0.0058142029166887085,9.0
1689063060000.0,275529,1689063060000.0,0.012469260001002302,-0.000263784,1576.7855524187567,1576.867562966004,-5.8,0.2274,34.9,0.22525012758603408,long_nclose,7.861229452752589,0.004985604694749787,32.0
1689066000000.0,275578,1689066000000.0,0.0,-0.01418901,1576.7713634087565,1576.773163956004,313.5,0.2263,348.4,0.2261948319539397,long_ientry_partial,78.80627945275258,0.049979522257675046,49.0
1689122520000.0,276520,1689122520000.0,0.109596851889197,-0.002270296,1576.8786899646457,1577.567243660004,-49.7,0.2284,298.7,0.2261948319539397,long_nclose,67.56439630464179,0.04284692077749913,942.0
1689124380000.0,276551,1689124380000.0,0.09394015876216887,-0.001945968,1576.970684155408,1577.535427692004,-42.6,0.2284,256.1,0.2261948319539397,long_nclose,57.92849646340396,0.03673403509997983,31.0
1689126420000.0,276585,1689126420000.0,0.08048863368120102,-0.00166732,1577.0495054690891,1577.577680372004,-36.5,0.2284,219.6,0.2261948319539397,long_nclose,49.672385097085154,0.03149703603141503,34.0
1689127800000.0,276608,1689127800000.0,0.06902175984168744,-0.001429784,1577.1170974449308,1577.551160588004,-31.3,0.2284,188.3,0.2261948319539397,long_nclose,42.59248685692685,0.027006546898724542,23.0
1689128460000.0,276619,1689128460000.0,0.05931902043902212,-0.001228792,1577.17518767337,1577.547241796004,-26.9,0.2284,161.4,0.2261948319539397,long_nclose,36.50784587736587,0.023147616170161672,11.0
1689129060000.0,276629,1689129060000.0,0.05071886505938694,-0.00105064,1577.2248558984295,1577.5854111560043,-23.0,0.2284,138.4,0.2261948319539397,long_nclose,31.305364742425255,0.019848384093967934,10.0
1689129960000.0,276644,1689129960000.0,0.04344181050738794,-0.0008998959999999999,1577.267397812937,1577.5410212600043,-19.7,0.2284,118.7,0.2261948319539397,long_nclose,26.84932655293264,0.01702268530381236,15.0
1689130800000.0,276658,1689130800000.0,0.0372673399784191,-0.000771992,1577.3038931609153,1577.5385592680043,-16.9,0.2284,101.8,0.2261948319539397,long_nclose,23.02663389291106,0.014598730144998065,14.0
1689130920000.0,276660,1689130920000.0,0.031974936667874376,-0.00066236,1577.3352057375832,1577.5277169080043,-14.5,0.2284,87.3,0.2261948319539397,long_nclose,19.746808829578935,0.0125190947097038,2.0
1689136200000.0,276748,1689136200000.0,0.027344083771147745,-0.0005664320000000001,1577.3619833893545,1577.5421304760043,-12.4,0.2284,74.9,0.2261948319539397,long_nclose,16.941992913350084,0.01074071335036616,88.0
1689137460000.0,276769,1689137460000.0,0.02359529809284523,-0.0004887759999999999,1577.3850899114473,1577.5330817000042,-10.7,0.2284,64.2,0.2261948319539397,long_nclose,14.52170821144293,0.009206190868875376,21.0
1689142560000.0,276854,1689142560000.0,0.020067029219148744,-0.00041568800000000005,1577.4047412526663,1577.5317560120043,-9.1,0.2284,55.1,0.2261948319539397,long_nclose,12.463335240662078,0.007901165068620597,85.0
1689143160000.0,276864,1689143160000.0,0.017200310759270355,-0.000356304,1577.4215852594257,1577.5400797080044,-7.8,0.2284,47.3,0.2261948319539397,long_nclose,10.699015551421347,0.006782597405411926,10.0
1689152400000.0,277018,1689152400000.0,0.014774625908604023,-0.000306056,1577.4360538293342,1577.5377636520043,-6.7,0.2284,40.6,0.2261948319539397,long_nclose,9.183510177329952,0.005821795536520387,154.0
1689153360000.0,277034,1689153360000.0,0.01278997466714975,-0.000264944,1577.4485788600014,1577.5183587080044,-5.8,0.2284,34.8,0.2261948319539397,long_nclose,7.871580151997101,0.004990070838116178,16.0
1689155160000.0,277064,1689155160000.0,0.01080532342569548,-0.000223832,1577.459160351427,1577.5280848760042,-4.9,0.2284,29.9,0.2261948319539397,long_nclose,6.7632254754227965,0.004287417161352109,30.0
1689155940000.0,277077,1689155940000.0,0.009261705793453269,-0.00019185600000000001,1577.4682302012206,1577.5274730200044,-4.2,0.2284,25.7,0.2261948319539397,long_nclose,5.81320718121625,0.0036851500841159394,13.0
1689164280000.0,277216,1689164280000.0,0.0,-0.014608960000000002,1577.4536212412206,1577.2364140600043,321.5,0.2272,347.2,0.22712559672009291,long_ientry_partial,78.85800718121625,0.04999069774182443,139.0
1689165000000.0,277228,1689165000000.0,0.10785040268339162,-0.0022746560000000003,1577.559196987904,1578.3253394040044,-49.6,0.2293,297.6,0.22712559672009291,long_nclose,67.59257758389965,0.042846301877582045,12.0
1689165120000.0,277230,1689165120000.0,0.09241213939605128,-0.0019490500000000001,1577.6496600773,1578.3574103540043,-42.5,0.2293,255.1,0.22712559672009291,long_nclose,57.9397397232957,0.03672535239570034,2.0
1689165420000.0,277235,1689165420000.0,0.07914827938861803,-0.0016693040000000001,1577.7271390526887,1578.2026810500045,-36.4,0.2293,218.7,0.22712559672009291,long_nclose,49.672368002684316,0.031483497224056745,5.0
1689165480000.0,277236,1689165480000.0,0.06784138233310118,-0.0014308320000000002,1577.7935496030218,1578.2200002180043,-31.2,0.2293,187.5,0.22712559672009291,long_nclose,42.58604938501742,0.0269908882538734,1.0
1689165720000.0,277240,1689165720000.0,0.05805656757351927,-0.001224462,1577.8503817085953,1578.2161057560043,-26.7,0.2293,160.8,0.22712559672009291,long_nclose,36.52179595259094,0.023146552027983068,4.0
1689167100000.0,277263,1689167100000.0,0.049793835109872335,-0.001050194,1577.899125349705,1578.212765562004,-22.9,0.2293,137.9,0.22712559672009291,long_nclose,31.320619787700814,0.019849570409489467,23.0
1689167520000.0,277270,1689167520000.0,0.04283574461416965,-0.000903442,1577.9410576523192,1578.2217121200042,-19.7,0.2293,118.2,0.22712559672009291,long_nclose,26.846245532314985,0.017013465364959304,7.0
1689169260000.0,277299,1689169260000.0,0.0,-0.010405824000000001,1577.9306518283192,1577.9283862960042,228.8,0.2274,347.0,0.22730652891157055,long_ientry_partial,78.87536553231499,0.049986585558068446,29.0
1689170520000.0,277320,1689170520000.0,0.1085768188772583,-0.0022720500000000003,1578.0369565971964,1578.8382642460042,-49.5,0.2295,297.5,0.22730652891157055,long_nclose,67.62369235119223,0.04285304730569348,21.0
1689171300000.0,277333,1689171300000.0,0.09322252125825208,-0.0019507500000000002,1578.1282283684545,1578.764063496004,-42.5,0.2295,255.0,0.22730652891157055,long_nclose,57.96316487245049,0.036729059040009455,13.0
1689172800000.0,277358,1689172800000.0,0.07984234761883237,-0.00167076,1578.2063999560733,1578.7077527360038,-36.4,0.2295,218.6,0.22730652891157055,long_nclose,49.68920722006932,0.031484606336314655,25.0
1689176400000.0,277418,1689176400000.0,0.0,-0.005831111999999999,1578.2005688440734,1578.160711624004,128.1,0.2276,346.7,0.22741496169619071,long_ientry_partial,78.84476722006931,0.04995864833442422,60.0
1689238860000.0,278459,1689238860000.0,0.10815939603855954,-0.00227304,1578.306455200112,1578.9558485840041,-49.5,0.2296,297.2,0.22741496169619071,long_nclose,67.58772661610787,0.042822942523882974,1041.0
1689238980000.0,278461,1689238980000.0,0.09264562408151363,-0.001947008,1578.3971538161936,1579.0048615760043,-42.4,0.2296,254.8,0.22741496169619071,long_nclose,57.945332240189394,0.0367115032487807,2.0
1689239340000.0,278467,1689239340000.0,0.07953539425865792,-0.0016714880000000003,1578.4750177224523,1578.9959100880042,-36.4,0.2296,218.4,0.22741496169619071,long_nclose,49.66742763444805,0.03146545056260194,6.0
1689240600000.0,278488,1689240600000.0,0.06817319507884964,-0.0014327040000000001,1578.541758213531,1578.9695173840041,-31.2,0.2296,187.2,0.22741496169619071,long_nclose,42.5720808295269,0.026969245892935145,21.0
1689244200000.0,278548,1689244200000.0,0.13681319507884987,-0.001446432,1578.67712497661,1579.3923909520042,-31.2,0.2318,156.0,0.22741496169619071,long_nclose,35.476734024605754,0.0224724444684225,60.0
1689244440000.0,278552,1689244440000.0,0.11401099589904157,-0.00120536,1578.789930612509,1579.385985592004,-26.0,0.2318,130.0,0.22741496169619071,long_nclose,29.563945020504793,0.0187256989972283,4.0
1689246000000.0,278578,1689246000000.0,0.0947168273622807,-0.0010013760000000002,1578.8836460638713,1579.3698242160042,-21.6,0.2318,108.4,0.22741496169619071,long_nclose,24.651781847867074,0.015613425289015772,26.0
1689247080000.0,278596,1689247080000.0,0.07893068946856724,-0.00083448,1578.9617422733397,1579.3581497360042,-18.0,0.2318,90.4,0.22741496169619071,long_nclose,20.55831253733564,0.01302014607886346,18.0
1689247260000.0,278599,1689247260000.0,0.06577557455713937,-0.0006954000000000001,1579.0268224478968,1579.342374336004,-15.0,0.2318,75.4,0.22741496169619071,long_nclose,17.14708811189278,0.010859276022499982,3.0
1689247560000.0,278604,1689247560000.0,0.05481297879761614,-0.0005795,1579.0810559266945,1579.3568748360042,-12.5,0.2318,62.9,0.22741496169619071,long_nclose,14.304401090690396,0.009058687036363538,5.0
1689249720000.0,278640,1689249720000.0,0.045604398359616626,-0.000482144,1579.1261781810542,1579.3616426920041,-10.4,0.2318,52.5,0.22741496169619071,long_nclose,11.939285489050013,0.00756069125698524,36.0
1689250200000.0,278648,1689250200000.0,0.03814983324314083,-0.000403332,1579.1639246822974,1579.3603693600044,-8.7,0.2318,43.8,0.22741496169619071,long_nclose,9.960775322293152,0.006307625932055851,8.0
1689250680000.0,278656,1689250680000.0,0.03201077961780782,-0.000338428,1579.1955970339152,1579.3593009320043,-7.3,0.2318,36.5,0.22741496169619071,long_nclose,8.300646101910962,0.00525624952190941,8.0
1689250800000.0,278658,1689250800000.0,0.026310229822855746,-0.00027816,1579.221629103738,1579.3584227720041,-6.0,0.2318,30.5,0.22741496169619071,long_nclose,6.936156331733817,0.0043921361029422585,2.0
1689261300000.0,278833,1689261300000.0,0.00939566470637992,-0.000197456,1579.2308273124443,1579.288075316004,-4.3,0.2296,26.2,0.22741496169619071,long_nclose,5.958271996440197,0.0037728949393547886,175.0
1689261420000.0,278835,1689261420000.0,0.008084641724094349,-0.00016990400000000002,1579.2387420501684,1579.2924054120042,-3.7,0.2296,22.5,0.22741496169619071,long_nclose,5.116836638164291,0.0032400652934347417,2.0
1689262020000.0,278845,1689262020000.0,0.016224641724094376,-0.00017153200000000004,1579.2547951598926,1579.3447538800042,-3.7,0.2318,18.8,0.22741496169619071,long_nclose,4.275401279888386,0.0027072270370757496,10.0
1689262320000.0,278850,1689262320000.0,0.024364641724094405,-0.00017316000000000003,1579.2789866416167,1579.3950307200043,-3.7,0.234,15.1,0.22741496169619071,long_nclose,3.43396592161248,0.002174388408038601,5.0
1689262440000.0,278852,1689262440000.0,0.019755114911427896,-0.00014040000000000002,1579.2986013565283,1579.3770703200043,-3.0,0.234,12.1,0.22741496169619071,long_nclose,2.7517210365239078,0.0017423690707763148,2.0
1689262500000.0,278853,1689262500000.0,0.015804091929142314,-0.00011232000000000001,1579.3142931284574,1579.3849580000044,-2.4,0.234,9.7,0.22741496169619071,long_nclose,2.2059251284530497,0.0013967613274007298,1.0
1689263040000.0,278862,1689263040000.0,0.021084091929142266,-0.000113376,1579.3352638443866,1579.4001246240045,-2.4,0.2362,7.3,0.22741496169619071,long_nclose,1.6601292203821922,0.0010511569382305429,9.0
1689263340000.0,278867,1689263340000.0,0.0158130689468567,-8.5032e-05,1579.3509918813336,1579.3976595920046,-1.8,0.2362,5.5,0.22741496169619071,long_nclose,1.250782289329049,0.0007919596693570368,5.0
1689263400000.0,278868,1689263400000.0,0.011420549794952063,-6.1412e-05,1579.3623510191287,1579.3996681800047,-1.3,0.2362,4.2,0.22741496169619071,long_nclose,0.955142839124001,0.0006047648524150698,1.0
1689264000000.0,278878,1689264000000.0,0.008785038303809278,-4.724e-05,1579.3710888174326,1579.3995209400048,-1.0,0.2362,3.2,0.22741496169619071,long_nclose,0.7277278774278103,0.0004607706716809048,10.0
1689264360000.0,278884,1689264360000.0,0.007028030643047423,-3.779200000000001e-05,1579.3780790560756,1579.4001231480047,-0.8,0.2362,2.4,0.22741496169619071,long_nclose,0.5457959080708576,0.00034557647425184965,6.0
1689265620000.0,278905,1689265620000.0,0.008788030643047428,-3.8144e-05,1579.3868289427187,1579.4040850040049,-0.8,0.2384,1.6,0.22741496169619071,long_nclose,0.36386393871390516,0.00023038303982659197,21.0
1689269460000.0,278969,1689269460000.0,0.005492519151904643,-2.3840000000000002e-05,1579.3922976218705,1579.4047111640048,-0.5,0.2384,1.1,0.22741496169619071,long_nclose,0.2501564578658098,0.00015838779145781355,64.0
1689270180000.0,278981,1689270180000.0,0.003295511491142786,-1.4304e-05,1579.3955788293617,1579.4045268600048,-0.3,0.2384,0.8,0.22741496169619071,long_nclose,0.18193196935695258,0.00011519088174971304,12.0
1689270480000.0,278986,1689270480000.0,0.002197007660761857,-9.536e-06,1579.3977663010223,1579.4045373240047,-0.2,0.2384,0.6,0.22741496169619071,long_nclose,0.1364489770177144,8.639304165744159e-05,5.0
1689271380000.0,279001,1689271380000.0,0.003925511491142783,-1.4429999999999999e-05,1579.4016773825135,1579.4056928940047,-0.3,0.2405,0.3,0.22741496169619071,long_nclose,0.0682244885088572,4.3196413860926904e-05,15.0
1689271560000.0,279004,1689271560000.0,0.0013085038303809278,-4.8100000000000005e-06,1579.4029810763438,1579.4057180840045,-0.1,0.2405,0.2,0.22741496169619071,long_nclose,0.045482992339238144,2.879758547007556e-05,3.0
1689271860000.0,279009,1689271860000.0,0.003057007660761857,-9.708000000000001e-06,1579.4060283760045,1579.4060283760045,-0.2,0.2427,0.0,0.22741496169619071,long_nclose,0.0,0.0,5.0
1689321300000.0,279833,1689321300000.0,0.0,-0.015796284,1579.3902320920045,1579.2271820920043,326.1,0.2422,326.1,0.2422,long_ientry_normal,78.98142,0.0500075398689683,824.0
1689324240000.0,279882,1689324240000.0,0.10694999999999984,-0.00227385,1579.4949082420046,1580.1659482420046,-46.5,0.2445,279.6,0.2422,long_nclose,67.71912,0.04287390839098819,49.0
1689344700000.0,280223,1689344700000.0,0.09176999999999985,-0.00195111,1579.5847271320047,1580.2079471320046,-39.9,0.2445,239.7,0.2422,long_nclose,58.055339999999994,0.03675354604460439,341.0
1689346860000.0,280259,1689346860000.0,0.07865999999999988,-0.0016723800000000002,1579.6617147520046,1580.0932647520046,-34.2,0.2445,205.5,0.2422,long_nclose,49.7721,0.03150807513734918,36.0
1689347040000.0,280262,1689347040000.0,0.0673899999999999,-0.00143277,1579.7276719820045,1580.1505519820046,-29.3,0.2445,176.2,0.2422,long_nclose,42.675639999999994,0.027014554949497734,3.0
1689347340000.0,280267,1689347340000.0,0.05772999999999991,-0.00122739,1579.7841745920045,1580.2072545920046,-25.1,0.2445,151.1,0.2422,long_nclose,36.59642,0.023165455502459,5.0
1689348240000.0,280282,1689348240000.0,0.11797000000000026,-0.0012394380000000003,1579.9009051540045,1580.4931051540045,-25.1,0.2469,126.0,0.2422,long_nclose,30.5172,0.019315895003570026,15.0
1689348300000.0,280283,1689348300000.0,0.0987000000000002,-0.00103698,1579.9985681740045,1580.6915681740045,-21.0,0.2469,105.0,0.2422,long_nclose,25.431,0.01609558420637714,1.0
1689348300000.0,280283,1689348300000.0,0.14700000000000013,-0.0010466400000000002,1580.1445215340045,1580.6989215340045,-21.0,0.2492,84.0,0.2422,long_nclose,20.3448,0.01287527800321028,0.0
1689348360000.0,280284,1689348360000.0,0.11760000000000011,-0.0008373120000000001,1580.2612842220046,1580.7652842220045,-16.8,0.2492,67.2,0.2422,long_nclose,16.275840000000002,0.010299461337504662,1.0
1689348600000.0,280288,1689348600000.0,0.09380000000000009,-0.000667856,1580.3544163660047,1580.7310163660047,-13.4,0.2492,53.8,0.2422,long_nclose,13.03036,0.008245213772973197,4.0
1689348660000.0,280289,1689348660000.0,0.07490000000000006,-0.0005332879999999999,1580.4287830780047,1580.7865130780046,-10.7,0.2492,43.1,0.2422,long_nclose,10.43882,0.006605055610079189,1.0
1689348720000.0,280290,1689348720000.0,0.09951000000000003,-0.00053821,1580.5277548680046,1580.8549948680047,-10.7,0.2515,32.4,0.2422,long_nclose,7.84728,0.00496497450034046,1.0
1689348780000.0,280291,1689348780000.0,0.12636000000000017,-0.000548424,1580.6535664440046,1580.8522864440047,-10.8,0.2539,21.6,0.2422,long_nclose,5.231520000000001,0.0033097195432705397,1.0
1689348960000.0,280294,1689348960000.0,0.030100000000000026,-0.00021431200000000003,1580.6834521320045,1580.8062821320045,-4.3,0.2492,17.3,0.2422,long_nclose,4.19006,0.0026507900708067156,3.0
1689349080000.0,280296,1689349080000.0,0.02380000000000002,-0.000169456,1580.7070826760043,1580.8141126760042,-3.4,0.2492,13.9,0.2422,long_nclose,3.36658,0.0021297937087120925,2.0
1689349680000.0,280306,1689349680000.0,0.018900000000000017,-0.00013456800000000003,1580.7258481080044,1580.8020081080044,-2.7,0.2492,11.2,0.2422,long_nclose,2.71264,0.0017160724000602643,10.0
1689349740000.0,280307,1689349740000.0,0.015400000000000014,-0.00010964800000000002,1580.7411384600043,1580.8059384600044,-2.2,0.2492,9.0,0.2422,long_nclose,2.1798,0.0013789734112465836,1.0
1689350160000.0,280314,1689350160000.0,0.012600000000000012,-8.971200000000001e-05,1580.7536487480043,1580.8047687480043,-1.8,0.2492,7.2,0.2422,long_nclose,1.74384,0.0011031699982987002,7.0
1689350400000.0,280318,1689350400000.0,0.009800000000000008,-6.977599999999999e-05,1580.7633789720044,1580.8057189720043,-1.4,0.2492,5.8,0.2422,long_nclose,1.40476,0.0008886592507687885,4.0
1689350640000.0,280322,1689350640000.0,0.013020000000000004,-7.042e-05,1580.7763285520045,1580.8124085520046,-1.4,0.2515,4.4,0.2422,long_nclose,1.0656800000000002,0.0006741497710660723,4.0
1689350820000.0,280325,1689350820000.0,0.005600000000000005,-3.9872e-05,1580.7818886800046,1580.8081686800047,-0.8,0.2492,3.6,0.2422,long_nclose,0.87192,0.0005515751453403079,3.0
1689350880000.0,280326,1689350880000.0,0.008370000000000002,-4.527e-05,1580.7902134100045,1580.8153234100046,-0.9,0.2515,2.7,0.2422,long_nclose,0.6539400000000001,0.0004136791804836343,1.0
1689350940000.0,280327,1689350940000.0,0.005580000000000002,-3.0180000000000002e-05,1580.7957632300045,1580.8148732300044,-0.6,0.2515,2.1,0.2422,long_nclose,0.5086200000000001,0.000321749344115617,1.0
1689351420000.0,280335,1689351420000.0,0.0028000000000000026,-1.9936e-05,1580.7985432940045,1580.8109532940045,-0.4,0.2492,1.7,0.2422,long_nclose,0.41174,0.0002604632966968914,8.0
1689351780000.0,280341,1689351780000.0,0.0021000000000000016,-1.4952e-05,1580.8006283420045,1580.8107083420045,-0.3,0.2492,1.4,0.2422,long_nclose,0.33908,0.00021449890259446456,6.0
1689352260000.0,280349,1689352260000.0,0.0,-0.015738244000000002,1580.7848900980046,1581.1437400980046,323.3,0.2434,324.7,0.24339482599322454,long_ientry_partial,79.03030000000001,0.049994341731783846,8.0
1689352380000.0,280351,1689352380000.0,0.11135955651370338,-0.0022761079999999998,1580.8939735465183,1581.7862939900047,-46.3,0.2458,278.4,0.24339482599322454,long_nclose,67.7611195565137,0.04286253264948626,2.0
1689354060000.0,280379,1689354060000.0,0.09548540806898542,-0.0019516520000000001,1580.9875073025873,1581.3945323380046,-39.7,0.2458,238.7,0.24339482599322454,long_nclose,58.098344964582694,0.036748136652709915,28.0
1689354300000.0,280383,1689354300000.0,0.0,-0.004180176000000001,1580.9833271265873,1580.8376021620045,85.8,0.2436,324.5,0.2434490753916262,long_ientry_partial,78.9992249645827,0.049968411183793165,4.0
1689358800000.0,280458,1689358800000.0,0.0,-0.015809612,1580.9675175145871,1578.6791325500044,334.1,0.2366,658.6,0.23997462035314715,long_rentry,158.04728496458273,0.09996871106690809,75.0
1689359400000.0,280468,1689359400000.0,0.0,-0.015809637999999997,1580.951707876587,1575.0625129120044,339.7,0.2327,998.3,0.23749922364477882,long_rentry,237.09547496458268,0.14997009319344176,10.0
1689359460000.0,280469,1689359460000.0,0.0,-0.022732511999999996,1580.9289753645871,1573.6412104000044,494.4,0.2299,1492.7,0.23498227035880126,long_rentry,350.75803496458263,0.22186830681858577,1.0
1689384900000.0,280893,1689384900000.0,0.49413995950357376,-0.010118472,1581.4129968520908,1584.5064819280046,-213.2,0.2373,1279.5,0.23498227035880126,long_nclose,300.6598149240862,0.19012099655344294,424.0
1689385920000.0,280910,1689385920000.0,0.42344920544701187,-0.008670942,1581.8277751155379,1585.0279409860048,-182.7,0.2373,1096.8,0.23498227035880126,long_nclose,257.7285541295332,0.16293085643328556,17.0
1689404760000.0,281224,1689404760000.0,0.3629564618117245,-0.007432236000000001,1582.1832993413495,1584.5504687500045,-156.6,0.2373,940.2,0.23498227035880126,long_nclose,220.93033059134495,0.1396363687338354,314.0
1689405660000.0,281239,1689405660000.0,0.3112710908129923,-0.006373878000000001,1582.4881965541626,1584.5978248720048,-134.3,0.2373,805.9,0.23498227035880126,long_nclose,189.37221168215794,0.11966737704237684,15.0
1689407220000.0,281265,1689407220000.0,0.6067310908129896,-0.0064329700000000005,1583.0884946749754,1586.1897619020044,-134.3,0.2395,671.6,0.23498227035880126,long_nclose,157.81409277297092,0.0996874737601904,26.0
1689410760000.0,281324,1689410760000.0,0.5055339468501381,-0.00536001,1583.5886686118256,1586.2851518920045,-111.9,0.2395,559.7,0.23498227035880126,long_nclose,131.5195767198211,0.08305160255731761,59.0
1689414000000.0,281378,1689414000000.0,0.42105240255972176,-0.00446428,1584.0052567343853,1586.1594276120045,-93.2,0.2395,466.5,0.23498227035880126,long_nclose,109.61922912238079,0.06920382912640949,54.0
1689415560000.0,281404,1689415560000.0,0.6360941755238413,-0.004511988,1584.636838921909,1587.2185356240043,-93.3,0.2418,373.2,0.23498227035880126,long_nclose,87.69538329790463,0.055340997472687344,26.0
1689416220000.0,281415,1689416220000.0,0.5086026312334251,-0.0036076559999999995,1585.1418338971423,1587.2373279680041,-74.6,0.2418,298.6,0.23498227035880126,long_nclose,70.16570592913806,0.044264623157810754,11.0
1689416520000.0,281420,1689416520000.0,0.40701845957956406,-0.002887092,1585.5459652647219,1587.1747208760044,-59.7,0.2418,238.9,0.23498227035880126,long_nclose,56.137264388717625,0.035405636681964614,5.0
1689416580000.0,281421,1689416580000.0,0.32520570388517933,-0.0023067720000000003,1585.8688641966069,1587.1915341040042,-47.7,0.2418,191.2,0.23498227035880126,long_nclose,44.928610092602796,0.0283305959949995,1.0
1689416760000.0,281424,1689416760000.0,0.26043727229379143,-0.0018473520000000002,1586.1274541169007,1587.2011667520042,-38.2,0.2418,153.0,0.23498227035880126,long_nclose,35.95228736489659,0.022666707692108858,3.0
1689416940000.0,281427,1689416940000.0,0.20862252702068107,-0.001479816,1586.3345968279214,1587.181326936004,-30.6,0.2418,122.4,0.23498227035880126,long_nclose,28.761829891917277,0.018130998308572625,3.0
1689417480000.0,281436,1689417480000.0,0.16635260324524895,-0.0011799839999999998,1586.4997694471667,1587.1973069520043,-24.4,0.2418,98.0,0.23498227035880126,long_nclose,23.028262495162522,0.014515137624751734,9.0
1689417720000.0,281440,1689417720000.0,0.13362750096749507,-0.0009478560000000001,1586.6324490921343,1587.1747990960043,-19.6,0.2418,78.4,0.23498227035880126,long_nclose,18.42260999613002,0.01161113905534415,4.0
1689418500000.0,281453,1689418500000.0,0.10635658240270014,-0.000754416,1586.7380512585369,1587.1724846800041,-15.6,0.2418,62.8,0.23498227035880126,long_nclose,14.756886578532718,0.009300140351980686,13.0
1689426240000.0,281582,1689426240000.0,0.046984388268466806,-0.0004981600000000001,1586.7845374868052,1587.021266520004,-10.4,0.2395,52.4,0.23498227035880126,long_nclose,12.313070966801186,0.007759762384818156,129.0
1689426300000.0,281583,1689426300000.0,0.039304247878428955,-0.0004167299999999999,1586.8234250046835,1587.029589790004,-8.7,0.2395,43.7,0.23498227035880126,long_nclose,10.268725214679616,0.006471246298024185,1.0
1689428760000.0,281624,1689428760000.0,0.0,-0.013785990000000001,1586.8096390146834,1586.9125638000037,289.5,0.2381,333.2,0.23769110208487282,long_ientry_partial,79.19867521467962,0.04991063405933014,41.0
1689532740000.0,283357,1689532740000.0,0.0,-0.0158697,1586.7937693146835,1585.3086641000039,343.5,0.231,676.7,0.23429462866067624,long_rentry,158.5471752146796,0.09991668626424854,1733.0
1689568740000.0,283957,1689568740000.0,0.22269887137867558,-0.0045711120000000004,1587.0118970740623,1588.871332988004,-96.6,0.2366,580.1,0.23429462866067624,long_nclose,135.91431408605828,0.08564164788974828,600.0
1689569280000.0,283966,1689569280000.0,0.19088474689600765,-0.003918096,1587.1988637249583,1588.395054892004,-82.8,0.2366,497.3,0.23429462866067624,long_nclose,116.5147188329543,0.07340902359236116,9.0
1689570000000.0,283978,1689570000000.0,0.37304474689600825,-0.003954528,1587.5679539438545,1589.6841303640042,-82.8,0.2388,414.5,0.23429462866067624,long_nclose,97.1151235798503,0.061172262477707365,12.0
1689570360000.0,283984,1689570360000.0,0.31087062241334024,-0.00329544,1587.8755291262678,1589.466684924004,-69.0,0.2388,345.5,0.23429462866067624,long_nclose,80.94879420226364,0.050979307078814866,6.0
1689570600000.0,283988,1689570600000.0,0.2590588520111169,-0.0027462000000000003,1588.1318417782788,1589.515788724004,-57.5,0.2388,288.0,0.23429462866067624,long_nclose,67.47685305427476,0.042488193536072486,4.0
1689570900000.0,283993,1689570900000.0,0.21625782428754103,-0.0022924800000000004,1588.3458071225664,1589.4750962440041,-48.0,0.2388,240.0,0.23429462866067624,long_nclose,56.2307108785623,0.035402058308970745,5.0
1689571020000.0,283995,1689571020000.0,0.18021485357295086,-0.0019104,1588.5241115761394,1589.465185844004,-40.0,0.2388,200.0,0.23429462866067624,long_nclose,46.85892573213525,0.029498403826959636,2.0
1689571620000.0,284005,1689571620000.0,0.1500288655994816,-0.001590408,1588.6725500337388,1589.4402654360042,-33.3,0.2388,166.7,0.23429462866067624,long_nclose,39.056914597734725,0.024584622297971516,10.0
1689572640000.0,284022,1689572640000.0,0.12479878609926846,-0.001322952,1588.7960258678381,1589.4361724840041,-27.7,0.2388,139.0,0.23429462866067624,long_nclose,32.566953383834,0.02049788195186676,17.0
1689573660000.0,284039,1689573660000.0,0.04564635251861053,-0.0009369360000000001,1588.8407352843567,1589.151295548004,-19.8,0.2366,119.2,0.23429462866067624,long_nclose,27.92791973635261,0.01757754513472637,17.0
1689574860000.0,284059,1689574860000.0,0.08920635251861068,-0.0009456480000000001,1588.9289959888754,1589.3967099000042,-19.8,0.2388,99.4,0.23429462866067624,long_nclose,23.28888608887122,0.014656970920451547,20.0
1689576960000.0,284094,1689576960000.0,0.032736273018397447,-0.000671944,1588.9610603178937,1589.1745179560041,-14.2,0.2366,85.2,0.23429462866067624,long_nclose,19.961902361889617,0.012562864415252544,35.0
1689577080000.0,284096,1689577080000.0,0.027894993205817543,-0.000572572,1588.9883827390995,1589.178835384004,-12.1,0.2366,73.1,0.23429462866067624,long_nclose,17.126937355095432,0.010778516407761273,2.0
1689578760000.0,284124,1689578760000.0,0.023975861928967147,-0.0004921280000000001,1589.0118664730285,1589.168953256004,-10.4,0.2366,62.7,0.23429462866067624,long_nclose,14.690273217024401,0.00924491095817361,28.0
1689579300000.0,284133,1689579300000.0,0.0205178049199815,-0.000421148,1589.0319631299485,1589.155992108004,-8.9,0.2366,53.8,0.23429462866067624,long_nclose,12.605051021944382,0.007932534596167566,9.0
1689579420000.0,284135,1689579420000.0,0.017520822178860605,-0.00035963200000000003,1589.0491243201272,1589.164872476004,-7.6,0.2366,46.2,0.23429462866067624,long_nclose,10.824411844123244,0.006811879934016801,2.0
1689579540000.0,284137,1689579540000.0,0.015215450839536841,-0.000312312,1589.0640274589668,1589.151360164004,-6.6,0.2366,39.6,0.23429462866067624,long_nclose,9.27806729496278,0.005838699470026459,2.0
1689579600000.0,284138,1689579600000.0,0.012910079500213077,-0.00026499199999999997,1589.076672546467,1589.158455172004,-5.6,0.2366,34.0,0.23429462866067624,long_nclose,7.966017374462992,0.005012984906321475,1.0
1689580320000.0,284150,1689580320000.0,0.011065782428754067,-0.00022713600000000002,1589.0875111928958,1589.1606680360042,-4.8,0.2366,29.2,0.23429462866067624,long_nclose,6.841403156891746,0.00430524002529983,12.0
1689580800000.0,284158,1689580800000.0,0.009452022491227431,-0.000194012,1589.0967692033869,1589.149614024004,-4.1,0.2366,25.1,0.23429462866067624,long_nclose,5.880795179382974,0.0037007155846972193,8.0
1689581640000.0,284172,1689581640000.0,0.008068799687633174,-0.00016562000000000003,1589.1046723830746,1589.1587884040039,-3.5,0.2366,21.6,0.23429462866067624,long_nclose,5.060763979070607,0.003184663708452456,14.0
1689582360000.0,284184,1689582360000.0,0.006916114017971292,-0.00014196,1589.1114465370924,1589.163626444004,-3.0,0.2366,18.6,0.23429462866067624,long_nclose,4.357880093088578,0.002742337614259239,12.0
1689585120000.0,284230,1689585120000.0,0.0,-0.015020352,1589.0964261850925,1588.996686092004,320.4,0.2344,339.0,0.23439421856368312,long_ientry_partial,79.45964009308858,0.05000303240492808,46.0
1689589500000.0,284303,1689589500000.0,0.0,-0.015891328000000003,1589.0805348570925,1587.9455747640038,348.8,0.2278,687.8,0.2310501309873344,long_rentry,158.9162800930886,0.10000517696063786,73.0
1689592500000.0,284353,1689592500000.0,0.22093713704376253,-0.004582012000000001,1589.2968899821365,1590.505492752004,-98.2,0.2333,589.6,0.2310501309873344,long_nclose,136.22715723013238,0.08571536135810569,50.0
1689593100000.0,284363,1689593100000.0,0.18943897086644404,-0.0039287720000000005,1589.4824001810027,1590.518403980004,-84.2,0.2333,505.4,0.2310501309873344,long_nclose,116.7727362009988,0.07346588813295528,10.0
1689593340000.0,284367,1689593340000.0,0.16244054271445676,-0.0033688520000000007,1589.6414718717172,1590.659435128004,-72.2,0.2333,433.2,0.2310501309873344,long_nclose,100.09091674371327,0.06296445992055152,4.0
1689599580000.0,284471,1689599580000.0,0.13904190498273447,-0.0028835880000000003,1589.7776301887,1590.687511540004,-61.8,0.2333,371.4,0.2310501309873344,long_nclose,85.812018648696,0.053977372067130214,104.0
1689600120000.0,284480,1689600120000.0,0.11924305767127713,-0.00247298,1589.8944002663713,1590.738118560004,-53.0,0.2333,318.4,0.2310501309873344,long_nclose,73.56636170636727,0.04627122511661274,9.0
1689601800000.0,284508,1689601800000.0,0.23584305767127606,-0.0024963,1590.1277470240425,1591.361822260004,-53.0,0.2355,265.4,0.2310501309873344,long_nclose,61.320704764038545,0.038563382645703484,28.0
1689602160000.0,284514,1689602160000.0,0.19668421035981892,-0.0020818200000000003,1590.3223494144022,1591.2624204400038,-44.2,0.2355,221.2,0.2310501309873344,long_nclose,51.10828897439837,0.0321370626484736,6.0
1689602220000.0,284515,1689602220000.0,0.16375517966609354,-0.00173328,1590.4843713140683,1591.3602471600038,-36.8,0.2355,184.4,0.2310501309873344,long_nclose,42.605644154064464,0.026787842070314347,1.0
1689602400000.0,284518,1689602400000.0,0.13661097868883348,-0.0014459699999999998,1590.619536322757,1591.2573711900038,-30.7,0.2355,153.7,0.2310501309873344,long_nclose,35.512405132753294,0.02232614671315553,3.0
1689602460000.0,284519,1689602460000.0,0.11391664672423901,-0.0012057600000000002,1590.7322472094813,1591.3150854300038,-25.6,0.2355,128.1,0.2310501309873344,long_nclose,29.597521779477535,0.01860622479452375,1.0
1689602640000.0,284522,1689602640000.0,0.09478220996977699,-0.00100323,1590.826026189451,1591.3119522000038,-21.3,0.2355,106.8,0.2310501309873344,long_nclose,24.676153989447315,0.015511535254772502,3.0
1689603180000.0,284531,1689603180000.0,0.07920766842544744,-0.0008383799999999999,1590.9043954778765,1591.3004338200037,-17.8,0.2355,89.0,0.2310501309873344,long_nclose,20.56346165787276,0.012925642619584253,9.0
1689603240000.0,284532,1689603240000.0,0.06585806138745068,-0.00069708,1590.969556459264,1591.3145767400038,-14.8,0.2355,74.2,0.2310501309873344,long_nclose,17.143919719260214,0.010775768555505466,1.0
1689603540000.0,284537,1689603540000.0,0.05473338885578671,-0.0005793300000000001,1591.0237105181197,1591.3053474100038,-12.3,0.2355,61.9,0.2310501309873344,long_nclose,14.302003108115999,0.008989182884935465,5.0
1689605760000.0,284574,1689605760000.0,0.04583365083045554,-0.00048513000000000007,1591.0690590389502,1591.3038322800037,-10.3,0.2355,51.6,0.2310501309873344,long_nclose,11.922186758946456,0.007493192511799448,37.0
1689609540000.0,284637,1689609540000.0,0.03826887350892404,-0.00040505999999999995,1591.106922852459,1591.3025672200038,-8.6,0.2355,43.0,0.2310501309873344,long_nclose,9.935155632455379,0.0062441784959643785,63.0
1689610140000.0,284647,1689610140000.0,0.03159406998992566,-0.00033441,1591.138182512449,1591.2979328100037,-7.1,0.2355,35.9,0.2310501309873344,long_nclose,8.294699702445305,0.005213060558541658,10.0
1689610260000.0,284649,1689610260000.0,0.02625422717472696,-0.00027789000000000004,1591.1641588496238,1591.2976549200039,-5.9,0.2355,30.0,0.2310501309873344,long_nclose,6.931503929620032,0.004356246897008637,2.0
1689610320000.0,284650,1689610320000.0,0.02224934506332793,-0.0002355,1591.1861726946872,1591.3024194200038,-5.0,0.2355,25.0,0.2310501309873344,long_nclose,5.77625327468336,0.0036301555241026423,1.0
1689610440000.0,284652,1689610440000.0,0.0182444629519289,-0.00019311,1591.2042240476392,1591.2993163100039,-4.1,0.2355,20.9,0.2310501309873344,long_nclose,4.828947737635288,0.0030347755898684154,2.0
1689610980000.0,284661,1689610980000.0,0.015129554643062992,-0.00016014,1591.2191934622822,1591.2988161700039,-3.4,0.2355,17.5,0.2310501309873344,long_nclose,4.043377292278352,0.0025410561341209685,9.0
1689611520000.0,284670,1689611520000.0,0.0,-0.01509451,1591.2040989522823,1591.141171660004,323.5,0.2333,341.0,0.23318453751401277,long_ientry_partial,79.51592729227836,0.04997217349090233,9.0
1689630480000.0,284986,1689630480000.0,0.10789302306757782,-0.002292796,1591.30969917935,1592.015738864004,-48.7,0.2354,292.3,0.23318453751401277,long_nclose,68.15984031534593,0.04283254249659665,316.0
1689638880000.0,285126,1689638880000.0,0.21990302306757764,-0.002315198,1591.5272870044178,1592.7003336660043,-48.7,0.2377,243.6,0.23318453751401277,long_nclose,56.80375333841351,0.035691347425987195,140.0
1689639120000.0,285130,1689639120000.0,0.18332777693108115,-0.001930124,1591.7086846573488,1592.6456235420042,-40.6,0.2377,203.0,0.23318453751401277,long_nclose,47.33646111534459,0.029739399911319093,4.0
1689639780000.0,285141,1689639780000.0,0.15262263202636805,-0.001606852,1591.8597004373753,1592.5898766900043,-33.8,0.2377,169.2,0.23318453751401277,long_nclose,39.45482374737096,0.024785365027163168,11.0
1689640020000.0,285145,1689640020000.0,0.12733604210483962,-0.001340628,1591.9856958514802,1592.6364760620042,-28.2,0.2377,141.0,0.23318453751401277,long_nclose,32.8790197894758,0.020652836187633153,4.0
1689641640000.0,285172,1689641640000.0,0.10611336842069968,-0.00111719,1592.0906920299008,1592.6330088720042,-23.5,0.2377,117.5,0.23318453751401277,long_nclose,27.399183157896502,0.017209561801383815,27.0
1689642120000.0,285180,1689642120000.0,0.0880515184767508,-0.0009270300000000001,1592.1778165183775,1592.6301318420044,-19.5,0.2377,98.0,0.23318453751401277,long_nclose,22.852084676373252,0.014352721435564283,8.0
1689646560000.0,285254,1689646560000.0,0.0736020385215917,-0.0007749020000000001,1592.250643654899,1592.627726940004,-16.3,0.2377,81.7,0.23318453751401277,long_nclose,19.051176714894844,0.011964935791242144,74.0
1689654960000.0,285394,1689654960000.0,0.0614102898094262,-0.0006465440000000001,1592.3114074007085,1592.6257203960042,-13.6,0.2377,68.1,0.23318453751401277,long_nclose,15.879867004704268,0.009972840068153872,140.0
1689658920000.0,285460,1689658920000.0,0.0,-0.012716308,1592.2986910927084,1592.4833840880042,270.1,0.2354,338.2,0.2349538941593858,long_ientry_partial,79.46140700470427,0.04990358118687783,66.0
1689681000000.0,285828,1689681000000.0,0.0,-0.015921642,1592.2827694507084,1589.963732446004,348.7,0.2283,686.9,0.23157609114092922,long_rentry,159.06961700470427,0.09990035693194035,368.0
1689698880000.0,286126,1689698880000.0,0.0,-0.01592414,1592.2668453107085,1587.5791083060042,354.5,0.2246,1041.4,0.2292013798777648,long_rentry,238.69031700470427,0.1499059769457972,298.0
1689735000000.0,286728,1689735000000.0,0.32693481217637516,-0.0068818360000000005,1592.586898286885,1594.6388764700043,-148.7,0.2314,892.7,0.2292013798777648,long_nclose,204.60807181688062,0.12847529515467795,602.0
1689738300000.0,286783,1689738300000.0,0.2803240655849888,-0.0059007,1592.86132165247,1594.6202257700045,-127.5,0.2314,765.2,0.2292013798777648,long_nclose,175.38489588246563,0.11010682066190007,55.0
1689740220000.0,286815,1689740220000.0,0.24030917936030805,-0.005058404,1593.0965724278303,1594.6042373660043,-109.3,0.2314,655.9,0.2292013798777648,long_nclose,150.33318506182593,0.09436539357606097,32.0
1689740340000.0,286817,1689740340000.0,0.20601070545343886,-0.004336436,1593.298246697284,1594.8716309300046,-93.7,0.2314,562.2,0.2292013798777648,long_nclose,128.85701576727936,0.08087438496488934,2.0
1689744060000.0,286879,1689744060000.0,0.17654919581548706,-0.003716284,1593.4710796090997,1594.6269746460048,-80.3,0.2314,481.9,0.2292013798777648,long_nclose,110.45214496309485,0.0693154374600826,62.0
1689848520000.0,288620,1689848520000.0,0.15126506440978219,-0.003184064,1593.6191606095094,1594.6100305820048,-68.8,0.2314,413.1,0.2292013798777648,long_nclose,94.68309002750463,0.05941387526445861,1741.0
1689849480000.0,288636,1689849480000.0,0.12971858721187718,-0.00273052,1593.7461486767215,1594.595500062005,-59.0,0.2314,354.1,0.2292013798777648,long_nclose,81.16020861471651,0.050924175523249654,16.0
1689849900000.0,288643,1689849900000.0,0.11103031617287792,-0.0023371399999999997,1593.8548418528944,1594.613422922005,-50.5,0.2314,303.6,0.2292013798777648,long_nclose,69.5855389308894,0.043658642621428774,7.0
1689870840000.0,288992,1689870840000.0,0.0,-0.015939112000000002,1593.8389027408944,1592.2260938100048,357.7,0.2228,661.3,0.2257388461074995,long_rentry,149.2810989308894,0.09366134725044893,349.0
1689908280000.0,289616,1689908280000.0,0.2040129274520462,-0.004302752000000001,1594.0386129163464,1595.3204610580049,-94.4,0.2279,566.9,0.2257388461074995,long_nclose,127.97135185834146,0.08028121202422671,624.0
1689908760000.0,289624,1689908760000.0,0.17483734990328959,-0.003687422,1594.2097628442498,1595.308683636005,-80.9,0.2279,486.0,0.2257388461074995,long_nclose,109.70907920824476,0.06881721700945514,8.0
1689950340000.0,290317,1689950340000.0,0.14998408013953396,-0.0031632520000000005,1594.3565836723894,1595.0902803840052,-69.4,0.2279,416.6,0.2257388461074995,long_nclose,94.04280328838429,0.058984799417812254,693.0
1689950400000.0,290318,1689950400000.0,0.1285886566037791,-0.0027120100000000004,1594.4824603189932,1595.254208374005,-59.5,0.2279,357.1,0.2257388461074995,long_nclose,80.61134194498808,0.05055643066080572,1.0
1689950460000.0,290319,1689950460000.0,0.11021884851752495,-0.00232458,1594.5903545875105,1595.251883794005,-51.0,0.2279,306.1,0.2257388461074995,long_nclose,69.0986607935056,0.04333317368609073,1.0
1689950520000.0,290320,1689950520000.0,0.09444242510227138,-0.0019918460000000002,1594.6828051666128,1595.1974119480049,-43.7,0.2279,262.4,0.2257388461074995,long_nclose,59.23387321860786,0.03714461147175854,1.0
1689950580000.0,290321,1689950580000.0,0.08082715557951829,-0.001704692,1594.7619276301923,1595.1806872560048,-37.4,0.2279,225.0,0.2257388461074995,long_nclose,50.79124037418739,0.031848791656108134,1.0
1689950940000.0,290327,1689950940000.0,0.0693730399492657,-0.001463118,1594.8298375521417,1595.323884138005,-32.1,0.2279,192.9,0.2257388461074995,long_nclose,43.54502341413666,0.027303868029565248,6.0
1689951600000.0,290338,1689951600000.0,0.05943173204376345,-0.00125345,1594.8880158341856,1595.245470688005,-27.5,0.2279,165.4,0.2257388461074995,long_nclose,37.337205146180416,0.023410549690945966,11.0
1689951720000.0,290340,1689951720000.0,0.05100323186301155,-0.0010756880000000002,1594.9379433780487,1595.2727550000052,-23.6,0.2279,141.8,0.2257388461074995,long_nclose,32.00976837804343,0.020069601147143908,2.0
1689952020000.0,290345,1689952020000.0,0.04365530862850988,-0.000920716,1594.980677970677,1595.243474284005,-20.2,0.2279,121.6,0.2257388461074995,long_nclose,27.449843686671937,0.017210141831684678,5.0
1689952080000.0,290346,1689952080000.0,0.037387962340258464,-0.000788534,1595.0172773990173,1595.263545750005,-17.3,0.2279,104.3,0.2257388461074995,long_nclose,23.5445616490122,0.014761320759738815,1.0
1689953040000.0,290362,1689953040000.0,0.03220119299825729,-0.000679142,1595.0487994500154,1595.2777666080049,-14.9,0.2279,89.4,0.2257388461074995,long_nclose,20.181052842010455,0.012652310605775216,16.0
1689953460000.0,290369,1689953460000.0,0.0649811929982574,-0.000685698,1595.1130949450135,1595.4678009100048,-14.9,0.2301,74.5,0.2257388461074995,long_nclose,16.817544035008712,0.010543167182505291,7.0
1689953640000.0,290372,1689953640000.0,0.05407830826700616,-0.000570648,1595.1666026052806,1595.5616302620049,-12.4,0.2301,62.1,0.2257388461074995,long_nclose,14.01838234327572,0.008788036510029998,3.0
1689953640000.0,290372,1689953640000.0,0.08135830826700625,-0.000576104,1595.2473848095476,1595.5635341580048,-12.4,0.2323,49.7,0.2257388461074995,long_nclose,11.219220651542726,0.0070329033342262206,0.0
1689957000000.0,290428,1689957000000.0,0.03576146191850407,-0.000377364,1595.282768907466,1595.4720567940049,-8.2,0.2301,41.5,0.2257388461074995,long_nclose,9.36816211346123,0.0058724147819117,56.0
1689957240000.0,290432,1689957240000.0,0.030091961858253427,-0.000317538,1595.3125433313244,1595.463439256005,-6.9,0.2301,34.6,0.2257388461074995,long_nclose,7.810564075319483,0.004895946006297612,4.0
1689957300000.0,290433,1689957300000.0,0.02485857718725283,-0.00026231400000000004,1595.3371395945114,1595.4747369420047,-5.7,0.2301,28.9,0.2257388461074995,long_nclose,6.5238526525067355,0.004089325378687611,1.0
1689957720000.0,290440,1689957720000.0,0.037398577187252875,-0.00026482200000000006,1595.3742733496988,1595.5288121200049,-5.7,0.2323,23.2,0.2257388461074995,long_nclose,5.2371412296939885,0.003282703825164436,7.0
1689957840000.0,290442,1689957840000.0,0.05023469257650287,-0.000271904,1595.424236138275,1595.5471002160045,-5.8,0.2344,17.4,0.2257388461074995,long_nclose,3.927855922270491,0.0024619507672629243,2.0
1689958140000.0,290447,1689958140000.0,0.022307923234501714,-0.000157964,1595.4463860975095,1595.5466422520044,-3.4,0.2323,14.0,0.2257388461074995,long_nclose,3.1603438455049933,0.00198085242665863,5.0
1689958260000.0,290449,1689958260000.0,0.030314038623751732,-0.00016408000000000001,1595.4765360561332,1595.5800781720045,-3.5,0.2344,10.5,0.2257388461074995,long_nclose,2.370257884128745,0.0014856112456456412,2.0
1689959340000.0,290467,1689959340000.0,0.01377842317425106,-9.756600000000001e-05,1595.4902169133074,1595.5520506060045,-2.1,0.2323,8.4,0.2257388461074995,long_nclose,1.896206307302996,0.0011884788055745428,18.0
1689959760000.0,290474,1689959760000.0,0.010497846228000807,-7.4336e-05,1595.5006404235355,1595.5452562700045,-1.6,0.2323,6.8,0.2257388461074995,long_nclose,1.5350241535309965,0.0009620956047523208,7.0
1689961200000.0,290498,1689961200000.0,0.004797269281750546,-5.0622000000000004e-05,1595.5053870708173,1595.5313856480045,-1.1,0.2301,5.7,0.2257388461074995,long_nclose,1.2867114228127472,0.0008064600929834629,24.0
1689961440000.0,290502,1689961440000.0,0.003925038503250447,-4.1418e-05,1595.5092706913206,1595.5302042300045,-0.9,0.2301,4.8,0.2257388461074995,long_nclose,1.0835464613159975,0.0006791226357754136,4.0
1689961620000.0,290505,1689961620000.0,0.0034889231140003973,-3.681600000000001e-05,1595.5127227984347,1595.5305674140047,-0.8,0.2301,4.0,0.2257388461074995,long_nclose,0.902955384429998,0.0005659343053349445,3.0
1689962520000.0,290520,1689962520000.0,0.005248923114000404,-3.7168e-05,1595.5179345535487,1595.5389302460046,-0.8,0.2323,3.2,0.2257388461074995,long_nclose,0.7223643075439985,0.0004527459653696262,15.0
1689965220000.0,290565,1689965220000.0,0.0021805769462502483,-2.301e-05,1595.520092120495,1595.532407236005,-0.5,0.2301,2.7,0.2257388461074995,long_nclose,0.6094948844902487,0.00038200389170919895,45.0
1689965700000.0,290573,1689965700000.0,0.0017444615570001987,-1.8408000000000004e-05,1595.5218181740522,1595.532768828005,-0.4,0.2301,2.3,0.2257388461074995,long_nclose,0.5191993460472488,0.00032541037053409347,8.0
1689966120000.0,290580,1689966120000.0,0.001308346167750149,-1.3806e-05,1595.52311271422,1595.5314350220049,-0.3,0.2301,2.0,0.2257388461074995,long_nclose,0.451477692214999,0.0002829653100085582,7.0
1689966840000.0,290592,1689966840000.0,0.0,-0.01586372,1595.50724899422,1595.651171302005,348.5,0.2276,350.5,0.22758938000631954,long_ientry_partial,79.770077692215,0.04999668772580047,12.0
1689967860000.0,290609,1689967860000.0,0.11053099968402341,-0.002298,1595.6154819939038,1596.2797733020047,-50.0,0.2298,300.5,0.22758938000631954,long_nclose,68.39060869189902,0.042861585052081055,17.0
1689968220000.0,290615,1689968220000.0,0.09483559772889208,-0.001971684,1595.7083459076327,1596.2778016180048,-42.9,0.2298,257.6,0.22758938000631954,long_nclose,58.62702428962792,0.03674043846419885,6.0
1689968520000.0,290620,1689968520000.0,0.08135081576744123,-0.0016913280000000002,1595.7880053954,1596.3423502900046,-36.8,0.2298,220.8,0.22758938000631954,long_nclose,50.251735105395355,0.03149023237140081,5.0
1689975960000.0,290744,1689975960000.0,0.0,-0.005876442,1595.7821289534,1595.9040838480046,128.7,0.2283,349.5,0.22785105895678215,long_ientry_partial,79.63394510539536,0.049902767840634736,124.0
1689996060000.0,291079,1689996060000.0,0.11222215805657072,-0.002296398,1595.8920547134564,1596.8354774500044,-49.9,0.2301,299.6,0.22785105895678215,long_nclose,68.26417726345194,0.04277493396989737,335.0
1689996960000.0,291094,1689996960000.0,0.09625467664972398,-0.0019696559999999998,1595.9863397341062,1596.5381877940044,-42.8,0.2301,256.8,0.22785105895678215,long_nclose,58.51215194010166,0.03666206312884224,15.0
1689997080000.0,291096,1689997080000.0,0.08231124218177333,-0.0016843320000000002,1596.066966644288,1596.5842034620046,-36.6,0.2301,220.2,0.22785105895678215,long_nclose,50.172803182283424,0.03143527447834545,2.0
1689997680000.0,291106,1689997680000.0,0.07061674875704049,-0.0014450280000000001,1596.1361383650449,1596.6173784340044,-31.4,0.2301,188.8,0.22785105895678215,long_nclose,43.018279931040475,0.026951510524099144,10.0
1690001580000.0,291171,1690001580000.0,0.0,-0.007342128000000002,1596.128796237045,1596.2135563060044,160.8,0.2283,349.6,0.22805755129016153,long_ientry_partial,79.72891993104048,0.04995143256547058,65.0
1690067880000.0,292276,1690067880000.0,0.0,-0.015959632,1596.112836605045,1594.1391566740044,360.1,0.2216,709.7,0.22478100596173098,long_rentry,159.52707993104048,0.09994724450080664,1105.0
1690123440000.0,293202,1690123440000.0,0.22478409607665262,-0.0045990200000000005,1596.3330216811219,1597.6830576540046,-101.3,0.227,608.4,0.22478100596173098,long_nclose,136.75676402711713,0.08566931972822098,926.0
1690130220000.0,293315,1690130220000.0,0.19283058192557861,-0.003945260000000001,1596.5219070030475,1597.731262394005,-86.9,0.227,521.5,0.22478100596173098,long_nclose,117.22329460904271,0.07342416918605987,113.0
1690130700000.0,293323,1690130700000.0,0.16531505585104264,-0.0033823000000000004,1596.6838397588986,1597.8098300940048,-74.5,0.227,447.0,0.22478100596173098,long_nclose,100.47710966489375,0.06292861940662337,8.0
1690130880000.0,293326,1690130880000.0,0.14157181964156404,-0.00289652,1596.8225150585401,1597.7111535740048,-63.8,0.227,383.2,0.22478100596173098,long_nclose,86.13608148453531,0.05394217621072153,3.0
1690134000000.0,293378,1690134000000.0,0.12137897389331588,-0.0024833800000000003,1596.9414106524334,1597.7032001940047,-54.7,0.227,328.5,0.22478100596173098,long_nclose,73.84056045842863,0.046238741112149456,52.0
1690134420000.0,293385,1690134420000.0,0.10407082039481745,-0.00212926,1597.0433522128283,1597.6963809340048,-46.9,0.227,281.6,0.22478100596173098,long_nclose,63.29833127882345,0.0396346982009716,7.0
1690141200000.0,293498,1690141200000.0,0.08920356033841496,-0.0018250800000000002,1597.1307306931667,1597.6905358540048,-40.2,0.227,241.4,0.22478100596173098,long_nclose,54.26213483916186,0.03397476098629176,113.0
1690141680000.0,293506,1690141680000.0,0.07633339491645459,-0.00156176,1597.2055023280832,1597.6855340940049,-34.4,0.227,207.0,0.22478100596173098,long_nclose,46.529668234078315,0.02913192332874935,8.0
1690142100000.0,293513,1690142100000.0,0.06546032412893635,-0.0013393,1597.2696233522122,1597.7167447940049,-29.5,0.227,177.5,0.22478100596173098,long_nclose,39.89862855820725,0.024979269607889643,7.0
1690146960000.0,293594,1690146960000.0,0.056140549168206426,-0.0011486200000000002,1597.3246152813804,1597.6927861740048,-25.3,0.227,152.2,0.22478100596173098,long_nclose,34.21166910737545,0.021418106739279675,81.0
1690148220000.0,293615,1690148220000.0,0.0,-0.009094734,1597.3155205473804,1597.521181440005,201.3,0.2259,353.5,0.22541821529667738,long_ientry_partial,79.68533910737546,0.04988703739638632,21.0
1690182660000.0,294189,1690182660000.0,0.11018012751779203,-0.00229876,1597.4234019148982,1598.175382680005,-50.5,0.2276,303.0,0.22541821529667738,long_nclose,68.30171923489324,0.04275742996691867,574.0
1690184880000.0,294226,1690184880000.0,0.2212801275177924,-0.0023209800000000003,1597.642361062416,1598.723511700005,-50.5,0.2298,252.5,0.22541821529667738,long_nclose,56.91809936241104,0.03562630833383829,37.0
1690184940000.0,294227,1690184940000.0,0.18403495753955013,-0.0019303200000000001,1597.8244656999557,1598.746831380005,-42.0,0.2298,210.5,0.22541821529667738,long_nclose,47.45053431995059,0.029696963176217252,1.0
1690185000000.0,294228,1690185000000.0,0.15336246461629177,-0.0016086,1597.976219564572,1598.692572780005,-35.0,0.2298,175.5,0.22541821529667738,long_nclose,39.56089678456688,0.024756874539313682,1.0
1690189560000.0,294304,1690189560000.0,0.05454461758306536,-0.001138,1598.029626182155,1598.403134780005,-25.0,0.2276,150.5,0.22541821529667738,long_nclose,33.92544140214994,0.021229544713261078,76.0
1690191540000.0,294337,1690191540000.0,0.04690837112143621,-0.00097868,1598.0755558732765,1598.369906100005,-21.5,0.2276,129.0,0.22541821529667738,long_nclose,29.078949773271383,0.018196229625313958,33.0
1690192200000.0,294348,1690192200000.0,0.0,-0.01016554,1598.0653903332766,1596.4323405600053,225.5,0.2254,354.5,0.22540662841543407,long_ientry_partial,79.90664977327138,0.05000211521795541,11.0
1690192260000.0,294349,1690192260000.0,0.0,-0.01598262,1598.0494077132767,1596.9292979400052,364.9,0.219,719.4,0.222157005523035,long_rentry,159.81974977327138,0.10000926692370851,1.0
1690316400000.0,296418,1690316400000.0,0.0,-0.01598148,1598.0334262332767,1593.1353564600054,370.8,0.2155,1090.2,0.21989281762362078,long_rentry,239.72714977327138,0.15001385192444444,2069.0
1690335300000.0,296733,1690335300000.0,0.0,-0.022988942000000002,1598.0104372912767,1590.5498775180054,539.9,0.2129,1630.1,0.21757674975355584,long_rentry,354.67185977327136,0.22194589690819627,315.0
1690389300000.0,297633,1690389300000.0,0.49429265737220135,-0.010229232000000001,1598.4945007166489,1601.6010482860054,-232.8,0.2197,1397.3,0.21757674975355584,long_nclose,304.0199924306436,0.19019145345469946,900.0
1690389720000.0,297640,1690389720000.0,0.42380074919025507,-0.008770424,1598.909531041839,1601.5723178620053,-199.6,0.2197,1197.7,0.21757674975355584,long_nclose,260.59167317983383,0.1629808742274705,7.0
1690389960000.0,297644,1690389960000.0,0.3632881171665964,-0.007518134000000001,1599.2653010250056,1601.547689728005,-171.1,0.2197,1026.6,0.21757674975355584,long_nclose,223.36429129700042,0.13966681522686772,4.0
1690390920000.0,297660,1690390920000.0,0.3112684861287144,-0.006441604,1599.5701279071343,1601.7905881240051,-146.6,0.2197,880.0,0.21757674975355584,long_nclose,191.46753978312915,0.11969937200167889,16.0
1690391520000.0,297670,1690391520000.0,0.2668925559780314,-0.0055232580000000005,1599.8314972051123,1601.4330648660052,-125.7,0.2197,754.3,0.21757674975355584,long_nclose,164.11814233910715,0.10258464258630969,10.0
1690391580000.0,297671,1690391580000.0,0.22867405154203646,-0.004732338,1600.0554389186543,1601.557652528005,-107.7,0.2197,646.6,0.21757674975355584,long_nclose,140.6851263906492,0.08792515744687365,1.0
1690393140000.0,297697,1690393140000.0,0.45484405154203544,-0.004777572,1600.5055053981964,1602.8891949560052,-107.7,0.2218,538.9,0.21757674975355584,long_nclose,117.25211044219124,0.07325942338012739,26.0
1690393380000.0,297701,1690393380000.0,0.6810140515420344,-0.004822806,1601.1816966437384,1604.123882150005,-107.7,0.2239,431.2,0.21757674975355584,long_nclose,93.81909449373327,0.058593659102142454,4.0
1690393500000.0,297703,1690393500000.0,0.9080263765666808,-0.004872560000000001,1602.084850460305,1604.388509590005,-107.8,0.226,323.4,0.21757674975355584,long_nclose,70.36432087029995,0.04392047078535393,2.0
1690393620000.0,297705,1690393620000.0,0.40848196592029173,-0.0028927879999999994,1602.4904396382253,1603.9974968020051,-64.6,0.2239,258.8,0.21757674975355584,long_nclose,56.30886283622026,0.0351383455672487,2.0
1690393740000.0,297707,1690393740000.0,0.32691203774116234,-0.0023151260000000002,1602.8150365499664,1604.228131676005,-51.7,0.2239,207.1,0.21757674975355584,long_nclose,45.06014487396141,0.02811312836879335,2.0
1690393920000.0,297710,1690393920000.0,0.4354820377411633,-0.00233684,1603.2481817477076,1604.432834836005,-51.7,0.226,155.4,0.21757674975355584,long_nclose,33.811426911702576,0.0210893280882094,3.0
1690394040000.0,297712,1690394040000.0,0.32682210956203356,-0.0017537599999999998,1603.5732500972697,1604.602041076005,-38.8,0.226,116.6,0.21757674975355584,long_nclose,25.36944902126461,0.015820573846393203,2.0
1690394400000.0,297718,1690394400000.0,0.1473317307421486,-0.0010433740000000001,1603.7195384540119,1604.4121277020051,-23.3,0.2239,93.3,0.21757674975355584,long_nclose,20.29991075200676,0.012658017979612511,6.0
1690394520000.0,297720,1690394520000.0,0.19626173074214903,-0.0010531600000000003,1603.914747024754,1604.553374542005,-23.3,0.226,70.0,0.21757674975355584,long_nclose,15.230372482748908,0.009495749391294704,2.0
1690394640000.0,297722,1690394640000.0,0.14740687931277285,-0.000791,1604.0613629040668,1604.514083542005,-17.5,0.226,52.5,0.21757674975355584,long_nclose,11.422779362061682,0.007121161089112798,2.0
1690394700000.0,297723,1690394700000.0,0.18240687931277288,-0.0007980000000000001,1604.2429717833795,1604.6112855420051,-17.5,0.228,35.0,0.21757674975355584,long_nclose,7.615186241374454,0.00474690329040926,1.0
1690395000000.0,297728,1690395000000.0,0.12090970285875231,-0.0005289600000000001,1604.3633525262383,1604.616616582005,-11.6,0.228,23.4,0.21757674975355584,long_nclose,5.091295944233206,0.003173405785052636,5.0
1690395480000.0,297736,1690395480000.0,0.0813013519222645,-0.00035568000000000004,1604.4442981981606,1604.611580902005,-7.8,0.228,15.6,0.21757674975355584,long_nclose,3.394197296155471,0.0021154971225658984,8.0
1690395840000.0,297742,1690395840000.0,0.054200901281509666,-0.00023712,1604.498261979442,1604.609783782005,-5.2,0.228,10.4,0.21757674975355584,long_nclose,2.2627981974369806,0.001410283981638849,6.0
1690396320000.0,297750,1690396320000.0,0.035439050837910165,-0.00015504,1604.5335459902801,1604.6100087420052,-3.4,0.228,7.0,0.21757674975355584,long_nclose,1.5230372482748908,0.0009492087292789558,8.0
1690396740000.0,297757,1690396740000.0,0.02397347556682158,-0.00010488,1604.557414585847,1604.6087538620054,-2.3,0.228,4.7,0.21757674975355584,long_nclose,1.0226107238417126,0.0006373163805457588,7.0
1690396980000.0,297761,1690396980000.0,0.028803475566821557,-0.000105846,1604.5861122154138,1604.6154480160053,-2.3,0.2301,2.4,0.21757674975355584,long_nclose,0.522184199408534,0.0003254323313864201,4.0
1690397940000.0,297777,1690397940000.0,0.008338600197155334,-3.648e-05,1604.594414335611,1604.6109315360052,-0.8,0.228,1.6,0.21757674975355584,long_nclose,0.34812279960568937,0.0002169537650732949,16.0
1690398000000.0,297778,1690398000000.0,0.005211625123222083,-2.2800000000000002e-05,1604.5996031607342,1604.6112887360052,-0.5,0.228,1.1,0.21757674975355584,long_nclose,0.23933442472891145,0.00014915523116014202,1.0
1690399560000.0,297804,1690399560000.0,0.0016846500492888328,-9.040000000000002e-06,1604.6012787707837,1604.6086796960055,-0.2,0.226,0.9,0.21757674975355584,long_nclose,0.19581907477820026,0.00012203597078534605,26.0
1690399680000.0,297806,1690399680000.0,0.0016846500492888328,-9.040000000000002e-06,1604.6029543808331,1604.6089206560057,-0.2,0.226,0.7,0.21757674975355584,long_nclose,0.15230372482748908,9.491676704924079e-05,2.0
1690400160000.0,297814,1690400160000.0,0.0008423250246444164,-4.520000000000001e-06,1604.6037921858579,1604.6087861360056,-0.1,0.226,0.6,0.21757674975355584,long_nclose,0.1305460498521335,8.135718642064173e-05,8.0
1690400220000.0,297815,1690400220000.0,0.0008423250246444164,-4.520000000000001e-06,1604.6046299908826,1604.6087916160059,-0.1,0.226,0.5,0.21757674975355584,long_nclose,0.10878837487677792,6.779761995164882e-05,1.0
1690400700000.0,297823,1690400700000.0,0.0008423250246444164,-4.520000000000001e-06,1604.6054677959073,1604.6089170960058,-0.1,0.226,0.4,0.21757674975355584,long_nclose,0.08703069990142234,5.423806764223985e-05,8.0
1690402020000.0,297845,1690402020000.0,0.0008423250246444164,-4.520000000000001e-06,1604.606305600932,1604.608832576006,-0.1,0.226,0.3,0.21757674975355584,long_nclose,0.06527302492606675,4.0678529492392666e-05,22.0
1690402740000.0,297857,1690402740000.0,0.0008423250246444164,-4.520000000000001e-06,1604.6071434059568,1604.6089080560062,-0.1,0.226,0.2,0.21757674975355584,long_nclose,0.04351534995071117,2.7119005502085084e-05,12.0
1690402920000.0,297860,1690402920000.0,0.0008423250246444164,-4.520000000000001e-06,1604.6079812109815,1604.6088335360062,-0.1,0.226,0.1,0.21757674975355584,long_nclose,0.021757674975355586,1.3559495671294921e-05,3.0
1690403520000.0,297870,1690403520000.0,0.0008423250246444164,-4.520000000000001e-06,1604.6088190160062,1604.6088190160062,-0.1,0.226,0.0,0.21757674975355584,long_nclose,0.0,0.0,10.0
1690436460000.0,298419,1690436460000.0,0.0,-0.016047080000000002,1604.5927719360063,1604.5927719360063,359.8,0.223,359.8,0.223,long_ientry_normal,80.2354,0.050003590570330644,549.0
1690445700000.0,298573,1690445700000.0,0.11308000000000039,-0.0023150560000000002,1604.7035368800064,1605.4436968800064,-51.4,0.2252,308.4,0.223,long_nclose,68.7732,0.04285726205459383,154.0
1690446300000.0,298583,1690446300000.0,0.09680000000000033,-0.0019817600000000004,1604.7983551200064,1605.4064751200065,-44.0,0.2252,264.4,0.223,long_nclose,58.9612,0.03674056607292004,10.0
1690447860000.0,298609,1690447860000.0,0.08294000000000029,-0.0016980080000000002,1604.8795971120064,1605.4236771120063,-37.7,0.2252,226.7,0.223,long_nclose,50.5541,0.03150024468562782,26.0
1690448340000.0,298617,1690448340000.0,0.07106000000000023,-0.001454792,1604.9492023200064,1605.3963223200064,-32.3,0.2252,194.4,0.223,long_nclose,43.3512,0.027010948344866257,8.0
1690448700000.0,298623,1690448700000.0,0.06094000000000021,-0.001247608,1605.0088947120064,1605.3923047120063,-27.7,0.2252,166.7,0.223,long_nclose,37.174099999999996,0.02316130466471359,6.0
1690449000000.0,298628,1690449000000.0,0.05236000000000018,-0.0010719520000000001,1605.0601827600062,1605.4031427600062,-23.8,0.2252,142.9,0.223,long_nclose,31.8667,0.019853897282034075,5.0
1690450440000.0,298652,1690450440000.0,0.04488000000000015,-0.000918816,1605.1041439440062,1605.3858939440063,-20.4,0.2252,122.5,0.223,long_nclose,27.3175,0.017019144896652242,24.0
1690454520000.0,298720,1690454520000.0,0.03850000000000013,-0.0007882000000000001,1605.1418557440063,1605.3833557440064,-17.5,0.2252,105.0,0.223,long_nclose,23.415,0.014587495750739619,68.0
1690459320000.0,298800,1690459320000.0,0.03300000000000011,-0.0006756,1605.1741801440062,1605.3811801440063,-15.0,0.2252,90.0,0.223,long_nclose,20.07,0.012503315994155504,80.0
1690459500000.0,298803,1690459500000.0,0.028160000000000098,-0.000576512,1605.2017636320063,1605.3870436320062,-12.8,0.2252,77.2,0.223,long_nclose,17.215600000000002,0.010724882310773919,3.0
1690460100000.0,298813,1690460100000.0,0.024200000000000083,-0.0004954400000000001,1605.2254681920065,1605.3777281920065,-11.0,0.2252,66.2,0.223,long_nclose,14.7626,0.009196589695668968,10.0
1690464780000.0,298891,1690464780000.0,0.02068000000000007,-0.00042337600000000005,1605.2457248160065,1605.3763648160066,-9.4,0.2252,56.8,0.223,long_nclose,12.6664,0.007890629954147254,78.0
1690465440000.0,298902,1690465440000.0,0.01782000000000006,-0.00036482400000000003,1605.2631799920066,1605.3800599920066,-8.1,0.2252,48.7,0.223,long_nclose,10.860100000000001,0.00676530810359338,11.0
1690465800000.0,298908,1690465800000.0,0.015180000000000053,-0.000310776,1605.2780492160066,1605.3658292160067,-6.9,0.2252,41.8,0.223,long_nclose,9.321399999999999,0.005806719904101616,6.0
1690465920000.0,298910,1690465920000.0,0.012980000000000045,-0.00026573600000000003,1605.2907634800065,1605.3805134800066,-5.9,0.2252,35.9,0.223,long_nclose,8.0057,0.004987071614767756,2.0
1690467360000.0,298934,1690467360000.0,0.02536999999999999,-0.000268214,1605.3158652660065,1605.4478652660066,-5.9,0.2273,30.0,0.223,long_nclose,6.69,0.004167404150641371,24.0
1690469640000.0,298972,1690469640000.0,0.009240000000000031,-0.00018916800000000003,1605.3249160980067,1605.3816760980067,-4.2,0.2252,25.8,0.223,long_nclose,5.7534,0.0035839473631198216,38.0
1690469700000.0,298973,1690469700000.0,0.007920000000000028,-0.00016214400000000003,1605.3326739540069,1605.3881739540068,-3.6,0.2252,22.2,0.223,long_nclose,4.9506,0.003083846781618447,1.0
1690470120000.0,298980,1690470120000.0,0.006820000000000023,-0.00013962400000000003,1605.339354330007,1605.377554330007,-3.1,0.2252,19.1,0.223,long_nclose,4.2593000000000005,0.0026532084873591303,7.0
1690470180000.0,298981,1690470180000.0,0.005940000000000021,-0.000121608,1605.345172722007,1605.382892722007,-2.7,0.2252,16.4,0.223,long_nclose,3.6571999999999996,0.0022781393448231997,1.0
1690470300000.0,298983,1690470300000.0,0.005060000000000017,-0.000103592,1605.350129130007,1605.3811491300069,-2.3,0.2252,14.1,0.223,long_nclose,3.1443,0.0019586381456262137,2.0
1690470360000.0,298984,1690470360000.0,0.004400000000000015,-9.008e-05,1605.354439050007,1605.3834790500068,-2.0,0.2252,12.1,0.223,long_nclose,2.6983,0.0016808126195463479,1.0
1690470900000.0,298993,1690470900000.0,0.003740000000000013,-7.6568e-05,1605.358102482007,1605.378902482007,-1.7,0.2252,10.4,0.223,long_nclose,2.3192,0.001444662095276025,9.0
1690470960000.0,298994,1690470960000.0,0.0030800000000000102,-6.3056e-05,1605.361119426007,1605.382719426007,-1.4,0.2252,9.0,0.223,long_nclose,2.007,0.001250186002210891,1.0
1690471920000.0,299010,1690471920000.0,0.006449999999999997,-6.819e-05,1605.367501236007,1605.400501236007,-1.5,0.2273,7.5,0.223,long_nclose,1.6725,0.001041817526960217,16.0
1690472700000.0,299023,1690472700000.0,0.005159999999999998,-5.4552e-05,1605.372606684007,1605.402216684007,-1.2,0.2273,6.3,0.223,long_nclose,1.4049,0.000875123939545664,13.0
1690474920000.0,299060,1690474920000.0,0.001980000000000007,-4.0536000000000006e-05,1605.374546148007,1605.387506148007,-0.9,0.2252,5.4,0.223,long_nclose,1.2042000000000002,0.0007501053276877976,37.0
1690475220000.0,299065,1690475220000.0,0.0015400000000000051,-3.1528e-05,1605.3760546200072,1605.3868646200071,-0.7,0.2252,4.7,0.223,long_nclose,1.0481,0.0006528688384156107,5.0
1690475400000.0,299068,1690475400000.0,0.0013200000000000045,-2.7024e-05,1605.3773475960072,1605.3863675960072,-0.6,0.2252,4.1,0.223,long_nclose,0.9142999999999999,0.0005695234216236638,3.0
1690475460000.0,299069,1690475460000.0,0.0011000000000000038,-2.252e-05,1605.3784250760073,1605.3867050760073,-0.5,0.2252,3.6,0.223,long_nclose,0.8028000000000001,0.0005000690101849295,1.0
1690475580000.0,299071,1690475580000.0,0.0011000000000000038,-2.252e-05,1605.3795025560073,1605.3875625560072,-0.5,0.2252,3.1,0.223,long_nclose,0.6913,0.00043061469197740827,2.0
1690475940000.0,299077,1690475940000.0,0.0,-0.015914448,1605.3635881080072,1605.3679281080072,354.6,0.2244,357.7,0.22438786692759297,long_ientry_partial,80.26354,0.04999711005940665,6.0
1690504200000.0,299548,1690504200000.0,0.11303999999999922,-0.002315852,1605.4743122560071,1606.152552256007,-51.1,0.2266,306.6,0.22438786692759297,long_nclose,68.79732000000001,0.042851710223458045,471.0
1690504920000.0,299560,1690504920000.0,0.0968914285714279,-0.001985016,1605.5692186685785,1606.1505672400071,-43.8,0.2266,262.8,0.22438786692759297,long_nclose,58.96913142857144,0.03672786619406649,12.0
1690505160000.0,299564,1690505160000.0,0.08295499021526362,-0.0016995000000000003,1605.6504741587937,1606.171397740007,-37.5,0.2266,225.3,0.22438786692759297,long_nclose,50.5545864187867,0.031485424276583254,4.0
1690505760000.0,299574,1690505760000.0,0.07100947162426566,-0.001454772,1605.720028858418,1606.282652968007,-32.1,0.2266,193.2,0.22438786692759297,long_nclose,43.35173589041096,0.02699831546675777,10.0
1690509180000.0,299631,1690509180000.0,0.06105487279843402,-0.0012508320000000001,1605.7798328992162,1606.1627221360068,-27.6,0.2266,165.6,0.22438786692759297,long_nclose,37.158630763209395,0.023140551401819472,57.0
1690511580000.0,299671,1690511580000.0,0.052206340508805904,-0.001069552,1605.830969687725,1606.1734925840067,-23.6,0.2266,142.0,0.22438786692759297,long_nclose,31.8630771037182,0.019842111470744894,40.0
1690512360000.0,299684,1690512360000.0,0.044685088062622,-0.000915464,1605.8747393117876,1606.1685371200067,-20.2,0.2266,121.8,0.22438786692759297,long_nclose,27.330442191780822,0.017019037364952597,13.0
1690516200000.0,299748,1690516200000.0,0.03849111545988232,-0.0007885679999999999,1605.9124418592476,1606.174708552007,-17.4,0.2266,104.4,0.22438786692759297,long_nclose,23.426093307240706,0.014587403831381436,64.0
1690517160000.0,299764,1690517160000.0,0.032960782778864745,-0.000675268,1605.9447273740266,1606.151663284007,-14.9,0.2266,89.5,0.22438786692759297,long_nclose,20.08271409001957,0.012505233678159013,16.0
1690517280000.0,299766,1690517280000.0,0.02809409001956928,-0.000575564,1605.9722459000461,1606.165177720007,-12.7,0.2266,76.8,0.22438786692759297,long_nclose,17.23298818003914,0.010730564132745106,2.0
1690517520000.0,299770,1690517520000.0,0.024112250489236625,-0.0004939880000000001,1605.9958641625353,1606.148233732007,-10.9,0.2266,65.9,0.22438786692759297,long_nclose,14.787160430528377,0.009207471053008788,4.0
1690517700000.0,299773,1690517700000.0,0.02079405088062608,-0.00042600800000000007,1606.016232205416,1606.1525177240069,-9.4,0.2266,56.5,0.22438786692759297,long_nclose,12.677914481409003,0.007894013912922548,3.0
1690522800000.0,299858,1690522800000.0,0.0,-0.013513494000000001,1606.0027187114158,1605.8760542300067,299.9,0.2253,356.4,0.2251553997794865,long_ientry_partial,80.24538448140899,0.04996590824316553,85.0
1690541280000.0,300166,1690541280000.0,0.10916015122413679,-0.0023139140000000002,1606.10956494864,1606.7952903160067,-50.9,0.2273,305.5,0.2251553997794865,long_nclose,68.78497463263312,0.04282707489811427,308.0
1690541700000.0,300173,1690541700000.0,0.09350456961438829,-0.0019820560000000003,1606.2010874622542,1606.7889482600067,-43.6,0.2273,261.9,0.2251553997794865,long_nclose,58.96819920224751,0.03671283730445941,7.0
1690542000000.0,300178,1690542000000.0,0.08020804824720464,-0.001700204,1606.2795953065015,1606.8059580560068,-37.4,0.2273,224.5,0.2251553997794865,long_nclose,50.54738725049472,0.0314686106940489,5.0
1690542720000.0,300190,1690542720000.0,0.06862720705643177,-0.00145472,1606.3467677935578,1606.7788533360067,-32.0,0.2273,192.5,0.2251553997794865,long_nclose,43.34241445755115,0.026981978814627508,12.0
1690543020000.0,300195,1690543020000.0,0.058976506064121054,-0.00125015,1606.4044941496218,1606.7748531860066,-27.5,0.2273,165.0,0.2251553997794865,long_nclose,37.150640963615274,0.023126579326013162,5.0
1690543860000.0,300209,1690543860000.0,0.05039810518206708,-0.00106831,1606.4538239448038,1606.8138848760066,-23.5,0.2273,141.5,0.2251553997794865,long_nclose,31.85948906879734,0.019832184774887126,14.0
1690543980000.0,300211,1690543980000.0,0.04332092445437256,-0.000918292,1606.496226577258,1606.7806265840063,-20.2,0.2273,121.3,0.2251553997794865,long_nclose,27.311349993251714,0.017000569028064433,2.0
1690544160000.0,300214,1690544160000.0,0.037101583814883425,-0.0007864580000000001,1606.5325417030729,1606.7763801260062,-17.3,0.2273,104.0,0.2251553997794865,long_nclose,23.416161577066596,0.014575591199816782,3.0
1690545120000.0,300230,1690545120000.0,0.03174008326359969,-0.0006728080000000001,1606.5636089783366,1606.7638273180064,-14.8,0.2273,89.2,0.2251553997794865,long_nclose,20.083861660330196,0.012501130704125774,16.0
1690545660000.0,300239,1690545660000.0,0.027236422800521357,-0.000577342,1606.590268059137,1606.7772799760064,-12.7,0.2273,76.5,0.2251553997794865,long_nclose,17.22438808313072,0.010721083293961984,9.0
1690545960000.0,300244,1690545960000.0,0.02337614240359707,-0.0004955140000000001,1606.6131486875406,1606.7538344620064,-10.9,0.2273,65.6,0.2251553997794865,long_nclose,14.770194225534313,0.009193373176112895,5.0
1690546020000.0,300245,1690546020000.0,0.019944782050775486,-0.000422778,1606.6326706915913,1606.7590416840062,-9.3,0.2273,56.3,0.2251553997794865,long_nclose,12.67624900758509,0.007889948485940143,1.0
1690548060000.0,300279,1690548060000.0,0.017156801764107943,-0.00036368,1606.6494638133554,1606.7482180040063,-8.0,0.2273,48.3,0.2251553997794865,long_nclose,10.875005809349197,0.0067687482890870015,34.0
1690548900000.0,300293,1690548900000.0,0.014797741521543102,-0.000313674,1606.663947880877,1606.7734343300062,-6.9,0.2273,41.4,0.2251553997794865,long_nclose,9.321433550870742,0.00580173194473264,14.0
1690553400000.0,300368,1690553400000.0,0.012653141301029609,-0.000268214,1606.676332808178,1606.7453661160062,-5.9,0.2273,35.5,0.2251553997794865,long_nclose,7.993016692171771,0.004974876724673869,75.0
1690553460000.0,300369,1690553460000.0,0.010723001102567464,-0.00022730000000000002,1606.6868285092805,1606.7613888160063,-5.0,0.2273,30.5,0.2251553997794865,long_nclose,6.867239693274339,0.004274161940846876,1.0
1690553820000.0,300375,1690553820000.0,0.00922178094820802,-0.00019547800000000001,1606.6958548122286,1606.762523338006,-4.3,0.2273,26.2,0.2251553997794865,long_nclose,5.899071474222547,0.0036715545487680116,6.0
1690553940000.0,300377,1690553940000.0,0.007935020815899923,-0.00016820200000000003,1606.7036216310446,1606.7563751360062,-3.7,0.2273,22.5,0.2251553997794865,long_nclose,5.065996495038447,0.0031530373286242437,2.0
1690554060000.0,300379,1690554060000.0,0.006862720705643178,-0.000145472,1606.7103388797502,1606.7536596640061,-3.2,0.2273,19.3,0.2251553997794865,long_nclose,4.3454992157440895,0.0027045940457281867,2.0
1690555020000.0,300395,1690555020000.0,0.005790420595386431,-0.000122742,1606.7160065583455,1606.754926922006,-2.7,0.2273,16.6,0.2251553997794865,long_nclose,3.7375796363394764,0.0023262229423764392,16.0
1690555200000.0,300398,1690555200000.0,0.004932580507181033,-0.000104558,1606.7208345808526,1606.752932364006,-2.3,0.2273,14.3,0.2251553997794865,long_nclose,3.219722216846657,0.0020039089227884385,3.0
1690555620000.0,300405,1690555620000.0,0.004289200441026986,-9.092e-05,1606.7250328612936,1606.7526414440058,-2.0,0.2273,12.3,0.2251553997794865,long_nclose,2.7694114172876843,0.001723637436802644,7.0
1690560360000.0,300484,1690560360000.0,0.0,-0.015510293999999999,1606.7095225672936,1606.718681150006,343.3,0.2259,355.6,0.2258742447055334,long_ientry_partial,80.32088141728768,0.049990916397225506,79.0
1690746600000.0,303588,1690746600000.0,0.0,-0.016067400000000003,1606.6934551672935,1605.0762137500058,366.0,0.2195,721.6,0.22264118821686207,long_rentry,160.65788141728768,0.09999286478736513,3104.0
1690747320000.0,303600,1690747320000.0,0.0,-0.016067278,1606.6773878892934,1602.4691664720058,372.1,0.2159,1093.7,0.22034769261889703,long_rentry,240.99427141728768,0.14999543357853815,12.0
1690760220000.0,303815,1690760220000.0,0.3361904129282846,-0.0069509,1607.0066274022217,1609.1181655720059,-156.2,0.2225,937.5,0.22034769261889703,long_nclose,206.57596183021596,0.12854705034051583,215.0
1690760700000.0,303823,1690760700000.0,0.2881939583296883,-0.005958550000000001,1607.2888628105513,1608.7773770220058,-133.9,0.2225,803.6,0.22034769261889703,long_nclose,177.07140578854566,0.1101677550847416,8.0
1690761060000.0,303829,1690761060000.0,0.24708488735062148,-0.0051086000000000005,1607.530839097902,1609.1511084220056,-114.8,0.2225,688.8,0.22034769261889703,long_nclose,151.77549067589626,0.0944152901981452,6.0
1690764240000.0,303882,1690764240000.0,0.21178704630053272,-0.0043788,1607.7382473442024,1609.5403296220056,-98.4,0.2225,590.4,0.22034769261889703,long_nclose,130.0932777221968,0.08091695146090842,53.0
1690766400000.0,303918,1690766400000.0,0.18143951222698076,-0.00375135,1607.9159355064294,1609.1064382720056,-84.3,0.2225,506.1,0.22034769261889703,long_nclose,111.51796723442379,0.06935559550835603,36.0
1690767060000.0,303929,1690767060000.0,0.15561182365374507,-0.00321735,1608.068329980083,1609.0453809220055,-72.3,0.2225,433.8,0.22034769261889703,long_nclose,95.58682905807753,0.05944201951869883,11.0
1690768620000.0,303955,1690768620000.0,0.13322782689027413,-0.00275455,1608.1988032569734,1609.0364363720057,-61.9,0.2225,371.9,0.22034769261889703,long_nclose,81.9473068849678,0.05095595564367142,26.0
1690781160000.0,304164,1690781160000.0,0.11428752193656797,-0.00236295,1608.31072782891,1609.0606434220058,-53.1,0.2225,318.8,0.22034769261889703,long_nclose,70.24684440690437,0.043677408346167006,209.0
1690781520000.0,304170,1690781520000.0,0.09792998584018535,-0.00202475,1608.4066330647504,1609.0221886720058,-45.5,0.2225,273.3,0.22034769261889703,long_nclose,60.22102439274456,0.03744141758355968,6.0
1690783980000.0,304211,1690783980000.0,0.08393998786301601,-0.0017355,1608.4888375526134,1609.0165531720058,-39.0,0.2225,234.3,0.22034769261889703,long_nclose,51.62746438060758,0.032096874516804874,41.0
1690788120000.0,304280,1690788120000.0,0.07188706652883935,-0.0014863,1608.5592383191424,1609.031816872006,-33.4,0.2225,200.9,0.22034769261889703,long_nclose,44.267851447136415,0.027520187253653107,69.0
1690802100000.0,304513,1690802100000.0,0.06177122183765537,-0.0012771500000000001,1608.61973239098,1609.024799722006,-28.7,0.2225,172.2,0.22034769261889703,long_nclose,37.943872668974066,0.02358784484918384,233.0
1690802460000.0,304519,1690802460000.0,0.05294676157513318,-0.0010947,1608.6715844525552,1609.004025022006,-24.6,0.2225,147.6,0.22034769261889703,long_nclose,32.5233194305492,0.0202175010392921,6.0
1690802700000.0,304523,1690802700000.0,0.04519845500316247,-0.0009345000000000001,1608.7158484075583,1609.013650522006,-21.0,0.2225,126.6,0.22034769261889703,long_nclose,27.89601788555236,0.017340550174330772,4.0
1690804200000.0,304548,1690804200000.0,0.038741532859853545,-0.0008010000000000001,1608.7537889404182,1609.009249522006,-18.0,0.2225,108.6,0.22034769261889703,long_nclose,23.929759418412218,0.014874718296187013,25.0
1690805040000.0,304562,1690805040000.0,0.03336076440709611,-0.00068975,1608.7864599548252,1608.996149772006,-15.5,0.2225,93.1,0.22034769261889703,long_nclose,20.514370182819313,0.012751456264366719,14.0
1690806120000.0,304580,1690806120000.0,0.0,-0.01195248,1608.7745074748252,1608.892107292006,269.2,0.222,362.3,0.22157540762577785,long_ientry_partial,80.27677018281932,0.049899330086243004,18.0
1690833540000.0,305037,1690833540000.0,0.0,-0.016087216,1608.7584202588253,1606.926380076006,373.6,0.2153,735.9,0.21838952328145037,long_rentry,160.71285018281932,0.09989868469932423,457.0
1690855800000.0,305408,1690855800000.0,0.0,-0.016088328,1608.7423319308252,1601.2154217480058,379.8,0.2118,1115.7,0.21614635671131965,long_rentry,241.15449018281936,0.14990249550615345,371.0
1690855800000.0,305408,1690855800000.0,0.0,-0.023120784000000002,1608.7192111468253,1601.3028209640058,552.6,0.2092,1668.3,0.21384547754170075,long_rentry,356.7584101828193,0.2217654937610231,0.0
1690934340000.0,306717,1690934340000.0,0.4895927018127143,-0.010289794000000001,1609.1985140546378,1611.9934811700057,-238.3,0.2159,1430.0,0.21384547754170075,long_nclose,305.7990328846321,0.19003188867862025,1309.0
1690934400000.0,306718,1690934400000.0,0.4195334859847094,-0.008817356,1609.6092301846224,1612.0050838140057,-204.2,0.2159,1225.8,0.21384547754170075,long_nclose,262.13178637061674,0.16285430118995414,1.0
1690934520000.0,306720,1690934520000.0,0.3597468824482009,-0.007560818,1609.9614162490707,1612.1201029960057,-175.1,0.2159,1050.7,0.21384547754170075,long_nclose,224.68744325306497,0.13956076275203386,2.0
1690934580000.0,306721,1690934580000.0,0.3083838209907193,-0.006481318000000001,1610.2633187520614,1612.1136216780058,-150.1,0.2159,900.6,0.21384547754170075,long_nclose,192.5892370740557,0.11960108314664368,1.0
1690934640000.0,306722,1690934640000.0,0.2642115881372852,-0.005552948,1610.5219773921986,1612.3396687300055,-128.6,0.2159,772.0,0.21384547754170075,long_nclose,165.08870866219297,0.10250633706316081,1.0
1690936080000.0,306746,1690936080000.0,0.22640837490457877,-0.0047584360000000004,1610.7436273311032,1612.1033102940057,-110.2,0.2159,661.8,0.21384547754170075,long_nclose,141.52293703709753,0.08786186369806831,24.0
1690938540000.0,306787,1690938540000.0,0.19415237230928034,-0.004080510000000001,1610.9336991934124,1612.2126897840055,-94.5,0.2159,567.3,0.21384547754170075,long_nclose,121.31453940940682,0.07530697226716934,41.0
1690940700000.0,306823,1690940700000.0,0.16641631912224028,-0.00349758,1611.0966179325346,1612.1443622040056,-81.0,0.2159,486.3,0.21384547754170075,long_nclose,103.99305572852907,0.06454799455912198,36.0
1690940820000.0,306825,1690940820000.0,0.14258385860596884,-0.002996692000000001,1611.2362050991408,1612.1344255120057,-69.4,0.2159,416.9,0.21384547754170075,long_nclose,89.15217958713504,0.05533153941364508,2.0
1690995120000.0,307730,1690995120000.0,0.0,-0.016112812,1611.2200922871407,1610.5503127000056,387.7,0.2078,804.6,0.21093243796561648,long_rentry,169.71623958713502,0.10533398906801203,905.0
1691015160000.0,308064,1691015160000.0,0.2375628777506663,-0.004894740000000001,1611.4527604248913,1612.8097879600057,-114.9,0.213,689.7,0.21093243796561648,long_nclose,145.4801024648857,0.09027885026336546,334.0
1691074740000.0,309057,1691074740000.0,0.2036548603867766,-0.0041961,1611.652219185278,1612.9336818600054,-98.5,0.213,591.2,0.21093243796561648,long_nclose,124.70325732527247,0.0773760342589994,993.0
1691153520000.0,310370,1691153520000.0,0.174502235701969,-0.00359544,1611.82312598098,1612.8709664200055,-84.4,0.213,506.8,0.21093243796561648,long_nclose,106.90055956097443,0.06632276075323906,1313.0
1691154180000.0,310381,1691154180000.0,0.14969149128936676,-0.0030842400000000002,1611.9697332322694,1612.9113221800055,-72.4,0.213,434.4,0.21093243796561648,long_nclose,91.62905105226379,0.05684291036192857,11.0
1691157900000.0,310443,1691157900000.0,0.12818884613177817,-0.0026412000000000002,1612.0952808784011,1612.9397209800056,-62.0,0.213,372.4,0.21093243796561648,long_nclose,78.55123989839556,0.0487261769388683,62.0
1691158200000.0,310448,1691158200000.0,0.1099943002292032,-0.00226632,1612.2030088586303,1612.9268146600054,-53.2,0.213,319.2,0.21093243796561648,long_nclose,67.32963419862477,0.04176250374714983,5.0
1691163000000.0,310528,1691163000000.0,0.09428082876788846,-0.00194256,1612.2953471273981,1612.9157521000054,-45.6,0.213,273.6,0.21093243796561648,long_nclose,57.71111502739267,0.03579438167468242,80.0
1691163360000.0,310534,1691163360000.0,0.08063491934095723,-0.0016614000000000002,1612.374320646739,1612.8828307000056,-39.0,0.213,234.6,0.21093243796561648,long_nclose,49.48474994673362,0.03069060906829923,6.0
1691163540000.0,310537,1691163540000.0,0.06926332815184788,-0.0014271,1612.442156874891,1612.8780536000056,-33.5,0.213,201.1,0.21093243796561648,long_nclose,42.41851327488547,0.026306998421014808,3.0
1691164920000.0,310560,1691164920000.0,0.05933903038680699,-0.00122262,1612.500273285278,1612.8912009800056,-28.7,0.213,172.4,0.21093243796561648,long_nclose,36.36475230527228,0.02255178055330398,23.0
1691165460000.0,310569,1691165460000.0,0.05086202604583456,-0.00104796,1612.5500873513238,1612.9147930200056,-24.6,0.213,147.8,0.21093243796561648,long_nclose,31.17581433131812,0.019333237817453226,9.0
1691174700000.0,310723,1691174700000.0,0.0,-0.009869024,1612.5402183273238,1612.4483839960058,233.2,0.2116,381.0,0.21134103499033624,long_ientry_partial,80.5209343313181,0.04993421771200341,154.0
1691280360000.0,312484,1691280360000.0,0.11200769652570886,-0.002321792,1612.6499042318496,1613.420342204006,-54.4,0.2134,326.6,0.21134103499033624,long_nclose,69.02398202784381,0.0428015912484873,1761.0
1691280780000.0,312491,1691280780000.0,0.09594776945033148,-0.0019888880000000003,1612.7438631133,1613.4043733160058,-46.6,0.2134,280.0,0.21134103499033624,long_nclose,59.17548979729415,0.0366924290649971,7.0
1691282520000.0,312520,1691282520000.0,0.08235860038655063,-0.0017072,1612.8245145136864,1613.3666661160057,-40.0,0.2134,240.0,0.21134103499033624,long_nclose,50.721848397680695,0.03144908075319949,29.0
1691284680000.0,312556,1691284680000.0,0.07041660333050079,-0.0014596560000000004,1612.893471461017,1613.3172064600058,-34.2,0.2134,205.8,0.21134103499033624,long_nclose,43.493985001011204,0.02696643378537132,36.0
1691287260000.0,312599,1691287260000.0,0.06053357128411471,-0.001254792,1612.9527502403012,1613.5452716680059,-29.4,0.2134,176.4,0.21134103499033624,long_nclose,37.28055857229531,0.02311323661944913,43.0
1691287320000.0,312600,1691287320000.0,0.11933357128411476,-0.001266552,1613.0708172595853,1613.6380851160059,-29.4,0.2154,147.0,0.21134103499033624,long_nclose,31.06713214357943,0.01925962072536826,1.0
1691287380000.0,312601,1691287380000.0,0.0994446427367623,-0.00105546,1613.1692064423219,1613.6909296560057,-24.5,0.2154,122.5,0.21134103499033624,long_nclose,25.889276786316188,0.01604870504775647,1.0
1691287500000.0,312603,1691287500000.0,0.08280288619714085,-0.0008788320000000001,1613.2511304965192,1613.706390824006,-20.4,0.2154,102.1,0.21134103499033624,long_nclose,21.577919672513328,0.01337542510562021,2.0
1691287620000.0,312605,1691287620000.0,0.06900240516428405,-0.00073236,1613.3194005416835,1613.681838464006,-17.0,0.2154,85.1,0.21134103499033624,long_nclose,17.985122077677612,0.011147899214277706,2.0
1691290620000.0,312655,1691290620000.0,0.05723140663625912,-0.000607428,1613.3760245203198,1613.6713110360058,-14.1,0.2154,71.0,0.21134103499033624,long_nclose,15.005213484313874,0.009300506054548035,50.0
1691291700000.0,312673,1691291700000.0,0.04789578711403246,-0.0005083440000000001,1613.4234119634336,1613.6814626920057,-11.8,0.2154,59.2,0.21134103499033624,long_nclose,12.511389271427905,0.007754560383007174,18.0
1691292240000.0,312682,1691292240000.0,0.039777857094704924,-0.00042218400000000004,1613.4627676365285,1613.6682205080058,-9.8,0.2154,49.4,0.21134103499033624,long_nclose,10.44024712852261,0.006470708427821948,9.0
1691292600000.0,312688,1691292600000.0,0.03328351307924289,-0.000353256,1613.4956978936077,1613.671167252006,-8.2,0.2154,41.2,0.21134103499033624,long_nclose,8.707250641601854,0.005396513082104296,6.0
1691293260000.0,312699,1691293260000.0,0.02760096206571362,-0.000292944,1613.5230059116734,1613.6729543080057,-6.8,0.2154,34.4,0.21134103499033624,long_nclose,7.270131603667567,0.004505750198188091,11.0
1691294640000.0,312722,1691294640000.0,0.023136100555083475,-0.000245556,1613.5458964562285,1613.6595187520059,-5.7,0.2154,28.7,0.21134103499033624,long_nclose,6.06548770422265,0.0037591045396006754,23.0
1691295180000.0,312731,1691295180000.0,0.019077135545419708,-0.00020247600000000002,1613.564771115774,1613.6645862760058,-4.7,0.2154,24.0,0.21134103499033624,long_nclose,5.07218483976807,0.003143465282934179,9.0
1691295360000.0,312734,1691295360000.0,0.01623586003865507,-0.00017232,1613.5808346558126,1613.6640139560059,-4.0,0.2154,20.0,0.21134103499033624,long_nclose,4.226820699806725,0.0026195283242245087,3.0
1691295960000.0,312744,1691295960000.0,0.013394584531890432,-0.00014216400000000002,1613.5940870763445,1613.6635417920058,-3.3,0.2154,16.7,0.21134103499033624,long_nclose,3.529395284338615,0.0021872881864196045,10.0
1691302260000.0,312849,1691302260000.0,0.010959205526092173,-0.00011631600000000003,1613.6049299658707,1613.664555476006,-2.7,0.2154,14.0,0.21134103499033624,long_nclose,2.9587744898647075,0.0018336424455069609,105.0
1691302980000.0,312861,1691302980000.0,0.009335619522226665,-9.9084e-05,1613.614166501393,1613.6639963920059,-2.3,0.2154,11.7,0.21134103499033624,long_nclose,2.472690109386934,0.0015323924149402907,12.0
1691307660000.0,312939,1691307660000.0,0.007712033518361158,-8.1852e-05,1613.6217966829113,1613.6625545400059,-1.9,0.2154,9.8,0.21134103499033624,long_nclose,2.071142142905295,0.0012835362952848671,78.0
1691309580000.0,312971,1691309580000.0,0.006494344015462028,-6.892800000000001e-05,1613.6282220989267,1613.663965612006,-1.6,0.2154,8.2,0.21134103499033624,long_nclose,1.732996486920757,0.001073975072564461,32.0
1691315580000.0,313071,1691315580000.0,0.005276654512562898,-5.6004000000000015e-05,1613.6334427494392,1613.6635196080058,-1.3,0.2154,6.9,0.21134103499033624,long_nclose,1.4582531414333202,0.0009037078079818614,100.0
1691319000000.0,313128,1691319000000.0,0.004464861510630145,-4.738800000000001e-05,1613.6378602229497,1613.6619822200057,-1.1,0.2154,5.8,0.21134103499033624,long_nclose,1.2257780029439502,0.0007596363677130069,57.0
1691320020000.0,313145,1691320020000.0,0.003653068508697391,-3.8772e-05,1613.6414745194586,1613.662343448006,-0.9,0.2154,4.9,0.21134103499033624,long_nclose,1.0355710714526476,0.0006417603214871754,17.0
1691320980000.0,313161,1691320980000.0,0.003247172007731014,-3.446400000000001e-05,1613.6446872274664,1613.662558984006,-0.8,0.2154,4.1,0.21134103499033624,long_nclose,0.8664982434603785,0.0005369820570284152,16.0
1691325120000.0,313230,1691325120000.0,0.004927172007731007,-3.4800000000000006e-05,1613.649579599474,1613.670234184006,-0.8,0.2175,3.3,0.21134103499033624,long_nclose,0.6974254154681095,0.0004322037599025796,69.0
1691327940000.0,313277,1691327940000.0,0.0036953790057982546,-2.61e-05,1613.6532488784799,1613.6698780840059,-0.6,0.2175,2.7,0.21134103499033624,long_nclose,0.5706207944739079,0.00035362045400429143,47.0
1691328120000.0,313280,1691328120000.0,0.003079482504831879,-2.175e-05,1613.6563066109845,1613.670076334006,-0.5,0.2175,2.2,0.21134103499033624,long_nclose,0.46495027697873975,0.00028813463875416724,3.0
1691328600000.0,313288,1691328600000.0,0.0024635860038655037,-1.7400000000000003e-05,1613.6587527969884,1613.6710989340058,-0.4,0.2175,1.8,0.21134103499033624,long_nclose,0.38041386298260527,0.00023574616524294617,8.0
1691329620000.0,313305,1691329620000.0,0.0018476895028991273,-1.305e-05,1613.6605874364914,1613.6698258840058,-0.3,0.2175,1.5,0.21134103499033624,long_nclose,0.3170115524855044,0.00019645491434423535,17.0
1691329800000.0,313308,1691329800000.0,0.0018476895028991273,-1.305e-05,1613.6624220759943,1613.669932834006,-0.3,0.2175,1.2,0.21134103499033624,long_nclose,0.25360924198840346,0.0001571637527892187,3.0
1691331780000.0,313341,1691331780000.0,0.0012317930019327518,-8.700000000000001e-06,1613.6636451689963,1613.670004134006,-0.2,0.2175,1.0,0.21134103499033624,long_nclose,0.21134103499033624,0.00013096969472110954,33.0
1691332080000.0,313346,1691332080000.0,0.0012317930019327518,-8.700000000000001e-06,1613.6648682619982,1613.669875434006,-0.2,0.2175,0.8,0.21134103499033624,long_nclose,0.169072827992269,0.00010477567636108315,5.0
1691332320000.0,313350,1691332320000.0,0.0006158965009663759,-4.350000000000001e-06,1613.6654798084992,1613.670001084006,-0.1,0.2175,0.7,0.21134103499033624,long_nclose,0.14793872449323536,9.167868207157279e-05,4.0
1691333160000.0,313364,1691333160000.0,0.0006158965009663759,-4.350000000000001e-06,1613.6660913550002,1613.669846734006,-0.1,0.2175,0.6,0.21134103499033624,long_nclose,0.12680462099420173,7.858169770904928e-05,14.0
1691338560000.0,313454,1691338560000.0,0.000815896500966376,-4.39e-06,1613.666902861501,1613.670932344006,-0.1,0.2195,0.5,0.21134103499033624,long_nclose,0.10567051749516812,6.54847151588618e-05,90.0
1691338800000.0,313458,1691338800000.0,0.000815896500966376,-4.39e-06,1613.667714368002,1613.6711379540059,-0.1,0.2195,0.4,0.21134103499033624,long_nclose,0.0845364139961345,5.238774578150586e-05,4.0
1691341440000.0,313502,1691341440000.0,0.0006158965009663759,-4.350000000000001e-06,1613.668325914503,1613.6701736040059,-0.1,0.2175,0.3,0.21134103499033624,long_nclose,0.06340231049710086,3.929079444573551e-05,44.0
1691341740000.0,313507,1691341740000.0,0.0006158965009663759,-4.350000000000001e-06,1613.668937461004,1613.670189254006,-0.1,0.2175,0.2,0.21134103499033624,long_nclose,0.04226820699806725,2.6193853036901944e-05,5.0
1691343840000.0,313542,1691343840000.0,0.0006158965009663759,-4.350000000000001e-06,1613.6695490075049,1613.670194904006,-0.1,0.2175,0.1,0.21134103499033624,long_nclose,0.021134103499033625,1.3096921554993869e-05,35.0
1691344080000.0,313546,1691344080000.0,0.0006158965009663759,-4.350000000000001e-06,1613.6701605540059,1613.6701605540059,-0.1,0.2175,0.0,0.21134103499033624,long_nclose,0.0,0.0,4.0
1691363580000.0,313871,1691363580000.0,0.0,-0.016134784000000003,1613.6540257700058,1613.6540257700058,372.8,0.2164,372.8,0.2164,long_ientry_normal,80.67392000000001,0.04999455813429642,325.0
1691370660000.0,313989,1691370660000.0,0.11171999999999951,-0.0023248400000000003,1613.7634209300059,1614.4665409300057,-53.2,0.2185,319.6,0.2164,long_nclose,69.16144000000001,0.04285723613696891,118.0
1691370960000.0,313994,1691370960000.0,0.09575999999999958,-0.00199272,1613.8571882100057,1614.4599882100056,-45.6,0.2185,274.0,0.2164,long_nclose,59.293600000000005,0.03674030170275781,5.0
1691371860000.0,314009,1691371860000.0,0.19151999999999916,-0.002011872,1614.0466963380059,1614.960296338006,-45.6,0.2206,228.4,0.2164,long_nclose,49.425760000000004,0.03062226149475015,15.0
1691372940000.0,314027,1691372940000.0,0.1595999999999993,-0.00167656,1614.2046197780057,1615.0233397780057,-38.0,0.2206,190.4,0.2164,long_nclose,41.202560000000005,0.025524991996161185,18.0
1691373060000.0,314029,1691373060000.0,0.1331399999999994,-0.001398604,1614.3363611740056,1615.0346411740056,-31.7,0.2206,158.7,0.2164,long_nclose,34.34268,0.021273559108229912,2.0
1691373540000.0,314037,1691373540000.0,0.1108799999999995,-0.001164768,1614.4460764060054,1615.0281964060055,-26.4,0.2206,132.3,0.2164,long_nclose,28.629720000000002,0.01773346314776519,8.0
1691374080000.0,314046,1691374080000.0,0.0923999999999996,-0.00097064,1614.5375057660053,1615.0228257660053,-22.0,0.2206,110.3,0.2164,long_nclose,23.86892,0.014783750711740554,9.0
1691374560000.0,314054,1691374560000.0,0.07685999999999966,-0.000807396,1614.6135583700052,1615.0275583700052,-18.3,0.2206,92.0,0.2164,long_nclose,19.9088,0.012330380787894817,8.0
1691375940000.0,314077,1691375940000.0,0.11592,-0.0008195359999999999,1614.728658834005,1615.214418834005,-18.4,0.2227,73.6,0.2164,long_nclose,15.92704,0.009863601486766767,23.0
1691376180000.0,314081,1691376180000.0,0.09261,-0.000654738,1614.8206140960049,1615.209354096005,-14.7,0.2227,58.9,0.2164,long_nclose,12.74596,0.007893112020455185,4.0
1691376900000.0,314093,1691376900000.0,0.12201000000000002,-0.0006606180000000001,1614.941963478005,1615.3441834780049,-14.7,0.2247,44.2,0.2164,long_nclose,9.56488,0.005922739154910981,12.0
1691377020000.0,314095,1691377020000.0,0.15287999999999988,-0.000666792,1615.094176686005,1615.418676686005,-14.7,0.2268,29.5,0.2164,long_nclose,6.3838,0.003952586847349579,2.0
1691377080000.0,314096,1691377080000.0,0.18374999999999975,-0.000672966,1615.277253720005,1615.448933720005,-14.7,0.2289,14.8,0.2164,long_nclose,3.2027200000000002,0.001982767969166961,1.0
1691377380000.0,314101,1691377380000.0,0.05095999999999997,-0.00022226400000000004,1615.327991456005,1615.429961456005,-4.9,0.2268,9.9,0.2164,long_nclose,2.14236,0.0013262693467405002,5.0
1691377440000.0,314102,1691377440000.0,0.034319999999999976,-0.000149688,1615.362161768005,1615.432781768005,-3.3,0.2268,6.6,0.2164,long_nclose,1.42824,0.0008841608611389034,1.0
1691377500000.0,314103,1691377500000.0,0.04124999999999994,-0.000151074,1615.403260694005,1615.447150694005,-3.3,0.2289,3.3,0.2164,long_nclose,0.71412,0.0004420691832039523,1.0
1691378160000.0,314114,1691378160000.0,0.011439999999999994,-4.989600000000001e-05,1615.414650798005,1615.4381907980048,-1.1,0.2268,2.2,0.2164,long_nclose,0.47608000000000006,0.00029471071081645783,11.0
1691378340000.0,314117,1691378340000.0,0.007279999999999994,-3.1752e-05,1615.421899046005,1615.4370490460049,-0.7,0.2268,1.5,0.2164,long_nclose,0.3246,0.00020093821941605104,3.0
1691379960000.0,314144,1691379960000.0,0.0024900000000000005,-1.3482e-05,1615.424375564005,1615.434815564005,-0.3,0.2247,1.2,0.2164,long_nclose,0.25968,0.00016075032909500082,27.0
1691380080000.0,314146,1691380080000.0,0.0024900000000000005,-1.3482e-05,1615.426852082005,1615.434862082005,-0.3,0.2247,0.9,0.2164,long_nclose,0.19476000000000002,0.0001205625619934373,2.0
1691380560000.0,314154,1691380560000.0,0.0031199999999999978,-1.3608e-05,1615.4299584740052,1615.4363184740052,-0.3,0.2268,0.6,0.2164,long_nclose,0.12984,8.037488677172464e-05,8.0
1691380860000.0,314159,1691380860000.0,0.0020799999999999985,-9.072e-06,1615.4320294020051,1615.436469402005,-0.2,0.2268,0.4,0.2164,long_nclose,0.08656000000000001,5.3583189155932784e-05,5.0
1691381520000.0,314170,1691381520000.0,0.0010399999999999993,-4.536e-06,1615.4330648660052,1615.4362148660052,-0.1,0.2268,0.3,0.2164,long_nclose,0.06492,4.0187366107542746e-05,11.0
1691381820000.0,314175,1691381820000.0,0.0010399999999999993,-4.536e-06,1615.4341003300053,1615.4362203300054,-0.1,0.2268,0.2,0.2164,long_nclose,0.043280000000000006,2.6791560232112625e-05,5.0
1691381940000.0,314177,1691381940000.0,0.0010399999999999993,-4.536e-06,1615.4351357940054,1615.4361857940055,-0.1,0.2268,0.1,0.2164,long_nclose,0.021640000000000003,1.3395771529609382e-05,2.0
1691382540000.0,314187,1691382540000.0,0.0010399999999999993,-4.536e-06,1615.4361712580055,1615.4361712580055,-0.1,0.2268,0.0,0.2164,long_nclose,0.0,0.0,10.0
1691397180000.0,314431,1691397180000.0,0.0,-0.016155911999999998,1615.4200153460056,1615.3107553460056,364.2,0.2218,364.2,0.2218,long_ientry_normal,80.77955999999999,0.05000529845651187,244.0
1691415120000.0,314730,1691415120000.0,0.11440000000000039,-0.0023296000000000002,1615.5320857460056,1616.2501457460055,-52.0,0.224,312.2,0.2218,long_nclose,69.24596,0.042862633686426746,299.0
1691415420000.0,314735,1691415420000.0,0.09812000000000033,-0.00199808,1615.6282076660057,1616.2704476660056,-44.6,0.224,267.6,0.2218,long_nclose,59.353680000000004,0.03673721448930658,5.0
1691415600000.0,314738,1691415600000.0,0.0840400000000003,-0.0017113600000000003,1615.7105363060057,1616.2840363060056,-38.2,0.224,229.4,0.2218,long_nclose,50.88092,0.03149135866646566,3.0
1691418480000.0,314786,1691418480000.0,0.0,-0.005992063999999999,1615.7045442420056,1615.6586642420057,135.2,0.2216,364.6,0.221725836533187,long_ientry_partial,80.84123999999998,0.05003466771700267,48.0
1691460360000.0,315484,1691460360000.0,0.11305650027427516,-0.00232856,1615.8152721822798,1616.2135756820055,-52.0,0.2239,312.6,0.221725836533187,long_nclose,69.31149650027426,0.04289568101845199,698.0
1691460540000.0,315487,1691460540000.0,0.09696769061985909,-0.001997188,1615.9102426848997,1616.5197184940055,-44.6,0.2239,268.0,0.221725836533187,long_nclose,59.422524190894116,0.03677340648089538,3.0
1691460600000.0,315488,1691460600000.0,0.1906276906198599,-0.0020159200000000005,1616.0988544555194,1617.1430625740054,-44.6,0.226,223.4,0.221725836533187,long_nclose,49.53355188151398,0.030650075485761267,1.0
1691460720000.0,315490,1691460720000.0,0.1589988809654437,-0.0016814400000000004,1616.2561718964848,1617.1637411340055,-37.2,0.226,186.2,0.221725836533187,long_nclose,41.28535076247942,0.02554381630854715,2.0
1691460780000.0,315491,1691460780000.0,0.23711888096544337,-0.001697064,1616.4915937134504,1617.5307440700055,-37.2,0.2281,149.0,0.221725836533187,long_nclose,33.03714964344486,0.020437563530751796,1.0
1691461440000.0,315502,1691461440000.0,0.10599925397696246,-0.00112096,1616.5964720074273,1617.1397431100056,-24.8,0.226,124.2,0.221725836533187,long_nclose,27.538348897421827,0.017034769884921103,11.0
1691461800000.0,315508,1691461800000.0,0.08847518376302915,-0.0009356400000000002,1616.6840115511902,1617.1677874700054,-20.7,0.226,103.5,0.221725836533187,long_nclose,22.948624081184853,0.014194872910981475,6.0
1691461980000.0,315511,1691461980000.0,0.07351561162918364,-0.00077744,1616.7567497228192,1617.1860200300052,-17.2,0.226,86.3,0.221725836533187,long_nclose,19.134939692814037,0.011835385685629318,3.0
1691462700000.0,315523,1691462700000.0,0.06112053757542594,-0.0006463600000000001,1616.8172239003945,1617.1249636700052,-14.3,0.226,72.0,0.221725836533187,long_nclose,15.964260230389463,0.009873880605921202,12.0
1691462760000.0,315524,1691462760000.0,0.05128996160175603,-0.0005424000000000001,1616.8679714619961,1617.1724212700049,-12.0,0.226,60.0,0.221725836533187,long_nclose,13.30355019199122,0.00822797558415481,1.0
1691463120000.0,315530,1691463120000.0,0.042741634668130024,-0.0004520000000000001,1616.9102610966643,1617.1239692700049,-10.0,0.226,50.0,0.221725836533187,long_nclose,11.08629182665935,0.006856466987314501,6.0
1691463240000.0,315532,1691463240000.0,0.035475556774547924,-0.00037516000000000003,1616.945361493439,1617.127764110005,-8.3,0.226,41.7,0.221725836533187,long_nclose,9.245967383433898,0.0057181693356009025,2.0
1691464680000.0,315556,1691464680000.0,0.05290555677454785,-0.00037864600000000006,1616.9978884042134,1617.197425464005,-8.3,0.2281,33.4,0.221725836533187,long_nclose,7.405642940208446,0.004579871744617393,24.0
1691464980000.0,315561,1691464980000.0,0.023507899067471513,-0.0002486,1617.0211477032808,1617.140396864005,-5.5,0.226,27.9,0.221725836533187,long_nclose,6.186150839275917,0.0038256462187042832,5.0
1691465400000.0,315568,1691465400000.0,0.01966115194733981,-0.00020791999999999997,1617.040600935228,1617.1425189440047,-4.6,0.226,23.3,0.221725836533187,long_nclose,5.166211991223257,0.003194856077352256,7.0
1691465700000.0,315573,1691465700000.0,0.01624182117388941,-0.00017176000000000002,1617.0566709964019,1617.1419671840047,-3.8,0.226,19.5,0.221725836533187,long_nclose,4.323653812397146,0.002673780016462247,5.0
1691466000000.0,315578,1691466000000.0,0.013677323093801609,-0.00014464000000000002,1617.0702036794958,1617.1431325440049,-3.2,0.226,16.3,0.221725836533187,long_nclose,3.614131135490948,0.002234987155948655,5.0
1691466900000.0,315593,1691466900000.0,0.02039732309380158,-0.00014598400000000002,1617.0904550185896,1617.1739565600049,-3.2,0.2281,13.1,0.221725836533187,long_nclose,2.90460845858475,0.001796194176751454,15.0
1691467080000.0,315596,1691467080000.0,0.016572825013713783,-0.00011861200000000001,1617.1069092316034,1617.1780379480049,-2.6,0.2281,10.5,0.221725836533187,long_nclose,2.3281212835984637,0.0014396829735300008,3.0
1691467320000.0,315600,1691467320000.0,0.013385743280307286,-9.5802e-05,1617.1201991728835,1617.1720621460047,-2.1,0.2281,8.4,0.221725836533187,long_nclose,1.8624970268787708,0.0011517369134535524,4.0
1691467740000.0,315607,1691467740000.0,0.01019866154690079,-7.299200000000001e-05,1617.1303248424304,1617.1763891540047,-1.6,0.2281,6.8,0.221725836533187,long_nclose,1.5077356884256716,0.000932352615781033,7.0
1691468580000.0,315621,1691468580000.0,0.0145760778935821,-7.830200000000001e-05,1617.1448226183238,1617.1895708520046,-1.7,0.2303,5.1,0.221725836533187,long_nclose,1.1308017663192536,0.0006992581928984995,14.0
1691468820000.0,315625,1691468820000.0,0.0102889961601756,-5.5272e-05,1617.155056342484,1617.1904455800045,-1.2,0.2303,3.9,0.221725836533187,long_nclose,0.8647307624794293,0.0005347234695201021,4.0
1691469060000.0,315629,1691469060000.0,0.007716747120131701,-4.145400000000001e-05,1617.1627316356041,1617.1905541260046,-0.9,0.2303,3.0,0.221725836533187,long_nclose,0.665177509599561,0.0004113237935719667,4.0
1691469600000.0,315638,1691469600000.0,0.0060019144267691,-3.2242e-05,1617.168701308031,1617.1893418840045,-0.7,0.2303,2.3,0.221725836533187,long_nclose,0.50996942402633,0.0003153470776511111,9.0
1691469720000.0,315640,1691469720000.0,0.0042870817334065,-2.303e-05,1617.1729653597642,1617.1885788540046,-0.5,0.2303,1.8,0.221725836533187,long_nclose,0.3991065057597366,0.0002467927143902937,2.0
1691470680000.0,315656,1691470680000.0,0.0019122490400438979,-1.3685999999999999e-05,1617.1748639228042,1617.1842751680044,-0.3,0.2281,1.5,0.221725836533187,long_nclose,0.3325887547997805,0.00020566035387973767,16.0
1691470740000.0,315657,1691470740000.0,0.0019122490400438979,-1.3685999999999999e-05,1617.1767624858442,1617.1847714820044,-0.3,0.2281,1.2,0.221725836533187,long_nclose,0.2660710038398244,0.000164528089947838,1.0
1691473980000.0,315711,1691473980000.0,0.0012748326933625987,-9.124000000000001e-06,1617.1780281945375,1617.1844023580043,-0.2,0.2281,1.0,0.221725836533187,long_nclose,0.221725836533187,0.000137106634314546,54.0
1691474040000.0,315712,1691474040000.0,0.0012748326933625987,-9.124000000000001e-06,1617.179293903231,1617.1846332340044,-0.2,0.2281,0.8,0.221725836533187,long_nclose,0.1773806692265496,0.0001096852216048493,1.0
1691474220000.0,315715,1691474220000.0,0.0006374163466812994,-4.5620000000000005e-06,1617.1799267575777,1617.1845286720045,-0.1,0.2281,0.7,0.221725836533187,long_nclose,0.1552080855732309,9.597453134631769e-05,3.0
1691475540000.0,315737,1691475540000.0,0.0004274163466813003,-4.520000000000001e-06,1617.1803496539244,1617.1829141520045,-0.1,0.226,0.6,0.221725836533187,long_nclose,0.1330355019199122,8.226386249893632e-05,22.0
1691475960000.0,315744,1691475960000.0,0.0004274163466813003,-4.520000000000001e-06,1617.180772550271,1617.1829596320044,-0.1,0.226,0.5,0.221725836533187,long_nclose,0.1108629182665935,6.855320082229536e-05,7.0
1691477160000.0,315764,1691477160000.0,0.0004274163466813003,-4.520000000000001e-06,1617.1811954466177,1617.1829451120045,-0.1,0.226,0.4,0.221725836533187,long_nclose,0.0886903346132748,5.484254631638921e-05,20.0
1691481000000.0,315828,1691481000000.0,0.0004274163466813003,-4.520000000000001e-06,1617.1816183429644,1617.1829605920045,-0.1,0.226,0.3,0.221725836533187,long_nclose,0.0665177509599561,4.1131898981212215e-05,64.0
1691481180000.0,315831,1691481180000.0,0.0004274163466813003,-4.520000000000001e-06,1617.182041239311,1617.1829560720043,-0.1,0.226,0.2,0.221725836533187,long_nclose,0.0443451673066374,2.742125881675877e-05,3.0
1691482440000.0,315852,1691482440000.0,0.0006374163466812994,-4.5620000000000005e-06,1617.1826740936579,1617.1833215100046,-0.1,0.2281,0.1,0.221725836533187,long_nclose,0.0221725836533187,1.3710624042979695e-05,21.0
1691484060000.0,315879,1691484060000.0,0.0006374163466812994,-4.5620000000000005e-06,1617.1833069480047,1617.1833069480047,-0.1,0.2281,0.0,0.221725836533187,long_nclose,0.0,0.0,27.0
1691501700000.0,316173,1691501700000.0,0.0,-0.016172772000000002,1617.1671341760048,1617.0608741760047,354.2,0.2283,354.2,0.2283,long_ientry_normal,80.86386,0.05000340304417735,294.0
1691577300000.0,317433,1691577300000.0,0.0,-0.016172072,1617.1509621040047,1615.0278021040049,364.4,0.2219,718.6,0.22505457834678538,long_rentry,161.72421999999997,0.10000564189108704,1260.0
1691610960000.0,317994,1691610960000.0,0.0,-0.016171664,1617.1347904400047,1612.2809504400047,370.4,0.2183,1089.0,0.22275715335169877,long_rentry,242.58253999999997,0.1500076192993139,561.0
1691744100000.0,320213,1691744100000.0,0.33321265381084003,-0.0069943900000000005,1617.4610087038154,1619.4613560500047,-155.5,0.2249,933.5,0.22275715335169877,long_nclose,207.9438026538108,0.12856186426432048,2219.0
1691744160000.0,320214,1691744160000.0,0.2856414582185529,-0.005995834,1617.740654328034,1619.5353802160046,-133.3,0.2249,800.2,0.22275715335169877,long_nclose,178.25027411202936,0.11018470336091649,1.0
1691744400000.0,320218,1691744400000.0,0.24492737190082967,-0.005141214,1617.9804404859347,1619.6559890020044,-114.3,0.2249,685.9,0.22275715335169877,long_nclose,152.7891314839302,0.0944320015624184,4.0
1691761200000.0,320498,1691761200000.0,0.20978468686868965,-0.004403542000000001,1618.1858216308033,1619.9162154600044,-97.9,0.2249,588.0,0.22275715335169877,long_nclose,130.98120617079888,0.08094324175872236,280.0
1691761260000.0,320499,1691761260000.0,0.4255989715335205,-0.00445116,1618.6069694423368,1621.4209643000045,-98.0,0.2271,490.0,0.22275715335169877,long_nclose,109.1510051423324,0.06743515084451818,1.0
1691761260000.0,320499,1691761260000.0,0.6313989715335195,-0.004492319999999999,1619.2338760938703,1621.4850719800045,-98.0,0.2292,392.0,0.22275715335169877,long_nclose,87.32080411386592,0.05392723398581105,0.0
1691761320000.0,320500,1691761320000.0,0.5051191772268158,-0.0035938560000000003,1619.7354014150972,1621.5363581240044,-78.4,0.2292,313.6,0.22275715335169877,long_nclose,69.85664329109274,0.043128429019987966,1.0
1691761860000.0,320509,1691761860000.0,0.09599952984389475,-0.0020151039999999998,1619.829385840941,1620.3516230200044,-44.8,0.2249,268.8,0.22275715335169877,long_nclose,59.877122820936634,0.03696507999195926,9.0
1691762280000.0,320516,1691762280000.0,0.08228531129476692,-0.0017272319999999998,1619.909943920236,1620.4036557880045,-38.4,0.2249,230.4,0.22275715335169877,long_nclose,51.3232481322314,0.031682778616709664,7.0
1691762520000.0,320520,1691762520000.0,0.0704996547291102,-0.0014798419999999999,1619.978963732965,1620.4021759460045,-32.9,0.2249,197.5,0.22275715335169877,long_nclose,43.99453778696051,0.027157474740031565,4.0
1691762820000.0,320525,1691762820000.0,0.06042827548209446,-0.001268436,1620.0381235724471,1620.4855575100046,-28.2,0.2249,169.3,0.22275715335169877,long_nclose,37.7127860624426,0.023278949744268848,5.0
1691763900000.0,320543,1691763900000.0,0.05164260422405945,-0.001084018,1620.0886821586712,1620.4143434920045,-24.1,0.2249,145.2,0.22275715335169877,long_nclose,32.34433866666666,0.019964548251500507,18.0
1691764800000.0,320558,1691764800000.0,0.04435692561983529,-0.000931086,1620.132107998291,1620.4113424060047,-20.7,0.2249,124.5,0.22275715335169877,long_nclose,27.733265592286497,0.017117903814986766,15.0
1691772900000.0,320693,1691772900000.0,0.0,-0.010661855999999999,1620.121446142291,1619.4942605500046,239.7,0.2224,364.2,0.2225220911375247,long_ientry_partial,81.04254559228649,0.05002251268585993,135.0
1692026340000.0,324917,1692026340000.0,0.11325126084871662,-0.00233688,1620.2323605231397,1621.0059636700046,-52.0,0.2247,312.2,0.2225220911375247,long_nclose,69.4713968531352,0.04287742829102877,4224.0
1692026520000.0,324920,1692026520000.0,0.09713473526639925,-0.002004324,1620.3274909344061,1621.0173393460045,-44.6,0.2247,267.6,0.2225220911375247,long_nclose,59.54691158840161,0.03674992365528666,3.0
1692027960000.0,324944,1692027960000.0,0.08319611854655722,-0.0017167080000000004,1620.4089703449526,1620.9315226380045,-38.2,0.2247,229.4,0.2225220911375247,long_nclose,51.04656770694817,0.03150227420432101,24.0
1692028800000.0,324958,1692028800000.0,0.07121761980294296,-0.0014695380000000003,1620.4787184267554,1620.9267831000043,-32.7,0.2247,196.7,0.2225220911375247,long_nclose,43.770095326751104,0.02701059559069395,14.0
1692028980000.0,324961,1692028980000.0,0.061199239035556484,-0.0012628140000000003,1620.538654851791,1620.9058502860044,-28.1,0.2247,168.6,0.2225220911375247,long_nclose,37.51722456578666,0.023151082791800396,3.0
1692029040000.0,324962,1692029040000.0,0.05226981269940767,-0.0010785600000000001,1620.5898461044906,1620.8613917260045,-24.0,0.2247,144.6,0.2225220911375247,long_nclose,32.17669437848607,0.019854927794241785,1.0
1692029940000.0,324977,1692029940000.0,0.04486492256699159,-0.000925764,1620.6337852630577,1620.9162459620047,-20.6,0.2247,124.0,0.2225220911375247,long_nclose,27.59273930105306,0.017025894160644237,15.0
1692030360000.0,324984,1692030360000.0,0.03854898686581316,-0.0007954380000000001,1620.6715388119235,1620.9136805240046,-17.7,0.2247,106.3,0.2225220911375247,long_nclose,23.654098287918874,0.01459524507060767,7.0
1692030540000.0,324987,1692030540000.0,0.03288642382337732,-0.000678594,1620.7037466417469,1620.9114919300046,-15.1,0.2247,91.2,0.2225220911375247,long_nclose,20.294014711742253,0.012521729991550518,3.0
1692031560000.0,325004,1692031560000.0,0.028312815212179154,-0.00058422,1620.7314752369589,1620.9174277100044,-13.0,0.2247,78.2,0.2225220911375247,long_nclose,17.401227526954433,0.010736650575882897,17.0
1692036420000.0,325085,1692036420000.0,0.0,-0.012740192,1620.718735044959,1620.4795675180046,287.2,0.2218,365.4,0.22195453619856167,long_ientry_partial,81.10218752695442,0.05004087740412567,81.0
1692126420000.0,326585,1692126420000.0,0.0,-0.016207698,1620.702527346959,1615.1562798200046,375.7,0.2157,741.1,0.2187838045161981,long_rentry,162.14067752695442,0.10004345325010001,1500.0
1692126420000.0,326585,1692126420000.0,0.0,-0.016207836,1620.686319510959,1614.7963619840045,381.9,0.2122,1123.0,0.216544841965231,long_rentry,243.1798575269544,0.15004745495743665,0.0
1692126480000.0,326586,1692126480000.0,0.0,-0.023315904000000005,1620.6630036069591,1605.9792260800048,556.2,0.2096,1679.2,0.2142445078173859,long_rentry,359.75937752695444,0.22198284080420877,1.0
1692126480000.0,326586,1692126480000.0,0.0,-0.03439497600000001,1620.6286086309592,1604.8637511040047,831.6,0.2068,2510.8,0.21177881851479785,long_rentry,531.7342575269545,0.32810370907628356,0.0
1692126540000.0,326587,1692126540000.0,0.0,-0.050635320000000004,1620.5779733109591,1612.8072157840047,1243.5,0.2036,3754.3,0.20906982860372225,long_rentry,784.9108575269545,0.48434007524076383,1.0
1692131280000.0,326666,1692131280000.0,1.0887809198237615,-0.022642586000000003,1621.6441116447827,1628.4990031980044,-536.3,0.2111,3218.0,0.20906982860372225,long_nclose,672.7867084467782,0.41487938297657173,79.0
1692131640000.0,326672,1692131640000.0,0.9332697908688853,-0.019408534,1622.5579729016517,1628.4336246640046,-459.7,0.2111,2758.3,0.20906982860372225,long_nclose,576.6773082376471,0.35541245235531643,6.0
1692132420000.0,326685,1692132420000.0,0.7998875301334366,-0.016634680000000002,1623.3412257517853,1628.3775899840048,-394.0,0.2111,2364.3,0.20906982860372225,long_nclose,494.30379576778057,0.3044977777477829,13.0
1692132600000.0,326688,1692132600000.0,0.6855888805229988,-0.014257694000000001,1624.0125569383083,1628.3295622900048,-337.7,0.2111,2026.6,0.20906982860372225,long_nclose,423.7009146483035,0.26089756069810904,3.0
1692134940000.0,326727,1692134940000.0,0.5877346192224109,-0.012222690000000001,1624.5880688675306,1628.1146796000048,-289.5,0.2111,1737.1,0.20906982860372225,long_nclose,363.1751992675259,0.22354909913913648,39.0
1692135000000.0,326728,1692135000000.0,0.5036855234165117,-0.010474782,1625.0812796089472,1628.4020048180048,-248.1,0.2111,1489.0,0.20906982860372225,long_nclose,311.3049747909424,0.19156271055307064,1.0
1692136320000.0,326750,1692136320000.0,0.9998855234165122,-0.010574022,1626.0705911103637,1631.0716307960047,-248.1,0.2131,1240.9,0.20906982860372225,long_nclose,259.43475031435895,0.159547040413051,22.0
1692136380000.0,326751,1692136380000.0,0.8334394447502408,-0.008813816000000002,1626.895216739114,1631.1662269800047,-206.8,0.2131,1034.1,0.20906982860372225,long_nclose,216.19910975910915,0.1328906173763608,1.0
1692138000000.0,326778,1692138000000.0,0.694398531578658,-0.007343426000000001,1627.5822718446925,1631.1416535540047,-172.3,0.2131,861.8,0.20906982860372225,long_nclose,180.17637829068784,0.11070185600293922,27.0
1692138120000.0,326780,1692138120000.0,0.5787326125054862,-0.006120232000000001,1628.154884225198,1630.9775333220045,-143.6,0.2131,718.2,0.20906982860372225,long_nclose,150.15395090319333,0.09222338265112179,2.0
1692147960000.0,326944,1692147960000.0,0.20829558525809794,-0.004331772,1628.3588480384562,1629.854861550005,-102.6,0.2111,615.6,0.20906982860372225,long_nclose,128.70338648845143,0.07903871228598618,164.0
1692148140000.0,326947,1692148140000.0,0.17845206573281494,-0.0037111380000000005,1628.5335889661892,1629.710450412005,-87.9,0.2111,527.7,0.20906982860372225,long_nclose,110.32614855418424,0.06774570036607011,3.0
1692154020000.0,327045,1692154020000.0,0.15287190613971516,-0.003179166,1628.683281706329,1629.646971246005,-75.3,0.2111,452.4,0.20906982860372225,long_nclose,94.58319046032395,0.058073409067741895,98.0
1692156420000.0,327085,1692156420000.0,0.13114907219954314,-0.0027274120000000002,1628.8117033665285,1629.599003834005,-64.6,0.2111,387.8,0.20906982860372225,long_nclose,81.07727953252349,0.04977695050013944,40.0
1692157080000.0,327096,1692157080000.0,0.11247149535378778,-0.002338988,1628.9218358738822,1629.6299048460048,-55.4,0.2111,332.4,0.20906982860372225,long_nclose,69.49481102787728,0.04266307289729147,11.0
1692157680000.0,327106,1692157680000.0,0.09623012418356572,-0.0020012280000000003,1629.016064770066,1629.5946636180051,-47.4,0.2111,285.0,0.20906982860372225,long_nclose,59.584901152060844,0.03657723360786574,10.0
1692157860000.0,327109,1692157860000.0,0.0,-0.004255776,1629.0118089940659,1629.474667842005,100.8,0.2111,385.8,0.20960026218781969,long_ientry_partial,80.86378115206084,0.04963977590929509,3.0
1692188220000.0,327615,1692188220000.0,0.0,-0.016291925999999998,1628.995517068066,1626.2477759160051,399.9,0.2037,785.7,0.20659718868787175,long_rentry,162.32341115206083,0.09964632158363289,506.0
1692217740000.0,328107,1692217740000.0,0.0,-0.016288512,1628.979228556066,1622.798787404005,406.4,0.2004,1192.1,0.20448449891121623,long_rentry,243.76597115206084,0.14964338825126458,492.0
1692217740000.0,328107,1692217740000.0,0.0,-0.023368032,1628.9558605240659,1623.601979372005,590.4,0.1979,1782.5,0.2023035798889542,long_rentry,360.60613115206087,0.2213725613387996,0.0
1692308100000.0,329613,1692308100000.0,0.0,-0.034482168,1628.9213783560658,1615.904437204005,882.8,0.1953,2665.3,0.19998385590817574,long_rentry,533.0169711520608,0.3272208089564091,1506.0
1692308220000.0,329615,1692308220000.0,0.0,-0.0507408,1628.8706375560657,1610.515506404005,1320.0,0.1922,3985.3,0.19740570876773664,long_rentry,786.7209711520609,0.4829855441021675,2.0
1692308460000.0,329619,1692308460000.0,0.0,-0.074451736,1628.7961858200658,1579.9968646680052,1973.8,0.1886,5959.1,0.19448904216275287,long_rentry,1158.9796511520608,0.7115559707481376,4.0
1692308520000.0,329620,1692308520000.0,0.0,-0.09396464000000002,1628.7022211800659,1512.321840028005,2552.0,0.1841,8511.1,0.19137395297341833,long_rentry,1628.8028511520608,1.0000617853716207,1.0
1692338700000.0,330123,1692338700000.0,-0.5703552569581543,-0.003257938,1628.1286079851077,1574.440802090005,-88.1,0.1849,8423.0,0.19137395297341833,unstuck_close_long,1611.9428058951025,0.9900586464664878,503.0
1692422640000.0,331522,1692422640000.0,-0.48827828047144645,-0.0032552159999999996,1627.6370744886362,1582.0094868740052,-87.6,0.1858,8335.4,0.19137395297341833,unstuck_close_long,1595.178447614631,0.9800578228508324,1399.0
1692506400000.0,332918,1692506400000.0,-0.479518280471445,-0.003256968,1627.1542992401648,1582.8310099060052,-87.6,0.1859,8247.8,0.19137395297341833,unstuck_close_long,1578.4140893341596,0.9700457357186313,1396.0
1692595740000.0,334407,1692595740000.0,-0.6062826522554972,-0.00325458,1626.5447620079094,1571.272015326005,-88.2,0.1845,8159.6,0.19137395297341833,unstuck_close_long,1561.5349066819042,0.9600319297418209,1489.0
1692631680000.0,335006,1692631680000.0,0.0,-0.016131648000000002,1626.5286303599094,1518.494923678005,449.6,0.1794,8609.2,0.1907486347955564,long_rentry,1642.1931466819042,1.0096306428485853,599.0
1692679440000.0,335802,1692679440000.0,-0.6888536333249643,-0.0032537399999999998,1625.8365229865844,1560.6678599380054,-88.9,0.183,8520.3,0.1907486347955564,unstuck_close_long,1625.235593048579,0.9996303872317361,796.0
1692763500000.0,337203,1692763500000.0,-0.623804179406741,-0.0032514899999999997,1625.2094673171778,1566.6199684480052,-88.5,0.1837,8431.8,0.1907486347955564,unstuck_close_long,1608.3543388691724,0.9896289501218393,1401.0
1692847500000.0,338603,1692847500000.0,-0.4871701350498515,-0.0032521119999999997,1624.719045070128,1579.2556363360054,-87.8,0.1852,8344.0,0.1907486347955564,unstuck_close_long,1591.6066087341226,0.9796195924233927,1400.0
1692931260000.0,339999,1692931260000.0,-0.7438633602840745,-0.0032503679999999996,1623.971931341844,1556.7057659680056,-89.1,0.1824,8254.9,0.1907486347955564,unstuck_close_long,1574.6109053738385,0.9696047542353642,1396.0
1692938280000.0,340116,1692938280000.0,0.0,-0.016204516,1623.955726825844,1523.6246214520056,453.4,0.1787,8708.3,0.1901213193589838,long_rentry,1655.6334853738385,1.0195065407416686,117.0
1693015260000.0,341399,1693015260000.0,-0.5493424993982686,-0.0032476740000000003,1623.4031366524457,1570.6373637780052,-88.3,0.1839,8620.0,0.1901213193589838,unstuck_close_long,1638.8457728744404,1.0095125085527668,1283.0
1693101600000.0,342838,1693101600000.0,-0.9601672700521361,-0.0032453600000000005,1622.4397240223936,1533.5500384180054,-90.4,0.1795,8529.6,0.1901213193589838,unstuck_close_long,1621.6588056043884,0.9995186764682578,1439.0
1693187220000.0,344265,1693187220000.0,-1.0268436658598317,-0.003243432,1621.4096369245337,1525.8701549860052,-90.7,0.1788,8438.9,0.1901213193589838,unstuck_close_long,1604.4148019385284,0.9895184815736997,1427.0
1693191240000.0,344332,1693191240000.0,0.0,-0.01620512,1621.3934318045337,1518.2134198660056,455.2,0.178,8894.1,0.18950095028597927,long_rentry,1685.4404019385283,1.0395011900737217,67.0
1693271160000.0,345664,1693271160000.0,-0.640164480423558,-0.003241294,1620.7500260301101,1557.3442185720053,-88.9,0.1823,8805.2,0.18950095028597927,unstuck_close_long,1668.5937674581048,1.0295195068083287,1332.0
1693319820000.0,346475,1693319820000.0,2.262844730295272,-0.048123427999999996,1622.9647473324053,1633.5239351440052,-1257.8,0.1913,7547.4,0.18950095028597927,long_nclose,1430.2394721883998,0.8812511020582675,811.0
1693320060000.0,346479,1693320060000.0,1.9397354016571495,-0.041251932,1624.8632308020624,1640.3831632120052,-1078.2,0.1913,6469.2,0.18950095028597927,long_nclose,1225.9195475900572,0.7544755302173468,4.0
1693326420000.0,346585,1693326420000.0,1.6625018407265553,-0.035356066,1626.4903765767888,1637.020797146005,-924.1,0.1913,5545.1,0.18950095028597927,long_nclose,1050.8017194307838,0.6460546797961175,106.0
1693329960000.0,346644,1693329960000.0,1.4250272784758191,-0.030305746,1627.8850981092646,1636.911281400005,-792.1,0.1913,4753.0,0.18950095028597927,long_nclose,900.6980167092595,0.5532933606649455,59.0
1693330140000.0,346647,1693330140000.0,1.2215547558200746,-0.025978539999999998,1629.0806743250846,1636.817402860005,-679.0,0.1913,4074.0,0.18950095028597927,long_nclose,772.0268714650796,0.4739034006311101,3.0
1693330260000.0,346649,1693330260000.0,1.0470469335600638,-0.022267320000000004,1630.1054539386446,1636.7369355400049,-582.0,0.1913,3492.0,0.18950095028597927,long_nclose,661.7373183986396,0.40594755192049475,2.0
1693330440000.0,346652,1693330440000.0,0.8973659973535394,-0.019084088,1630.983735847998,1636.967291452005,-498.8,0.1913,2993.2,0.18950095028597927,long_nclose,567.2142443959931,0.347774310637795,3.0
1693330680000.0,346656,1693330680000.0,0.7692736577152636,-0.016359976000000002,1631.7366495297133,1637.1219714760048,-427.6,0.1913,2565.6,0.18950095028597927,long_nclose,486.1836380537084,0.2979547209372496,4.0
1693332540000.0,346687,1693332540000.0,0.659351720188597,-0.014022290000000001,1632.381978959902,1636.558179186005,-366.5,0.1913,2199.1,0.18950095028597927,long_nclose,416.731539773897,0.25529045599941264,31.0
1693332720000.0,346690,1693332720000.0,0.5650815151739108,-0.012017466000000001,1632.9350430090758,1636.7032517200048,-314.1,0.1913,1885.0,0.18950095028597927,long_nclose,357.2092912890709,0.2187529092589175,3.0
1693496460000.0,349419,1693496460000.0,0.0,-0.034151088,1632.9008919210758,1619.048800632005,933.6,0.1829,2818.6,0.18731452894666534,long_rentry,527.9647312890709,0.32332931771990814,2729.0
1693501140000.0,349497,1693501140000.0,0.0,-0.050280318000000004,1632.8506116030758,1608.7226903140047,1395.9,0.1801,4214.5,0.18492497835782917,long_rentry,779.366321289071,0.4773041181788923,78.0
1693579740000.0,350807,1693579740000.0,0.0,-0.07376518200000001,1632.7768464210758,1601.8937551320048,2087.3,0.1767,6301.8,0.1822006777887383,long_rentry,1148.192231289071,0.7032144250488499,1310.0
1693797000000.0,354428,1693797000000.0,1.6197498545777775,-0.03312736,1634.3634689156536,1645.1630077720047,-900.2,0.184,5401.6,0.1822006777887383,long_nclose,984.1751811436488,0.6021764435279606,3621.0
1693798680000.0,354456,1693798680000.0,1.3883570182095237,-0.02839488,1635.7234310538631,1645.4432928920048,-771.6,0.184,4630.0,0.1822006777887383,long_nclose,843.5891381618584,0.515728467384215,28.0
1693799280000.0,354466,1693799280000.0,2.7000770182095293,-0.028657224000000002,1638.3948508480728,1652.6683156680049,-771.6,0.1857,3858.4,0.1822006777887383,long_nclose,703.0030951800679,0.42908038609629207,10.0
1693799400000.0,354468,1693799400000.0,4.088957018209526,-0.028935000000000002,1642.4548728662824,1660.3562206680049,-771.6,0.1875,3086.8,0.1822006777887383,long_nclose,562.4170521982775,0.34242466048202086,2.0
1693799520000.0,354470,1693799520000.0,3.2712716010118457,-0.02314875,1645.7029957172942,1663.728671918005,-617.3,0.1875,2469.5,0.1822006777887383,long_nclose,449.94457379928923,0.2734056965140158,2.0
1693799520000.0,354470,1693799520000.0,4.3206816010118505,-0.023358632,1650.000318686306,1663.520123286005,-617.3,0.1892,1852.2,0.1822006777887383,long_nclose,337.4720954003011,0.20452850316355634,0.0
1693799580000.0,354471,1693799580000.0,5.432701533232974,-0.02358468,1655.409435539539,1667.0157186060048,-617.4,0.191,1234.8,0.1822006777887383,long_nclose,224.98139693353406,0.13590679870699604,1.0
1693799640000.0,354472,1693799640000.0,6.482281533232978,-0.023794596,1661.8679224767718,1668.2267240100048,-617.4,0.1927,617.4,0.1822006777887383,long_nclose,112.49069846676703,0.06768931329940832,1.0
1693799700000.0,354473,1693799700000.0,3.241140766616489,-0.011897298,1665.0971659453885,1668.276566712005,-308.7,0.1927,308.7,0.1822006777887383,long_nclose,56.245349233383514,0.033779019257082946,1.0
1693799760000.0,354474,1693799760000.0,1.6200454171976817,-0.005946722000000001,1666.711264640586,1668.6411599900048,-154.3,0.1927,154.4,0.1822006777887383,long_nclose,28.131784650581196,0.016878619139019023,1.0
1693799760000.0,354474,1693799760000.0,1.8990153494188071,-0.006006160000000001,1668.6042738300048,1668.6042738300048,-154.4,0.1945,0.0,0.1822006777887383,long_nclose,0.0,0.0,0.0
1693824360000.0,354884,1693824360000.0,0.0,-0.016685798,1668.5875880320048,1668.6327580320049,451.7,0.1847,451.7,0.1847,long_ientry_normal,83.42899,0.0499997666280134,410.0
1693871460000.0,355669,1693871460000.0,0.11609999999999975,-0.00240585,1668.7012821820047,1669.3982421820047,-64.5,0.1865,387.2,0.1847,long_nclose,71.51584,0.04285718526355144,785.0
1693872000000.0,355678,1693872000000.0,0.09953999999999978,-0.00206269,1668.7987594920046,1669.3961794920046,-55.3,0.1865,331.9,0.1847,long_nclose,61.30193,0.036734165609435605,9.0
1693872060000.0,355679,1693872060000.0,0.08531999999999981,-0.00176802,1668.8823114720044,1669.4228614720043,-47.4,0.1865,284.5,0.1847,long_nclose,52.54715,0.03148643234983528,1.0
1693873620000.0,355705,1693873620000.0,0.0,-0.0061682640000000006,1668.8761432080044,1668.9330432080044,166.8,0.1849,451.3,0.1847739197872812,long_ientry_partial,83.38847,0.04996684166130277,26.0
1693875720000.0,355740,1693875720000.0,0.11759956569909039,-0.002403408,1668.9913393657034,1669.8912998000044,-64.4,0.1866,386.9,0.1847739197872812,long_nclose,71.48902956569908,0.042833673177038976,35.0
1693876080000.0,355746,1693876080000.0,0.10079962774207747,-0.002060064,1669.0900789294456,1669.7621297360045,-55.2,0.1866,331.7,0.1847739197872812,long_nclose,61.28950919344117,0.03672031244278455,6.0
1693876620000.0,355755,1693876620000.0,0.08637359406159899,-0.0017652359999999999,1669.1746872875071,1669.6087045000045,-47.3,0.1866,284.4,0.1847739197872812,long_nclose,52.54970278750277,0.03148244649749553,9.0
1693877760000.0,355774,1693877760000.0,0.07413885663638307,-0.0015151919999999998,1669.2473109521436,1669.7168893080045,-40.6,0.1866,243.8,0.1847739197872812,long_nclose,45.04788164413916,0.026986942766703464,19.0
1693878900000.0,355793,1693878900000.0,0.14721885663638404,-0.0015298080000000003,1669.39300000078,1670.1704595000044,-40.6,0.1884,203.2,0.1847739197872812,long_nclose,37.54606050077554,0.02249084577493616,19.0
1693879200000.0,355798,1693879200000.0,0.12256151118989606,-0.001273584,1669.5142879279697,1670.0777259160043,-33.8,0.1884,169.4,0.1847739197872812,long_nclose,31.300702011965434,0.01874838822182987,5.0
1693879260000.0,355799,1693879260000.0,0.10225546199867068,-0.001062576,1669.6154808139684,1670.2686833400041,-28.2,0.1884,141.2,0.1847739197872812,long_nclose,26.0900774739641,0.01562639887673101,1.0
1693879500000.0,355803,1693879500000.0,0.08521288499889224,-0.0008854800000000001,1669.699808218967,1670.079517860004,-23.5,0.1884,117.7,0.1847739197872812,long_nclose,21.747890358962998,0.013025030159260188,4.0
1693880460000.0,355819,1693880460000.0,0.030678147573675752,-0.000626976,1669.729859390541,1669.9847408840042,-16.8,0.1866,100.9,0.1847739197872812,long_nclose,18.643688506536673,0.011165691504937035,16.0
1693881960000.0,355844,1693881960000.0,0.026295555063150646,-0.0005374080000000001,1669.7556175376042,1669.9222234760043,-14.4,0.1866,86.5,0.1847739197872812,long_nclose,15.982944061599824,0.009572025926266946,25.0
1693882980000.0,355861,1693882980000.0,0.022460786616441176,-0.00045903599999999996,1669.7776192882206,1669.9205344400043,-12.3,0.1866,74.2,0.1847739197872812,long_nclose,13.710224848216265,0.008210808846546014,17.0
1693883100000.0,355863,1693883100000.0,0.019356450254819222,-0.00039559199999999995,1669.7965801464757,1669.9254388480047,-10.6,0.1866,63.6,0.1847739197872812,long_nclose,11.751621298471084,0.007037756238212097,2.0
1693883400000.0,355868,1693883400000.0,0.016434721914469153,-0.00033588,1669.8126789883902,1669.9233029680047,-9.0,0.1866,54.6,0.1847739197872812,long_nclose,10.088656020385553,0.006041789086484531,5.0
1693883580000.0,355871,1693883580000.0,0.014243425659206598,-0.00029109599999999997,1669.8266313180495,1669.9027318720048,-7.8,0.1866,46.8,0.1847739197872812,long_nclose,8.64741944604476,0.005178633089124387,3.0
1693883760000.0,355874,1693883760000.0,0.012052129403944045,-0.00024631199999999994,1669.8384371354534,1669.9158655600047,-6.6,0.1866,40.2,0.1847739197872812,long_nclose,7.427911575448705,0.004448281588361934,3.0
1693886280000.0,355916,1693886280000.0,0.010408657212497131,-0.00021272400000000002,1669.848633068666,1669.9081828360047,-5.7,0.1866,34.5,0.1847739197872812,long_nclose,6.374700232661201,0.0038175317848699085,42.0
1693886460000.0,355919,1693886460000.0,0.008947793042322095,-0.000182868,1669.8573979937084,1669.920329968005,-4.9,0.1866,29.6,0.1847739197872812,long_nclose,5.469308025703524,0.003275314426414351,3.0
1693886760000.0,355924,1693886760000.0,0.007669536893418938,-0.000156744,1669.864910786602,1669.913833224005,-4.2,0.1866,25.4,0.1847739197872812,long_nclose,4.693257562596942,0.0028105612210188604,5.0
1693888260000.0,355949,1693888260000.0,0.0065738887657876615,-0.00013435200000000002,1669.8713503233678,1669.913338872005,-3.6,0.1866,21.8,0.1847739197872812,long_nclose,4.02807145136273,0.002412204659109039,25.0
1693890060000.0,355979,1693890060000.0,0.005660848659428264,-0.000115692,1669.876895480027,1669.912913180005,-3.1,0.1866,18.7,0.1847739197872812,long_nclose,3.455272300022158,0.0020691778593828,30.0
1693891260000.0,355999,1693891260000.0,0.004747808553068867,-9.7032e-05,1669.8815462565801,1669.9157761480049,-2.6,0.1866,16.1,0.1847739197872812,long_nclose,2.9748601085752275,0.0017814797194711529,20.0
1693891920000.0,356010,1693891920000.0,0.004199984489253228,-8.5836e-05,1669.8856604050695,1669.912240312005,-2.3,0.1866,13.8,0.1847739197872812,long_nclose,2.5498800930644805,0.0015269788546156795,11.0
1693895520000.0,356070,1693895520000.0,0.00346955240416571,-7.090799999999999e-05,1669.8890590494736,1669.913169404005,-1.9,0.1866,11.9,0.1847739197872812,long_nclose,2.1988096454686463,0.0013167399555993513,60.0
1693895940000.0,356077,1693895940000.0,0.0031043363616219508,-6.3444e-05,1669.8920999418353,1669.913785960005,-1.7,0.1866,10.2,0.1847739197872812,long_nclose,1.8846939818302682,0.001128632192400883,7.0
1693896780000.0,356091,1693896780000.0,0.0025565122978063125,-5.2248e-05,1669.8946042061332,1669.9115537120051,-1.4,0.1866,8.8,0.1847739197872812,long_nclose,1.6260104941280746,0.0009737204312370833,14.0
1693902120000.0,356180,1693902120000.0,0.0021912962552625534,-4.4784e-05,1669.8967507183884,1669.911388928005,-1.2,0.1866,7.6,0.1847739197872812,long_nclose,1.4042817903833371,0.0008409392914736891,89.0
1693902360000.0,356184,1693902360000.0,0.0018260802127187947,-3.732e-05,1669.8985394786012,1669.912571608005,-1.0,0.1866,6.6,0.1847739197872812,long_nclose,1.2195078705960558,0.0007302886024301976,4.0
1693914300000.0,356383,1693914300000.0,0.003988688233990701,-4.144800000000001e-05,1669.902486718835,1669.924080160005,-1.1,0.1884,5.5,0.1847739197872812,long_nclose,1.0162565588300465,0.000608572396839095,199.0
1693915920000.0,356410,1693915920000.0,0.0032634721914469368,-3.3912e-05,1669.9057162790266,1669.923316248005,-0.9,0.1884,4.6,0.1847739197872812,long_nclose,0.8499600310214934,0.0005089868384398491,27.0
1693918320000.0,356450,1693918320000.0,0.002538256148903173,-2.6376e-05,1669.9082281591755,1669.9227598720051,-0.7,0.1884,3.9,0.1847739197872812,long_nclose,0.7206182871703967,0.0004315316704348303,40.0
1693922340000.0,356517,1693922340000.0,0.0,-0.016554216,1669.8916739431754,1669.899575656005,443.1,0.1868,447.0,0.18678232279009038,long_ientry_partial,83.49169828717041,0.049998272097505854,67.0
1693926720000.0,356590,1693926720000.0,0.11596780599223294,-0.002406536,1670.0052352131677,1670.778409120005,-63.8,0.1886,383.2,0.18678232279009038,long_nclose,71.57498609316264,0.042859138752356335,73.0
1693928160000.0,356614,1693928160000.0,0.09942694338205552,-0.0020632840000000003,1670.1025988725496,1670.798255836005,-54.7,0.1886,328.5,0.18678232279009038,long_nclose,61.35799303654469,0.03673905607833085,24.0
1693928760000.0,356624,1693928760000.0,0.08524906114476058,-0.0017690679999999997,1670.1860788656945,1670.7260967680052,-46.9,0.1886,281.6,0.18678232279009038,long_nclose,52.597902097689456,0.0314922407528455,10.0
1693929540000.0,356637,1693929540000.0,0.07307062383836621,-0.001516344,1670.257633145533,1670.720560424005,-40.2,0.1886,241.4,0.18678232279009038,long_nclose,45.08925272152782,0.0269953879130688,13.0
1693940640000.0,356822,1693940640000.0,0.06252809602089049,-0.001297568,1670.318863673554,1670.6951228560054,-34.4,0.1886,207.0,0.18678232279009038,long_nclose,38.663940817548706,0.023147640644202865,185.0
1693940880000.0,356826,1693940880000.0,0.053621477692333414,-0.00111274,1670.3713724112463,1670.7117601160053,-29.5,0.1886,177.5,0.18678232279009038,long_nclose,33.15386229524104,0.01984819833650654,4.0
1693946340000.0,356917,1693946340000.0,0.0,-0.010054264,1670.3613181472463,1670.4977958520053,268.4,0.1873,445.9,0.18709392755156096,long_ientry_partial,83.42518229524103,0.049944393101592946,91.0
1694019900000.0,358143,1694019900000.0,0.0,-0.016703784,1670.3446143632464,1666.8071620680053,459.4,0.1818,905.3,0.18440749176542695,long_rentry,166.944102295241,0.09994590389294124,1226.0
1694022900000.0,358193,1694022900000.0,0.23177131473029586,-0.004815132000000001,1670.5715705459768,1672.1953569360055,-129.3,0.1862,776.0,0.18440749176542695,long_nclose,143.10021360997132,0.08565943305452232,50.0
1694120940000.0,359827,1694120940000.0,0.19860991239069434,-0.004126192,1670.7660542663675,1671.9584307440055,-110.8,0.1862,665.2,0.18440749176542695,long_nclose,122.66786352236201,0.07342013156726805,1634.0
1694121000000.0,359828,1694121000000.0,0.1702882822844401,-0.0035378000000000002,1670.932804748652,1671.7838329440056,-95.0,0.1862,570.2,0.18440749176542695,long_nclose,105.14915180464645,0.06292841429997742,1.0
1694121360000.0,359834,1694121360000.0,0.14591017029424658,-0.0030313360000000004,1671.075683582946,1672.0496216080055,-81.4,0.1862,488.8,0.18440749176542695,long_nclose,90.1383819749407,0.05394033487560263,6.0
1694124420000.0,359885,1694124420000.0,0.12511707477319914,-0.002599352,1671.1982013057193,1671.9911622560055,-69.8,0.1862,419.0,0.18440749176542695,long_nclose,77.26673904971389,0.04623433593295207,51.0
1694125020000.0,359895,1694125020000.0,0.1071919924274686,-0.002226952,1671.3031663461468,1671.9470353040053,-59.8,0.1862,359.2,0.18440749176542695,long_nclose,66.23917104214136,0.039633246903346346,10.0
1694125800000.0,359908,1694125800000.0,0.09195567243359765,-0.001910412,1671.3932116065805,1671.9759148920054,-51.3,0.1862,307.9,0.18440749176542695,long_nclose,56.77906671457495,0.033971100468930135,13.0
1694128320000.0,359950,1694128320000.0,0.07869111149775705,-0.001634836,1671.4702678820784,1672.0226900560056,-43.9,0.1862,264.0,0.18440749176542695,long_nclose,48.683577826072714,0.02912620030493257,42.0
1694131020000.0,359995,1694131020000.0,0.06757756044340413,-0.0014039480000000001,1671.5364414945218,1671.9647161080056,-37.7,0.1862,226.3,0.18440749176542695,long_nclose,41.73141538651612,0.0249659022385441,45.0
1694131200000.0,359998,1694131200000.0,0.05789801597670963,-0.001202852,1671.5931366584985,1671.9602832560056,-32.3,0.1862,194.0,0.18440749176542695,long_nclose,35.77505340249283,0.02140177093213417,3.0
1694133060000.0,360029,1694133060000.0,0.049652478097673584,-0.001031548,1671.6417575885962,1671.9564817080056,-27.7,0.1862,166.3,0.18440749176542695,long_nclose,30.666965880590503,0.01834541745644636,31.0
1694138400000.0,360118,1694138400000.0,0.04248244515938137,-0.000882588,1671.6833574457555,1671.9389691200056,-23.7,0.1862,142.6,0.18440749176542695,long_nclose,26.296508325749883,0.01573055579492612,89.0
1694147280000.0,360266,1694147280000.0,0.03638791716183299,-0.000755972,1671.7189893909174,1671.9626731480057,-20.3,0.1862,122.3,0.18440749176542695,long_nclose,22.553036242911716,0.013490925440243282,148.0
1694148180000.0,360281,1694148180000.0,0.03118964328157113,-0.000647976,1671.749531058199,1671.9480551720058,-17.4,0.1862,104.9,0.18440749176542695,long_nclose,19.344345886193288,0.01157131826676723,15.0
1694148480000.0,360286,1694148480000.0,0.0267083726951385,-0.000554876,1671.775684554894,1671.9460102960056,-14.9,0.1862,90.0,0.18440749176542695,long_nclose,16.596674258888427,0.009927572468137224,5.0
1694149140000.0,360297,1694149140000.0,0.022944105402535088,-0.00047667200000000003,1671.7981519882965,1671.9442536240056,-12.8,0.1862,77.2,0.18440749176542695,long_nclose,14.236258364290961,0.008515536607909005,11.0
1694156940000.0,360427,1694156940000.0,0.01971759058030359,-0.00040964,1671.8174599388767,1671.9361239840055,-11.0,0.1862,66.2,0.18440749176542695,long_nclose,12.207775954871265,0.00730209861267844,130.0
1694157300000.0,360433,1694157300000.0,0.016849577404986705,-0.000350056,1671.833959460282,1671.9471339280055,-9.4,0.1862,56.8,0.18440749176542695,long_nclose,10.474345532276251,0.006265182898699871,6.0
1694159280000.0,360466,1694159280000.0,0.014519316700041734,-0.000301644,1671.8481771329818,1671.9403422840055,-8.1,0.1862,48.7,0.18440749176542695,long_nclose,8.980644848976294,0.005371686838440687,33.0
1694160300000.0,360483,1694160300000.0,0.01236830681855407,-0.000256956,1671.8602884838006,1671.9519353280057,-6.9,0.1862,41.8,0.18440749176542695,long_nclose,7.708233155794846,0.0046105725513615695,17.0
1694167200000.0,360598,1694167200000.0,0.0,-0.015166480000000001,1671.8451220038005,1671.7556088480057,408.8,0.1855,450.6,0.18539865325298455,long_ientry_partial,83.54063315579484,0.04996912217303161,115.0
1694228700000.0,361623,1694228700000.0,0.11582659583309399,-0.0024073920000000004,1671.9585412076337,1672.770291456006,-64.3,0.1872,386.3,0.18539865325298455,long_nclose,71.61949975162793,0.04283569118878875,1025.0
1694229540000.0,361637,1694229540000.0,0.09925420576055177,-0.002062944,1672.0557324693943,1672.6523385120058,-55.1,0.1872,331.2,0.18539865325298455,long_nclose,61.40403395738848,0.03672367658864052,14.0
1694229660000.0,361639,1694229660000.0,0.08520370113383119,-0.001770912,1672.1391652585282,1672.678957600006,-47.3,0.1872,283.9,0.18539865325298455,long_nclose,52.63467765852231,0.03147745041327615,2.0
1694233800000.0,361708,1694233800000.0,0.07295454325412608,-0.00151632,1672.2106034817823,1672.673391280006,-40.5,0.1872,243.4,0.18539865325298455,long_nclose,45.12603220177644,0.02698585459739196,69.0
1694236260000.0,361749,1694236260000.0,0.14585454325412592,-0.0015309,1672.3549271250363,1673.1059303800057,-40.5,0.189,202.9,0.18539865325298455,long_nclose,37.617386745030565,0.0224936621615957,41.0
1694237460000.0,361769,1694237460000.0,0.12172552004912236,-0.00127764,1672.4753750050854,1673.1181827400058,-33.8,0.189,169.1,0.18539865325298455,long_nclose,31.350912265079685,0.018745216063336272,20.0
1694239140000.0,361797,1694239140000.0,0.18256552004912222,-0.001289808,1672.6566507171347,1673.3739229320058,-33.8,0.1908,135.3,0.18539865325298455,long_nclose,25.084437785128813,0.014996764443183312,28.0
1694239260000.0,361799,1694239260000.0,0.14583636216941717,-0.0010303200000000002,1672.801456759304,1673.5055526120059,-27.0,0.1908,108.3,0.18539865325298455,long_nclose,20.078674147298226,0.012003022872897525,2.0
1694239320000.0,361800,1694239320000.0,0.19173636216941736,-0.0010395,1672.9921536214736,1673.585753112006,-27.0,0.1925,81.3,0.18539865325298455,long_nclose,15.072910509467643,0.009009552421892587,1.0
1694239440000.0,361802,1694239440000.0,0.24122649684411882,-0.001053106,1673.2323270123177,1673.6876800060058,-27.1,0.1943,54.2,0.18539865325298455,long_nclose,10.048607006311762,0.006005506135692649,2.0
1694239500000.0,361803,1694239500000.0,0.16022424144627817,-0.00069948,1673.3918517737638,1673.757520526006,-18.0,0.1943,36.2,0.18539865325298455,long_nclose,6.711431247758041,0.004010675228664494,1.0
1694239620000.0,361805,1694239620000.0,0.19369437612097967,-0.0007098820000000001,1673.5848362678848,1673.7875806440059,-18.1,0.1961,18.1,0.18539865325298455,long_nclose,3.3557156238790204,0.0020051063747460263,2.0
1694239740000.0,361807,1694239740000.0,0.2262743761209796,-0.000716398,1673.810394246006,1673.810394246006,-18.1,0.1979,0.0,0.18539865325298455,long_nclose,0.0,0.0,2.0
1694264280000.0,362216,1694264280000.0,0.0,-0.016739128,1673.793655118006,1673.793655118006,441.2,0.1897,441.2,0.1897,long_ientry_normal,83.69564,0.05000355912694584,409.0
1694315280000.0,363066,1694315280000.0,0.11339999999999975,-0.0024129000000000004,1673.9046422180058,1674.6988622180058,-63.0,0.1915,378.2,0.1897,long_nclose,71.74454,0.04286058965995516,850.0
1694315400000.0,363068,1694315400000.0,0.09719999999999979,-0.0020682000000000005,1673.9997740180058,1674.6805940180059,-54.0,0.1915,324.2,0.1897,long_nclose,61.50074,0.03673879826900053,2.0
1694316060000.0,363079,1694316060000.0,0.08333999999999982,-0.00177329,1674.0813407280057,1674.8316707280057,-46.3,0.1915,277.9,0.1897,long_nclose,52.71763,0.03149048299951468,11.0
1694316660000.0,363089,1694316660000.0,0.1713099999999991,-0.001790884,1674.2508598440056,1675.2004198440056,-46.3,0.1934,231.6,0.1897,long_nclose,43.93452,0.02624130054446769,10.0
1694317200000.0,363098,1694317200000.0,0.14281999999999928,-0.001493048,1674.3921867960057,1675.1255867960058,-38.6,0.1934,193.0,0.1897,long_nclose,36.6121,0.021865904707820114,9.0
1694317980000.0,363111,1694317980000.0,0.04949999999999989,-0.0010532500000000001,1674.4406335460058,1674.7881835460057,-27.5,0.1915,165.5,0.1897,long_nclose,31.39535,0.018749754019951884,13.0
1694318280000.0,363116,1694318280000.0,0.04247999999999991,-0.00090388,1674.482209666006,1674.751819666006,-23.6,0.1915,141.9,0.1897,long_nclose,26.91843,0.016075673927505734,5.0
1694318400000.0,363118,1694318400000.0,0.03635999999999992,-0.00077366,1674.517796006006,1674.7368560060058,-20.2,0.1915,121.7,0.1897,long_nclose,23.08649,0.013786948132211548,2.0
1694318460000.0,363119,1694318460000.0,0.03113999999999993,-0.0006625900000000001,1674.548273416006,1674.715313416006,-17.3,0.1915,104.4,0.1897,long_nclose,19.80468,0.01182687911385159,1.0
1694319660000.0,363139,1694319660000.0,0.0,-0.012811932,1674.535461484006,1674.300381484006,340.2,0.1883,444.6,0.18862874493927123,long_ientry_partial,83.86434,0.05008215229176322,20.0
1694319720000.0,363140,1694319720000.0,0.0,-0.016746287999999998,1674.518715196006,1669.625635196006,456.8,0.1833,901.4,0.18592831151542044,long_rentry,167.59578,0.100085940204247,1.0
1694319720000.0,363140,1694319720000.0,0.0,-0.016746264,1674.501968932006,1669.7017689320062,464.4,0.1803,1365.8,0.18401457021525844,long_rentry,251.32709999999997,0.15009065660298737,0.0
1694320320000.0,363150,1694320320000.0,0.3483373510030773,-0.0072499159999999995,1674.843056367009,1676.9332590160059,-195.1,0.1858,1170.7,0.18401457021525844,long_nclose,215.42585735100306,0.12862450396892394,10.0
1694320380000.0,363151,1694320380000.0,0.2985238600087879,-0.0062131519999999996,1675.1353670750177,1677.027395864006,-167.2,0.1858,1003.5,0.18401457021525844,long_nclose,184.65862121101185,0.11023504418836753,1.0
1694320980000.0,363161,1694320980000.0,0.2558520881534648,-0.005325028000000001,1675.3858941351712,1676.6636608360059,-143.3,0.1858,860.2,0.18401457021525844,long_nclose,158.28933329916532,0.09447932792872998,10.0
1694322360000.0,363184,1694322360000.0,0.2192507775662629,-0.004563248,1675.6005816647373,1676.9908975880057,-122.8,0.1858,737.4,0.18401457021525844,long_nclose,135.69234407673156,0.08098131831747095,23.0
1694323320000.0,363200,1694323320000.0,0.1880057563332857,-0.003912948,1675.7846744730705,1676.9764546400056,-105.3,0.1858,632.1,0.18401457021525844,long_nclose,116.31560983306487,0.06940963931994357,16.0
1694328180000.0,363281,1694328180000.0,0.16122430956216238,-0.003355548,1675.9425432346327,1676.9640690920057,-90.3,0.1858,541.8,0.18401457021525844,long_nclose,99.69909414262702,0.0594883724057771,81.0
1694328300000.0,363283,1694328300000.0,0.13819226533899634,-0.002876184,1676.0778593159719,1676.9070129080058,-77.4,0.1858,464.4,0.18401457021525844,long_nclose,85.45636640796602,0.050985916873122955,2.0
1694328420000.0,363285,1694328420000.0,0.11837399472836506,-0.002463708,1676.1937696027003,1676.984169200006,-66.3,0.1858,398.1,0.18401457021525844,long_nclose,73.25620040269439,0.04370389732450678,2.0
1694329380000.0,363301,1694329380000.0,0.10141241177332029,-0.002110688,1676.2930713264736,1677.0389585120058,-56.8,0.1858,341.3,0.18401457021525844,long_nclose,62.804172814467705,0.03746610535398199,16.0
1694330100000.0,363313,1694330100000.0,0.20365241177332005,-0.0021311359999999996,1676.4945926022472,1677.4861973760062,-56.8,0.1876,284.5,0.18401457021525844,long_nclose,52.35214522624103,0.031227148275486095,12.0
1694332740000.0,363357,1694332740000.0,0.0,-0.006134512,1676.4884580902471,1677.280912864006,164.2,0.1868,448.7,0.18503388728825723,long_ientry_partial,83.02470522624101,0.0495229805046303,44.0
1694332800000.0,363358,1694332800000.0,0.11320782482271105,-0.002394776,1676.5992711390697,1677.240058088006,-64.1,0.1868,384.6,0.18503388728825723,long_nclose,71.16403305106374,0.042445463430695274,1.0
1694412060000.0,364679,1694412060000.0,0.09695958787467764,-0.002051064,1676.6941796629444,1677.309437024006,-54.9,0.1868,329.7,0.18503388728825723,long_nclose,61.00567263893841,0.03638449597958407,1321.0
1694412360000.0,364684,1694412360000.0,0.08318390872308411,-0.001759656,1676.7756039156675,1677.331227368006,-47.1,0.1868,282.6,0.18503388728825723,long_nclose,52.290576547661495,0.031185196412418355,5.0
1694416440000.0,364752,1694416440000.0,0.0,-0.006339420000000001,1676.7692644956676,1676.618387948006,171.8,0.1845,454.4,0.18483203465594522,long_ientry_partial,83.98767654766151,0.05008898858420035,68.0
1694426640000.0,364922,1694426640000.0,0.0,-0.016767456000000003,1676.7524970396676,1674.190820492006,466.8,0.1796,921.2,0.1821808038945522,long_rentry,167.82495654766151,0.1000892838054269,170.0
1694427720000.0,364940,1694427720000.0,0.0,-0.016768830000000002,1676.7357282096675,1673.780361662006,474.5,0.1767,1395.7,0.1803174797934094,long_rentry,251.6691065476615,0.15009467640817845,18.0
1694460000000.0,365478,1694460000000.0,0.0,-0.024122880000000003,1676.7116053296675,1669.844288782006,691.2,0.1745,2086.9,0.17839067830162514,long_rentry,372.28350654766155,0.22203192568376412,538.0
1694582460000.0,367519,1694582460000.0,0.0,-0.035597184,1676.6760081456675,1663.756681598006,1033.6,0.1722,3120.5,0.17634014630593223,long_rentry,550.2694265476615,0.32819067242229827,2041.0
1694621940000.0,368177,1694621940000.0,0.7843667914460101,-0.015875834000000002,1677.4444991031135,1682.6867157640058,-445.7,0.1781,2674.8,0.17634014630593223,long_nclose,471.67462333910754,0.2811864258944483,658.0
1694622060000.0,368179,1694622060000.0,0.6724400965032992,-0.013610402000000002,1678.1033287976168,1682.3674153620059,-382.1,0.1781,2292.7,0.17634014630593223,long_nclose,404.2950534356108,0.24092381350872685,2.0
1694626680000.0,368256,1694626680000.0,0.5763520848071984,-0.01166555,1678.668015332424,1681.340399812006,-327.5,0.1781,1965.2,0.17634014630593223,long_nclose,346.54365552041804,0.20643966070431893,77.0
1694652420000.0,368685,1694652420000.0,0.4939909319248261,-0.009998534,1679.1520077303487,1682.453381278006,-280.7,0.1781,1684.5,0.17634014630593223,long_nclose,297.04497645234284,0.1769017784481872,429.0
1694653140000.0,368697,1694653140000.0,0.9711809319248204,-0.010093972,1680.1130946902736,1685.110417306006,-280.7,0.1798,1403.8,0.17634014630593223,long_nclose,247.54629738426766,0.14733906792739002,12.0
1694653260000.0,368699,1694653260000.0,0.8092597790424492,-0.008411044,1680.913943425316,1685.0786162620059,-233.9,0.1798,1169.9,0.17634014630593223,long_nclose,206.30033716331013,0.12273105233627696,2.0
1694653380000.0,368701,1694653380000.0,0.6743254849738065,-0.007008604,1681.5812603062898,1685.052117658006,-194.9,0.1798,975.0,0.17634014630593223,long_nclose,171.9316426482839,0.10224402870484392,2.0
1694653500000.0,368703,1694653500000.0,0.5622262252860111,-0.0058435,1682.1376430315756,1684.9487741580058,-162.5,0.1798,812.5,0.17634014630593223,long_nclose,143.27636887356994,0.08517517544839848,2.0
1694655120000.0,368730,1694655120000.0,0.2041430285118626,-0.004131920000000001,1682.3376541400876,1683.7723422380059,-116.0,0.1781,696.5,0.17634014630593223,long_nclose,122.82091190208179,0.07300610052912394,27.0
1694655480000.0,368736,1694655480000.0,0.17510544255974422,-0.0035441900000000004,1682.5092153926473,1683.6195480480058,-99.5,0.1781,597.0,0.17634014630593223,long_nclose,105.27506734464154,0.06257027681127648,6.0
1694697660000.0,369439,1694697660000.0,0.14993953473457497,-0.0030348240000000006,1682.656120103382,1683.8127132240058,-85.2,0.1781,511.8,0.17634014630593223,long_nclose,90.25088687937611,0.0536359662566295,703.0
1694698020000.0,369445,1694698020000.0,0.1286453050363548,-0.002603822,1682.7821615864182,1683.5980794020056,-73.1,0.1781,438.7,0.17634014630593223,long_nclose,77.36042218441247,0.04597173891567882,6.0
1694698200000.0,369448,1694698200000.0,0.11016684124864311,-0.0022298120000000003,1682.8900986156668,1683.5519795900057,-62.6,0.1781,376.1,0.17634014630593223,long_nclose,66.32152902566112,0.039409304909581874,3.0
1694698260000.0,369449,1694698260000.0,0.09450414337143985,-0.0019127940000000004,1682.9826899650384,1683.614546796006,-53.7,0.1781,322.4,0.17634014630593223,long_nclose,56.85206316903255,0.033780539460101976,1.0
1694698860000.0,369459,1694698860000.0,0.08095326992711793,-0.00163852,1683.0620047149655,1683.5207882760058,-46.0,0.1781,276.4,0.17634014630593223,long_nclose,48.74041643895966,0.02895937066038995,10.0
1694698920000.0,369460,1694698920000.0,0.06933823554627057,-0.0014034280000000002,1683.1299395225117,1683.5707248480057,-39.4,0.1781,237.0,0.17634014630593223,long_nclose,41.79261467450594,0.024830296041410873,1.0
1694700000000.0,369478,1694700000000.0,0.059483054859491,-0.001203956,1683.1882186213713,1683.566140892006,-33.8,0.1781,203.2,0.17634014630593223,long_nclose,35.83231772936543,0.02128836058436422,18.0
1694703060000.0,369529,1694703060000.0,0.05103575712796565,-0.0010329800000000002,1683.2382213984993,1683.5622079120058,-29.0,0.1781,174.2,0.17634014630593223,long_nclose,30.71845348649339,0.018249617372026707,51.0
1694704860000.0,369559,1694704860000.0,0.043644371612880976,-0.0008833760000000001,1683.280982394112,1683.5588445360058,-24.8,0.1781,149.4,0.17634014630593223,long_nclose,26.345217858106277,0.015651111212957307,30.0
1694716440000.0,369752,1694716440000.0,0.03748488368364374,-0.0007587060000000002,1683.3177085717957,1683.5559558300058,-21.3,0.1781,128.1,0.17634014630593223,long_nclose,22.589172741789916,0.013419435099364345,193.0
1694721300000.0,369833,1694721300000.0,0.0322053226014404,-0.0006518460000000001,1683.3492620483971,1683.5534739840057,-18.3,0.1781,109.8,0.17634014630593223,long_nclose,19.36214806439136,0.01150215733651754,81.0
1694725200000.0,369898,1694725200000.0,0.0,-0.01295211,1683.336309938397,1683.3281918740058,366.5,0.1767,476.3,0.17661704401509837,long_ientry_partial,84.12269806439136,0.04997379167058417,65.0
1694743260000.0,370199,1694743260000.0,0.11444100697331006,-0.00242488,1683.4483260653703,1684.2171369940056,-68.0,0.1783,408.3,0.17661704401509837,long_nclose,72.11273907136467,0.04283632467645131,301.0
1694743380000.0,370201,1694743380000.0,0.09811633391976435,-0.002078978,1683.54436342129,1684.2383980160055,-58.3,0.1783,350.0,0.17661704401509837,long_nclose,61.81596540528443,0.0367177525869662,2.0
1694743920000.0,370210,1694743920000.0,0.08414779924508092,-0.0017829999999999999,1683.6267282205351,1684.1616150160057,-50.0,0.1783,300.0,0.17661704401509837,long_nclose,52.98511320452951,0.03147081969916855,9.0
1694744040000.0,370212,1694744040000.0,0.07203051615378926,-0.0015262479999999998,1683.697232488689,1684.1558087680057,-42.8,0.1783,257.2,0.17661704401509837,long_nclose,45.4259037206833,0.026979852935636674,2.0
1694747220000.0,370265,1694747220000.0,0.0617644846458894,-0.001308722,1683.757688251335,1684.1949300460058,-36.7,0.1783,220.5,0.17661704401509837,long_nclose,38.94405820532919,0.023129253381924873,53.0
1694748540000.0,370287,1694748540000.0,0.05301311352440098,-0.0011232899999999999,1683.8095780748595,1684.1465567560058,-31.5,0.1783,189.0,0.17661704401509837,long_nclose,33.38062131885359,0.019824463379652744,22.0
1694752920000.0,370360,1694752920000.0,0.0454398115923437,-0.00096282,1683.8540550664518,1684.1428939360057,-27.0,0.1783,162.0,0.17661704401509837,long_nclose,28.611961130445934,0.016991948348704596,73.0
1694753160000.0,370364,1694753160000.0,0.03887628325122739,-0.0008237460000000001,1683.8921076037032,1684.139760190006,-23.1,0.1783,138.9,0.17661704401509837,long_nclose,24.532107413697165,0.014568693150185304,4.0
1694757900000.0,370443,1694757900000.0,0.033322528501052044,-0.000706068,1683.9247240642042,1684.148984122006,-19.8,0.1783,119.1,0.17661704401509837,long_nclose,21.035089942198216,0.012491704434049391,79.0
1694758200000.0,370448,1694758200000.0,0.028610251743327514,-0.00060622,1683.9527280959476,1684.134767902006,-17.0,0.1783,102.1,0.17661704401509837,long_nclose,18.032600193941544,0.010708495489853257,5.0
1694758320000.0,370450,1694758320000.0,0.024402861781073468,-0.0005170699999999999,1683.9766138877287,1684.132800832006,-14.5,0.1783,87.6,0.17661704401509837,long_nclose,15.471653055722616,0.009187570022129842,2.0
1694758680000.0,370456,1694758680000.0,0.02103694981127023,-0.00044574999999999997,1683.9972050875401,1684.1311050820063,-12.5,0.1783,75.1,0.17661704401509837,long_nclose,13.263940005533886,0.007876462006862048,6.0
1694758920000.0,370460,1694758920000.0,0.018007629038447315,-0.00038156199999999995,1684.0148311545786,1684.1296535200063,-10.7,0.1783,64.4,0.17661704401509837,long_nclose,11.374137634572335,0.006754179015617164,4.0
1694759220000.0,370465,1694759220000.0,0.01548319506109489,-0.000328072,1684.0299862776396,1684.128405448006,-9.2,0.1783,55.2,0.17661704401509837,long_nclose,9.74926082963343,0.005789244199376213,5.0
1694762100000.0,370513,1694762100000.0,0.0,-0.014880312000000001,1684.0151059656396,1683.9634051360063,419.4,0.1774,474.6,0.17730893558709107,long_ientry_partial,84.15082082963343,0.049970347968690036,48.0
1694808960000.0,371294,1694808960000.0,0.11465416719522487,-0.0024272399999999998,1684.1273328928346,1684.855937896006,-67.8,0.179,406.8,0.17730893558709107,long_nclose,72.12927499682866,0.04282887260842196,781.0
1694810280000.0,371316,1694810280000.0,0.09825084239000834,-0.0020799800000000004,1684.2235037552246,1684.848047916006,-58.1,0.179,348.7,0.17730893558709107,long_nclose,61.827625839218655,0.03670986997946819,22.0
1694811660000.0,371339,1694811660000.0,0.08421500776286428,-0.00178284,1684.3059359229874,1684.9309550760058,-49.8,0.179,298.9,0.17730893558709107,long_nclose,52.99764084698152,0.031465566745710716,23.0
1694816340000.0,371417,1694816340000.0,0.16887500776286463,-0.0017997719999999998,1684.4730111587503,1685.3426353040059,-49.8,0.1807,249.1,0.17730893558709107,long_nclose,44.16765585474438,0.02622045919534289,78.0
1694817360000.0,371434,1694817360000.0,0.14072917313572053,-0.00149981,1684.612240521886,1685.316225494006,-41.5,0.1807,207.6,0.17730893558709107,long_nclose,36.8093350278801,0.0218503309797136,17.0
1694817480000.0,371436,1694817480000.0,0.11733082868664893,-0.001250444,1684.7283209065724,1685.3322750500056,-34.6,0.1807,173.0,0.17730893558709107,long_nclose,30.674445856566756,0.018207354548453528,2.0
1694819220000.0,371465,1694819220000.0,0.17615082868664916,-0.0012622080000000001,1684.903209527259,1685.6354928420055,-34.6,0.1824,138.4,0.17730893558709107,long_nclose,24.539556685253405,0.014564371737494988,29.0
1694822940000.0,371527,1694822940000.0,0.14051337779628661,-0.001006848,1685.042716057055,1685.6178859940053,-27.6,0.1824,110.8,0.17730893558709107,long_nclose,19.64583006304969,0.011658950764773662,62.0
1694823900000.0,371543,1694823900000.0,0.11251252352528748,-0.0008062080000000002,1685.1544223725803,1685.6237397860052,-22.1,0.1824,88.7,0.17730893558709107,long_nclose,15.727302586574979,0.009332855421304376,16.0
1694824980000.0,371561,1694824980000.0,0.09011184010848816,-0.000645696,1685.2438885166887,1685.6053540900052,-17.7,0.1824,71.0,0.17730893558709107,long_nclose,12.588934426683466,0.0074700964723651625,18.0
1694825160000.0,371564,1694825160000.0,0.07229311466330689,-0.000518016,1685.3156636153522,1685.6105160740053,-14.2,0.1824,56.8,0.17730893558709107,long_nclose,10.071147541346772,0.005975822665613912,3.0
1694825280000.0,371566,1694825280000.0,0.057529027865870976,-0.0004122240000000001,1685.372780419218,1685.6089738500054,-11.3,0.1824,45.5,0.17730893558709107,long_nclose,8.067556569212643,0.004786808392150445,2.0
1694826180000.0,371581,1694826180000.0,0.046328686157471315,-0.00033196800000000003,1685.4187771373756,1685.6040918820056,-9.1,0.1824,36.4,0.17730893558709107,long_nclose,6.454045255370115,0.0038293422043939036,15.0
1694826240000.0,371582,1694826240000.0,0.03665566377294434,-0.000262656,1685.4551701451487,1685.6067492260056,-7.2,0.1824,29.2,0.17730893558709107,long_nclose,5.177420919143059,0.0030718235707789176,1.0
1694828100000.0,371613,1694828100000.0,0.029528173594871827,-0.000211584,1685.4844867347435,1685.6082976420057,-5.8,0.1824,23.4,0.17730893558709107,long_nclose,4.149029092737931,0.0024616240169470587,31.0
1694828820000.0,371625,1694828820000.0,0.0234188962993811,-0.000167808,1685.5077378230428,1685.6090898340055,-4.6,0.1824,18.8,0.17730893558709107,long_nclose,3.3334079890373123,0.00197768774015992,12.0
1694830320000.0,371650,1694830320000.0,0.03191800274067203,-0.00017305400000000001,1685.5394827717835,1685.6338267800054,-4.7,0.1841,14.1,0.17730893558709107,long_nclose,2.500055991777984,0.001483237869733416,25.0
1694830440000.0,371652,1694830440000.0,0.0237687254451813,-0.00012887000000000003,1685.5631226272287,1685.6361679100055,-3.5,0.1841,10.6,0.17730893558709107,long_nclose,1.8794747172231654,0.0011150426180976797,2.0
1694830620000.0,371655,1694830620000.0,0.01765676747356325,-9.573200000000001e-05,1685.580683662702,1685.6366121780054,-2.6,0.1841,8.0,0.17730893558709107,long_nclose,1.4184714846967286,0.0008415328310564432,3.0
1694832000000.0,371678,1694832000000.0,0.013582128825817885,-7.364e-05,1685.594192151528,1685.6367385380054,-2.0,0.1841,6.0,0.17730893558709107,long_nclose,1.0638536135225465,0.0006311445652079646,23.0
1694837220000.0,371765,1694837220000.0,0.006109277295490723,-4.3776e-05,1685.6002576528235,1685.6261347620054,-1.2,0.1824,4.8,0.17730893558709107,long_nclose,0.8510828908180371,0.0005049138352667073,87.0
1694837340000.0,371767,1694837340000.0,0.004581957971618042,-3.2832e-05,1685.6048067787951,1685.6270019300055,-0.9,0.1824,3.9,0.17730893558709107,long_nclose,0.6915048487896551,0.0004102413839879388,2.0
1694846580000.0,371921,1694846580000.0,0.0035637450890362546,-2.5535999999999997e-05,1685.608344987884,1685.6246363940054,-0.7,0.1824,3.2,0.17730893558709107,long_nclose,0.5673885938786914,0.0003366076085027746,154.0
1694846820000.0,371925,1694846820000.0,0.0030546386477453614,-2.1888e-05,1685.6113777385317,1685.6248745060052,-0.6,0.1824,2.6,0.17730893558709107,long_nclose,0.4610032325264368,0.0002734931898388898,4.0
1694847660000.0,371939,1694847660000.0,0.0025455322064544678,-1.824e-05,1685.6139050307381,1685.6248062660052,-0.5,0.1824,2.1,0.17730893558709107,long_nclose,0.37234876473289125,0.00022089801443949363,14.0
1694849880000.0,371976,1694849880000.0,0.002036425765163574,-1.4592000000000004e-05,1685.6159268645033,1685.6247516740052,-0.4,0.1824,1.7,0.17730893558709107,long_nclose,0.30142519049805483,0.00017882198767470747,37.0
1694850300000.0,371983,1694850300000.0,0.0015273193238726807,-1.0944e-05,1685.6174432398273,1685.6245707300054,-0.3,0.1824,1.4,0.17730893558709107,long_nclose,0.2482325098219275,0.00014726503384113909,7.0
1694850360000.0,371984,1694850360000.0,0.001018212882581787,-7.296000000000002e-06,1685.61845415671,1685.6248034340053,-0.2,0.1824,1.2,0.17730893558709107,long_nclose,0.21277072270450928,0.0001262270961615423,1.0
1694851440000.0,372002,1694851440000.0,0.001018212882581787,-7.296000000000002e-06,1685.6194650735927,1685.6246561380055,-0.2,0.1824,1.0,0.17730893558709107,long_nclose,0.17730893558709107,0.00010518918371611823,18.0
1694851740000.0,372007,1694851740000.0,0.001018212882581787,-7.296000000000002e-06,1685.6204759904754,1685.6246288420057,-0.2,0.1824,0.8,0.17730893558709107,long_nclose,0.14184714846967286,8.415129650482151e-05,5.0
1694852040000.0,372012,1694852040000.0,0.0,-0.01682542,1685.6036505704753,1685.6071634220057,463.0,0.1817,463.8,0.18169242593460475,long_ientry_partial,84.26894714846968,0.0499933345065726,5.0
1694966820000.0,373925,1694966820000.0,0.0,-0.016854704,1685.5867958664753,1683.0367287180056,477.2,0.1766,941.0,0.17910995446171063,long_rentry,168.5424671484697,0.09999038172450236,1913.0
1694983260000.0,374199,1694983260000.0,0.0,-0.016855848,1685.5699400184753,1679.4808328700055,485.2,0.1737,1426.2,0.17726946231136564,long_rentry,252.8217071484697,0.1499918224370438,274.0
1695033180000.0,375031,1695033180000.0,0.35251052717481673,-0.00729246,1685.9151580856503,1688.3974904100057,-203.7,0.179,1222.5,0.17726946231136564,long_nclose,216.71191767564451,0.1285425999263925,832.0
1695033900000.0,375043,1695033900000.0,0.3021518804355572,-0.00625068,1686.2110592860859,1688.2340697300058,-174.6,0.179,1047.9,0.17726946231136564,long_nclose,185.76066955608007,0.11016454229325723,12.0
1695034080000.0,375046,1695034080000.0,0.25906149198856193,-0.005359259999999999,1686.4647615180745,1688.108950470006,-149.7,0.179,898.2,0.17726946231136564,long_nclose,159.22343104806862,0.09441254551013763,3.0
1695042780000.0,375191,1695042780000.0,0.2220279854517869,-0.004593140000000001,1686.6821963635264,1688.0915273300059,-128.3,0.179,769.9,0.17726946231136564,long_nclose,136.4797590335204,0.08091610816060647,145.0
1695043320000.0,375200,1695043320000.0,0.19018609198091488,-0.00393442,1686.8684480355073,1688.076602910006,-109.9,0.179,660.0,0.17726946231136564,long_nclose,116.99784512550133,0.06935801381652176,9.0
1695044040000.0,375212,1695044040000.0,0.1630166502693556,-0.00337236,1687.0280923257767,1688.063810550006,-94.2,0.179,565.8,0.17726946231136564,long_nclose,100.29906177577067,0.05945310705377527,12.0
1695045720000.0,375240,1695045720000.0,0.13982744524165533,-0.0028926399999999997,1687.1650271310184,1688.052837910006,-80.8,0.179,485.0,0.17726946231136564,long_nclose,85.97568922101233,0.05095867199618986,28.0
1695046800000.0,375258,1695046800000.0,0.1197532080534969,-0.00247736,1687.2823029790718,1688.043440550006,-69.2,0.179,415.8,0.17726946231136564,long_nclose,73.70864242906583,0.043684831103204,18.0
1695048000000.0,375278,1695048000000.0,0.10279393870488028,-0.0021265200000000002,1687.3829703977767,1688.035374030006,-59.4,0.179,356.4,0.17726946231136564,long_nclose,63.178836367770714,0.037441907069192,20.0
1695051720000.0,375340,1695051720000.0,0.08808436835148832,-0.0018222199999999998,1687.4692325461283,1688.059011810006,-50.9,0.179,305.5,0.17726946231136564,long_nclose,54.1558207361222,0.032092923350317624,62.0
1695055620000.0,375405,1695055620000.0,0.07545144322445758,-0.0015608800000000002,1687.5431231093528,1688.048730930006,-43.6,0.179,261.9,0.17726946231136564,long_nclose,46.42687217934666,0.02751151750943327,65.0
1695056580000.0,375421,1695056580000.0,0.06472210955492462,-0.00133892,1687.6065062989076,1688.039912010006,-37.4,0.179,224.5,0.17726946231136564,long_nclose,39.79699428890159,0.023581915654129846,16.0
1695058020000.0,375445,1695058020000.0,0.0,-0.008895662,1687.5976106369076,1687.504346348006,250.3,0.1777,474.8,0.17749642857814152,long_ientry_partial,84.2753042889016,0.04993803247747885,24.0
1695114480000.0,376386,1695114480000.0,0.11550214240200492,-0.002429952,1687.7106828273095,1688.444736396006,-67.8,0.1792,407.0,0.17749642857814152,long_nclose,72.2410464313036,0.04280416493559369,941.0
1695115200000.0,376398,1695115200000.0,0.09897749960997768,-0.002082304,1687.8075780229194,1688.4019540920058,-58.1,0.1792,348.9,0.17749642857814152,long_nclose,61.92850393091357,0.03669168496296005,12.0
1695115320000.0,376400,1695115320000.0,0.08483785680855228,-0.0017848319999999999,1687.8906310477278,1688.4898992600056,-49.8,0.1792,299.1,0.17749642857814152,long_nclose,53.08918178772213,0.03145297498023789,2.0
1695118620000.0,376455,1695118620000.0,0.07274249971335708,-0.0015303680000000003,1687.961843179441,1688.3729988920056,-42.7,0.1792,256.4,0.17749642857814152,long_nclose,45.51008428743548,0.026961559866609777,55.0
1695131760000.0,376674,1695131760000.0,0.0,-0.007787016,1687.954056163441,1687.9036918760055,219.6,0.1773,476.0,0.17740580732654515,long_ientry_partial,84.44516428743549,0.050028117755391587,219.0
1695137220000.0,376765,1695137220000.0,0.11520510179493038,-0.0024357600000000004,1688.066825505236,1688.7580561160055,-68.0,0.1791,408.0,0.17740580732654515,long_nclose,72.38156938923042,0.04287837915869635,91.0
1695138660000.0,376789,1695138660000.0,0.09860201359507277,-0.0020847240000000005,1688.1633427948311,1688.7909513920056,-58.2,0.1791,349.8,0.17740580732654515,long_nclose,62.0565514028255,0.03675980269781718,24.0
1695139020000.0,376795,1695139020000.0,0.08454021440539744,-0.001787418,1688.2460955912366,1688.7541839740056,-49.9,0.1791,299.9,0.17740580732654515,long_nclose,53.20400161723089,0.03151436378628108,6.0
1695139080000.0,376796,1695139080000.0,0.07251144642386793,-0.001533096,1688.3170739416605,1688.8040708780059,-42.8,0.1791,257.1,0.17740580732654515,long_nclose,45.61103306365476,0.02701567955903456,1.0
1695139320000.0,376800,1695139320000.0,0.06217687111579331,-0.001314594,1688.3779362187763,1688.7292962840058,-36.7,0.1791,220.4,0.17740580732654515,long_nclose,39.10023993477055,0.023158464166108377,4.0
1695139920000.0,376810,1695139920000.0,0.05319764994648255,-0.001124748,1688.4300091207228,1688.7691115360058,-31.4,0.1791,189.0,0.17740580732654515,long_nclose,33.529697584717034,0.01985850606989517,10.0
1695149340000.0,376967,1695149340000.0,0.0,-0.010179212,1688.419829908723,1688.3711423240059,286.9,0.1774,475.9,0.17740230633477,long_ientry_partial,84.42575758471703,0.05000282281053353,157.0
1695175200000.0,377398,1695175200000.0,0.1152733998691177,-0.0024321780000000006,1688.532671130592,1689.266130146006,-67.9,0.1791,408.0,0.17740230633477,long_nclose,72.38014098458616,0.042865703591108216,431.0
1695175680000.0,377406,1695175680000.0,0.0988057713163866,-0.0020847240000000005,1688.6293921779084,1689.2582254220058,-58.2,0.1791,349.8,0.17740230633477,long_nclose,62.05532675590255,0.03674893202934644,8.0
1695180660000.0,377489,1695180660000.0,0.0,-0.004474028,1688.6249181499084,1688.5765213940058,126.1,0.1774,475.9,0.17740169522148047,long_ientry_partial,84.42546675590255,0.04999657759900926,83.0
1695257040000.0,378762,1695257040000.0,0.11531489446147665,-0.0024321780000000006,1688.73780086637,1689.4307092160059,-67.9,0.1791,408.0,0.17740169522148047,long_nclose,72.37989165036403,0.04286034908037891,1273.0
1695257100000.0,378763,1695257100000.0,0.09884133810983713,-0.0020847240000000005,1688.8345574804798,1689.4286244920058,-58.2,0.1791,349.8,0.17740169522148047,long_nclose,62.05511298847387,0.03674434106858399,1.0
1695257160000.0,378764,1695257160000.0,0.08474540844812495,-0.001787418,1688.9175154709278,1689.5168070740058,-49.9,0.1791,299.9,0.17740169522148047,long_nclose,53.20276839692199,0.031501105240232675,1.0
1695258000000.0,378778,1695258000000.0,0.07268744452063623,-0.001533096,1688.9886698194484,1689.4253039780058,-42.8,0.1791,257.1,0.17740169522148047,long_nclose,45.60997584144263,0.027004311311524844,14.0
1695258060000.0,378779,1695258060000.0,0.062327785371667055,-0.001314594,1689.0496830108202,1689.468069384006,-36.7,0.1791,220.4,0.17740169522148047,long_nclose,39.0993336268143,0.023148717305412635,1.0
1695262440000.0,378852,1695262440000.0,0.0533267700455135,-0.001124748,1689.1018850328658,1689.422864636006,-31.4,0.1791,189.0,0.17740169522148047,long_nclose,33.52892039685981,0.019850146811130592,73.0
1695262500000.0,378853,1695262500000.0,0.04585422902002753,-0.0009671400000000001,1689.1467721218858,1689.4380974960059,-27.0,0.1791,162.0,0.17740169522148047,long_nclose,28.739074625879837,0.01701395941441972,1.0
1695267240000.0,378932,1695267240000.0,0.039230840383801334,-0.0008274420000000002,1689.1851755202697,1689.448850054006,-23.1,0.1791,138.9,0.17740169522148047,long_nclose,24.64109546626364,0.014587563177420245,79.0
1695273120000.0,379030,1695273120000.0,0.03362643461468686,-0.000709236,1689.2180927188845,1689.4322708180061,-19.8,0.1791,119.1,0.17740169522148047,long_nclose,21.12854190087832,0.01250788278431877,98.0
1695277740000.0,379107,1695277740000.0,0.0,-0.012662880000000001,1689.2054298388844,1689.086367938006,356.5,0.1776,475.6,0.1775503404139578,long_ientry_partial,84.44294190087834,0.04998974098072398,77.0
1695331740000.0,380007,1695331740000.0,0.0,-0.016891200000000002,1689.1885386388844,1686.786596738006,489.6,0.1725,965.2,0.17498854320439117,long_rentry,168.89894190087836,0.0999882121133582,900.0
1695488880000.0,382626,1695488880000.0,0.23583874643489663,-0.004869852,1689.4195075333193,1691.166526886006,-137.8,0.1767,827.4,0.17498854320439117,long_nclose,144.78552064731323,0.08570134297709814,2619.0
1695598080000.0,384446,1695598080000.0,0.0,-0.0168951,1689.4026124333193,1685.904551786006,497.5,0.1698,1324.9,0.1730402450353334,long_rentry,229.26102064731325,0.13570537831541454,1820.0
1695815280000.0,388066,1695815280000.0,0.31402563931491734,-0.006610647999999999,1689.710027424634,1691.708581138006,-189.2,0.1747,1135.7,0.1730402450353334,long_nclose,196.52180628662816,0.11630504826094701,3620.0
1695815460000.0,388069,1695815460000.0,0.2692122552689196,-0.005667268,1689.973572411903,1691.978743870006,-162.2,0.1747,973.5,0.1730402450353334,long_nclose,168.45467854189707,0.09967888332211093,3.0
1695815760000.0,388074,1695815760000.0,0.23070594008865491,-0.0048566600000000005,1690.1994216919916,1691.667937210006,-139.0,0.1747,834.5,0.1730402450353334,long_nclose,144.40208448198572,0.0854349389952048,5.0
1695815940000.0,388077,1695815940000.0,0.1978427917882566,-0.0041648480000000005,1690.3930996357797,1691.5803223620057,-119.2,0.1747,715.3,0.1730402450353334,long_nclose,123.77568727377398,0.07322301972271615,3.0
1695816000000.0,388078,1695816000000.0,0.16946098189245803,-0.003567374,1690.558993243672,1691.8220349880055,-102.1,0.1747,613.2,0.1730402450353334,long_nclose,106.10827825566646,0.0627652029179276,1.0
1695818040000.0,388112,1695818040000.0,0.1453945349047926,-0.003060744,1690.7013270345767,1691.6262542440054,-87.6,0.1747,525.6,0.1730402450353334,long_nclose,90.94995279057125,0.05379421624403281,34.0
1695866640000.0,388922,1695866640000.0,0.12448162234999366,-0.0026205,1690.8231881569268,1691.6611937440055,-75.0,0.1747,450.6,0.1730402450353334,long_nclose,77.97193441292124,0.046114777085541486,810.0
1695867240000.0,388932,1695867240000.0,0.10672224422806123,-0.002246642,1690.9276637591547,1691.6460871020054,-64.3,0.1747,386.3,0.1730402450353334,long_nclose,66.8454466571493,0.03953181918411759,10.0
1695867360000.0,388934,1695867360000.0,0.09145249855312867,-0.0019251940000000003,1691.0171910637077,1691.6000219080054,-55.1,0.1747,331.2,0.1730402450353334,long_nclose,57.310929155702425,0.03389139356983822,2.0
1695897540000.0,389437,1695897540000.0,0.07850640982872933,-0.0016526619999999998,1691.0940448115366,1691.6220292460055,-47.3,0.1747,283.9,0.1730402450353334,long_nclose,49.126125565531154,0.029049907494060154,503.0
1695898260000.0,389449,1695898260000.0,0.06722007606899658,-0.00141507,1691.1598498176056,1691.5881741760054,-40.5,0.1747,243.4,0.1730402450353334,long_nclose,42.11799564160015,0.024904798707314775,12.0
1695898500000.0,389453,1695898500000.0,0.05759349727393041,-0.001212418,1691.2162308968796,1691.6043617580056,-34.7,0.1747,208.7,0.1730402450353334,long_nclose,36.11349913887408,0.021353567024201575,4.0
1695898620000.0,389455,1695898620000.0,0.04946069794706415,-0.0010412120000000001,1691.2646503828266,1691.5794705460055,-29.8,0.1747,178.9,0.1730402450353334,long_nclose,30.956899836821147,0.018303995078365703,2.0
1695911700000.0,389673,1695911700000.0,0.042323751598997844,-0.0008909699999999999,1691.3060831644257,1691.5760295760056,-25.5,0.1747,153.4,0.1730402450353334,long_nclose,26.544373588420147,0.015694600671426515,218.0
1695912420000.0,389685,1695912420000.0,0.08567375159899802,-0.0008996399999999999,1691.3908572760247,1691.7566199360056,-25.5,0.1764,127.9,0.1730402450353334,long_nclose,22.131847340019146,0.013084998801319265,12.0
1695914340000.0,389717,1695914340000.0,0.030207540356931795,-0.000635908,1691.4204289083816,1691.6134740280056,-18.2,0.1747,109.7,0.1730402450353334,long_nclose,18.982514880376076,0.011222824648409336,32.0
1695916860000.0,389759,1695916860000.0,0.06114754035693192,-0.000642096,1691.4809343527384,1691.7883519320053,-18.2,0.1764,91.5,0.1730402450353334,long_nclose,15.833182420733007,0.009360544419492217,42.0
1695916920000.0,389760,1695916920000.0,0.051068275462932154,-0.000536256,1691.5314663722013,1691.7954456760053,-15.2,0.1764,76.3,0.1730402450353334,long_nclose,13.202970696195939,0.007805335554597825,1.0
1695917040000.0,389762,1695917040000.0,0.04266888805126568,-0.000448056,1691.5736872042526,1691.8000876200053,-12.7,0.1764,63.6,0.1730402450353334,long_nclose,11.005359584247206,0.0065059888714846985,2.0
1695918300000.0,389783,1695918300000.0,0.03561340262546584,-0.000373968,1691.6089266388778,1691.7922936520051,-10.6,0.1764,53.0,0.1730402450353334,long_nclose,9.17113298687267,0.005421544449458034,21.0
1695918540000.0,389787,1695918540000.0,0.029565843689065986,-0.00031046400000000004,1691.638182018567,1691.7911031880053,-8.8,0.1764,44.2,0.1730402450353334,long_nclose,7.648378830561738,0.004521285291299834,4.0
1695920940000.0,389827,1695920940000.0,0.0245262112420661,-0.000257544,1691.662450685809,1691.7864256440052,-7.3,0.1764,36.9,0.1730402450353334,long_nclose,6.385185041803803,0.0037745030276076733,40.0
1695921180000.0,389831,1695921180000.0,0.020494505284466193,-0.000215208,1691.6827299830934,1691.789290436005,-6.1,0.1764,30.8,0.1730402450353334,long_nclose,5.329639547088269,0.003150495924931227,4.0
1695926880000.0,389926,1695926880000.0,0.0,-0.015843870000000003,1691.6668861130934,1691.6571565660051,454.5,0.1743,485.3,0.17422004852068468,long_ientry_partial,84.54898954708828,0.049979691770969566,95.0
1695972780000.0,390691,1695972780000.0,0.11642063751655185,-0.002437974,1691.7808687766099,1692.687728592005,-69.3,0.1759,416.0,0.17422004852068468,long_nclose,72.47554018460482,0.04283979179703965,765.0
1695972960000.0,390694,1695972960000.0,0.09978911787133016,-0.0020896919999999998,1691.8785682024811,1692.5132989000049,-59.4,0.1759,356.6,0.17422004852068468,long_nclose,62.12686930247616,0.03672064323651916,3.0
1695973500000.0,390703,1695973500000.0,0.08550953029714992,-0.0017906620000000002,1691.9622870707783,1692.475848238005,-50.9,0.1759,305.7,0.17422004852068468,long_nclose,53.2590688327733,0.0314776926411158,9.0
1695973620000.0,390705,1695973620000.0,0.07324588449814806,-0.0015338480000000002,1692.0339991072765,1692.500524390005,-43.6,0.1759,262.1,0.17422004852068468,long_nclose,45.663074717271456,0.026987090532083556,2.0
1695974040000.0,390712,1695974040000.0,0.06283018532639306,-0.001315732,1692.095513560603,1692.562878658005,-37.4,0.1759,224.7,0.17422004852068468,long_nclose,39.14724490259785,0.023135363570713573,7.0
1695980040000.0,390812,1695980040000.0,0.0,-0.009082752,1692.086430808603,1692.078355906005,260.4,0.1744,485.1,0.17431664585157253,long_ientry_partial,84.56100490259783,0.04997440045789409,100.0
1696019760000.0,391474,1696019760000.0,0.11665644248602317,-0.0024393600000000002,1692.200647891089,1692.942166546005,-69.3,0.176,415.8,0.17431664585157253,long_nclose,72.48086134508385,0.0428323091800097,662.0
1696022940000.0,391527,1696022940000.0,0.09999123641659129,-0.00209088,1692.2985482475056,1692.9341356660052,-59.4,0.176,356.4,0.17431664585157253,long_nclose,62.126452581500445,0.03671128397872631,53.0
1696023720000.0,391540,1696023720000.0,0.08568272615495785,-0.00179168,1692.3824392936606,1692.927253986005,-50.9,0.176,305.5,0.17431664585157253,long_nclose,53.253735307655404,0.0314667264745914,13.0
1696025340000.0,391567,1696025340000.0,0.07339424087143738,-0.00153472,1692.454298814532,1692.895169266005,-43.6,0.176,261.9,0.17431664585157253,long_nclose,45.65352954852684,0.026974748789674582,27.0
1696025400000.0,391568,1696025400000.0,0.0629574451511871,-0.00131648,1692.515939779683,1692.916302786005,-37.4,0.176,224.5,0.17431664585157253,long_nclose,39.13408699367803,0.023121842503162578,1.0
1696025820000.0,391575,1696025820000.0,0.05386733274967881,-0.0011264,1692.5686807124328,1692.911976386005,-32.0,0.176,192.5,0.17431664585157253,long_nclose,33.55595432642771,0.019825460974678678,7.0
1696026900000.0,391593,1696026900000.0,0.046292239081755227,-0.000968,1692.6140049515145,1692.9247583860051,-27.5,0.176,165.0,0.17431664585157253,long_nclose,28.762246565509468,0.016992797224511545,18.0
1696028940000.0,391627,1696028940000.0,0.039558822488045375,-0.0008272,1692.6527365740026,1692.905081186005,-23.5,0.176,141.5,0.17431664585157253,long_nclose,24.665805387997512,0.014572277499708592,34.0
1696030380000.0,391651,1696030380000.0,0.03400375379823475,-0.00071104,1692.686029287801,1692.9144801460052,-20.2,0.176,121.3,0.17431664585157253,long_nclose,21.144609141795748,0.012491749075693831,24.0
1696031760000.0,391674,1696031760000.0,0.029122026767795108,-0.00060896,1692.7145423545687,1692.9000111860053,-17.3,0.176,104.0,0.17431664585157253,long_nclose,18.128931168563543,0.010709975435873653,23.0
1696038240000.0,391782,1696038240000.0,0.02491364139672645,-0.00052096,1692.7389350359656,1692.9069302260052,-14.8,0.176,89.2,0.17431664585157253,long_nclose,15.54904480996027,0.009185731176928296,108.0
1696039980000.0,391811,1696039980000.0,0.021378597685028776,-0.00044704,1692.7598665936507,1692.9039431860053,-12.7,0.176,76.5,0.17431664585157253,long_nclose,13.335223407645298,0.007877799840847972,29.0
1696040400000.0,391818,1696040400000.0,0.018348560217859345,-0.00038368,1692.7778314738687,1692.8948195060054,-10.9,0.176,65.6,0.17431664585157253,long_nclose,11.435171967863157,0.006755270393579514,7.0
1696040820000.0,391825,1696040820000.0,0.015655193580375405,-0.00032736,1692.793159307449,1692.8935621460055,-9.3,0.176,56.3,0.17431664585157253,long_nclose,9.814027161443533,0.005797534747516714,7.0
1696041900000.0,391843,1696041900000.0,0.013466833187419702,-0.0002816,1692.8063445406365,1692.8924805460056,-8.0,0.176,48.3,0.17431664585157253,long_nclose,8.419493994630953,0.004973690004048091,18.0
1696042620000.0,391855,1696042620000.0,0.011615143624149494,-0.00024288,1692.8177168042605,1692.8915476660054,-6.9,0.176,41.4,0.17431664585157253,long_nclose,7.216709138255102,0.0042631342209006225,12.0
1696045260000.0,391899,1696045260000.0,0.0,-0.015477168000000001,1692.8022396362605,1692.8388104980054,441.7,0.1752,483.1,0.17512429960309478,long_ientry_partial,84.60254913825509,0.04997781025882503,44.0
1696063440000.0,392202,1696063440000.0,0.11562332738646108,-0.0024398400000000004,1692.9154231236469,1693.6507406580054,-69.0,0.1768,414.1,0.17512429960309478,long_nclose,72.51897246564155,0.04283673683581588,303.0
1696068000000.0,392278,1696068000000.0,0.23292332738645966,-0.0024633,1693.1458831510333,1694.3453473580053,-69.0,0.1785,345.1,0.17512429960309478,long_nclose,60.435395793028015,0.035694145669571346,76.0
1696068300000.0,392283,1696068300000.0,0.1941027728220497,-0.00205275,1693.3379331738554,1694.3375446080054,-57.5,0.1785,287.6,0.17512429960309478,long_nclose,50.36574856585006,0.029743471506274346,5.0
1696070520000.0,392320,1696070520000.0,0.16169604901175966,-0.0017100299999999998,1693.4979191928671,1694.3310445780053,-47.9,0.1785,239.7,0.17512429960309478,long_nclose,41.97729461486182,0.024787331675534912,37.0
1696070820000.0,392325,1696070820000.0,0.13469044583651796,-0.00142443,1693.6311852087035,1694.3056501480053,-39.9,0.1785,199.8,0.17512429960309478,long_nclose,34.98983506069834,0.02065965445504394,5.0
1696071360000.0,392334,1696071360000.0,0.11241082321694357,-0.0011888099999999998,1693.7424072219205,1694.3211113380053,-33.3,0.1785,166.5,0.17512429960309478,long_nclose,29.15819588391528,0.017215248174449742,9.0
1696071780000.0,392341,1696071780000.0,0.09350690099427438,-0.00098889,1693.8349252329149,1694.3173524480053,-27.7,0.1785,138.8,0.17512429960309478,long_nclose,24.307252784909558,0.014350426020154903,7.0
1696075500000.0,392403,1696075500000.0,0.07797867916851041,-0.0008246700000000001,1693.9120792420836,1694.3142177780055,-23.1,0.1785,115.7,0.17512429960309478,long_nclose,20.261881464078066,0.01196158980880752,62.0
1696075860000.0,392409,1696075860000.0,0.06481344762058007,-0.0006854399999999999,1693.976207249704,1694.3116123380053,-19.2,0.1785,96.5,0.17512429960309478,long_nclose,16.899494911698646,0.009976229205211937,6.0
1696076100000.0,392413,1696076100000.0,0.0540112063504834,-0.0005712,1694.0296472560544,1694.3013911380053,-16.0,0.1785,80.5,0.17512429960309478,long_nclose,14.09750611804913,0.008321876857871943,4.0
1696076220000.0,392415,1696076220000.0,0.04523438531852985,-0.00047838000000000004,1694.074403261373,1694.3076227580052,-13.4,0.1785,67.1,0.17512429960309478,long_nclose,11.750840503367659,0.0069364370778198115,2.0
1696078320000.0,392450,1696078320000.0,0.03747027440564785,-0.00039627,1694.1114772657786,1694.3005164880053,-11.1,0.1785,56.0,0.17512429960309478,long_nclose,9.806960777773307,0.005788852097030422,35.0
1696078500000.0,392453,1696078500000.0,0.03139401369121848,-0.00033201000000000004,1694.1425392694698,1694.3188644780053,-9.3,0.1785,46.7,0.17512429960309478,long_nclose,8.178304791464527,0.004827400647758416,3.0
1696079100000.0,392463,1696079100000.0,0.025992893056170138,-0.00027489,1694.168257272526,1694.3116095880052,-7.7,0.1785,39.0,0.17512429960309478,long_nclose,6.829847684520696,0.00403138687978737,10.0
1696081200000.0,392498,1696081200000.0,0.02194205257988388,-0.00023205,1694.1899672751058,1694.3029275380052,-6.5,0.1785,32.5,0.17512429960309478,long_nclose,5.69153973710058,0.003359446016703024,35.0
1696086420000.0,392585,1696086420000.0,0.032992052579883926,-0.00023426000000000002,1694.2227250676856,1694.359893278005,-6.5,0.1802,26.0,0.17512429960309478,long_nclose,4.553231789680464,0.0026875048494574756,87.0
1696086960000.0,392594,1696086960000.0,0.026393642063907142,-0.00018740800000000002,1694.2489313017493,1694.3649058700048,-5.2,0.1802,20.8,0.17512429960309478,long_nclose,3.6425854317443713,0.0021499706238242385,9.0
1696088160000.0,392614,1696088160000.0,0.0208103716273114,-0.000147764,1694.2695939093765,1694.3576981060048,-4.1,0.1802,16.7,0.17512429960309478,long_nclose,2.924575803371683,0.0017261572856439478,20.0
1696088700000.0,392623,1696088700000.0,0.016749811309787224,-0.00011893199999999999,1694.2862247886862,1694.3569191740048,-3.3,0.1802,13.4,0.17512429960309478,long_nclose,2.34666561468147,0.001385046741423014,9.0
1696090320000.0,392650,1696090320000.0,0.013196821031953571,-9.370400000000001e-05,1694.2993279057182,1694.3595454700048,-2.6,0.1802,10.8,0.17512429960309478,long_nclose,1.8913424357134236,0.0011162976957862962,27.0
1696090680000.0,392656,1696090680000.0,0.010658970833500961,-7.568400000000002e-05,1694.3099111925517,1694.3540697860049,-2.1,0.1802,8.7,0.17512429960309478,long_nclose,1.5235814065469244,0.0008992341935098173,6.0
1696091100000.0,392663,1696091100000.0,0.008628690674738872,-6.1268e-05,1694.3184786152262,1694.3547085180046,-1.7,0.1802,7.0,0.17512429960309478,long_nclose,1.2258700972216634,0.0007235181063618997,7.0
1696091940000.0,392677,1696091940000.0,0.007105980555667307,-5.0456000000000006e-05,1694.325534139782,1694.3561980620045,-1.4,0.1802,5.6,0.17512429960309478,long_nclose,0.9806960777773307,0.0005788120747854015,14.0
1696092240000.0,392682,1696092240000.0,0.005583270436595742,-3.9644e-05,1694.3310777662184,1694.3543684180045,-1.1,0.1802,4.5,0.17512429960309478,long_nclose,0.7880593482139265,0.00046511532400910253,5.0
1696092420000.0,392685,1696092420000.0,0.004568130357214698,-3.2436e-05,1694.3356134605756,1694.3546059820044,-0.9,0.1802,3.6,0.17512429960309478,long_nclose,0.6304474785711413,0.0003720912631255453,3.0
1696092780000.0,392691,1696092780000.0,0.0035529902778336534,-2.5228000000000003e-05,1694.3391412228534,1694.3541507540044,-0.7,0.1802,2.9,0.17512429960309478,long_nclose,0.5078604688489748,0.0002997395600991885,6.0
1696095600000.0,392738,1696095600000.0,0.0025378501984526097,-1.802e-05,1694.341661053052,1694.3540827340046,-0.5,0.1802,2.4,0.17512429960309478,long_nclose,0.4202983190474275,0.0002480599566832391,47.0
1696097220000.0,392765,1696097220000.0,0.002030280158762088,-1.4416000000000002e-05,1694.3436769172106,1694.3540283180043,-0.4,0.1802,2.0,0.17512429960309478,long_nclose,0.35024859920618956,0.0002067163846259648,27.0
1696119480000.0,393136,1696119480000.0,0.002030280158762088,-1.4416000000000002e-05,1694.3456927813693,1694.3533339020044,-0.4,0.1802,1.6,0.17512429960309478,long_nclose,0.28019887936495164,0.00016537291094651912,371.0
1696120800000.0,393158,1696120800000.0,0.0015227101190715658,-1.0811999999999999e-05,1694.3472046794884,1694.3539330900044,-0.3,0.1802,1.3,0.17512429960309478,long_nclose,0.2276615894840232,0.00013436537024717366,22.0
1696121160000.0,393164,1696121160000.0,0.001015140079381044,-7.208000000000001e-06,1694.3482126115678,1694.3539058820043,-0.2,0.1802,1.1,0.17512429960309478,long_nclose,0.19263672956340427,0.00011369370719049861,6.0
1696121400000.0,393168,1696121400000.0,0.001015140079381044,-7.208000000000001e-06,1694.349220543647,1694.3538786740044,-0.2,0.1802,0.9,0.17512429960309478,long_nclose,0.1576118696427853,9.302206872808318e-05,4.0
1696122360000.0,393184,1696122360000.0,0.000507570039690522,-3.6040000000000006e-06,1694.3497245096867,1694.3537050700043,-0.1,0.1802,0.8,0.17512429960309478,long_nclose,0.14009943968247582,8.268625871970912e-05,16.0
1696123080000.0,393196,1696123080000.0,0.000507570039690522,-3.6040000000000006e-06,1694.3502284757262,1694.353851466004,-0.1,0.1802,0.7,0.17512429960309478,long_nclose,0.12258700972216634,7.23504548598835e-05,12.0
1696123260000.0,393199,1696123260000.0,0.000507570039690522,-3.6040000000000006e-06,1694.3507324417658,1694.353837862004,-0.1,0.1802,0.6,0.17512429960309478,long_nclose,0.10507457976185687,6.201465714860087e-05,3.0
1696131540000.0,393337,1696131540000.0,0.0006775700396905227,-3.6380000000000006e-06,1694.3514063738055,1694.354944224004,-0.1,0.1819,0.5,0.17512429960309478,long_nclose,0.08756214980154739,5.167886040177757e-05,138.0
1696132200000.0,393348,1696132200000.0,0.0006775700396905227,-3.6380000000000006e-06,1694.3520803058452,1694.354830586004,-0.1,0.1819,0.4,0.17512429960309478,long_nclose,0.07004971984123791,4.134307187712328e-05,11.0
1696135320000.0,393400,1696135320000.0,0.0006775700396905227,-3.6380000000000006e-06,1694.352754237885,1694.354786948004,-0.1,0.1819,0.3,0.17512429960309478,long_nclose,0.052537289880928435,3.100729157462819e-05,52.0
1696135500000.0,393403,1696135500000.0,0.0006775700396905227,-3.6380000000000006e-06,1694.3534281699247,1694.354843310004,-0.1,0.1819,0.2,0.17512429960309478,long_nclose,0.035024859920618955,2.0671519494282484e-05,3.0
1696137780000.0,393441,1696137780000.0,0.0008475700396905234,-3.6720000000000006e-06,1694.3542720679643,1694.355159638004,-0.1,0.1836,0.1,0.17512429960309478,long_nclose,0.017512429960309477,1.033575459926424e-05,38.0
1696138320000.0,393450,1696138320000.0,0.0008475700396905234,-3.6720000000000006e-06,1694.355115966004,1694.355115966004,-0.1,0.1836,0.0,0.17512429960309478,long_nclose,0.0,0.0,9.0
1696182420000.0,394185,1696182420000.0,0.0,-0.016944564000000002,1694.338171402004,1694.338171402004,460.2,0.1841,460.2,0.1841,long_ientry_normal,84.72282,0.05000348893154836,735.0
1696198500000.0,394453,1696198500000.0,0.11825999999999974,-0.0024427260000000005,1694.453988676004,1695.440238676004,-65.7,0.1859,394.5,0.1841,long_nclose,72.62745000000001,0.04286186021300522,268.0
1696198620000.0,394455,1696198620000.0,0.23651999999999948,-0.0024663780000000004,1694.688042298004,1696.4635622980038,-65.7,0.1877,328.8,0.1841,long_nclose,60.53208000000001,0.03571871547398084,2.0
1696198620000.0,394455,1696198620000.0,0.34820999999999996,-0.002488716,1695.033763582004,1696.454503582004,-65.7,0.1894,263.1,0.1841,long_nclose,48.436710000000005,0.028575660875121374,0.0
1696198860000.0,394459,1696198860000.0,0.27878,-0.001992488,1695.310551094004,1696.489351094004,-52.6,0.1894,210.5,0.1841,long_nclose,38.75305,0.022858968213813214,4.0
1696198980000.0,394461,1696198980000.0,0.22312999999999997,-0.0015947480000000002,1695.5320863460042,1696.4414463460043,-42.1,0.1894,168.4,0.1841,long_nclose,31.002440000000004,0.01828478520085841,2.0
1696199460000.0,394469,1696199460000.0,0.17808,-0.001272768,1695.708893578004,1696.463773578004,-33.6,0.1894,134.8,0.1841,long_nclose,24.816680000000005,0.014634988407494848,8.0
1696199880000.0,394476,1696199880000.0,0.14256999999999997,-0.001018972,1695.850444606004,1696.389944606004,-26.9,0.1894,107.9,0.1841,long_nclose,19.864390000000004,0.011713527017186405,7.0
1696200360000.0,394484,1696200360000.0,0.11394999999999998,-0.0008144200000000002,1695.9635801860038,1696.438780186004,-21.5,0.1894,86.4,0.1841,long_nclose,15.906240000000002,0.00937888064686831,8.0
1696201020000.0,394495,1696201020000.0,0.09115999999999998,-0.0006515360000000001,1696.0540886500037,1696.4277686500036,-17.2,0.1894,69.2,0.1841,long_nclose,12.739720000000002,0.0075113878061166955,11.0
1696210680000.0,394656,1696210680000.0,0.07314,-0.0005227440000000001,1696.1267059060037,1696.4258659060038,-13.8,0.1894,55.4,0.1841,long_nclose,10.19914,0.00601319463014529,161.0
1696210920000.0,394660,1696210920000.0,0.05829999999999999,-0.00041668000000000006,1696.1845892260037,1696.4332292260037,-11.0,0.1894,44.4,0.1841,long_nclose,8.17404,0.004819074558229506,4.0
1696211760000.0,394674,1696211760000.0,0.046639999999999994,-0.00033334400000000007,1696.2308958820038,1696.4231358820039,-8.8,0.1894,35.6,0.1841,long_nclose,6.553960000000001,0.003863837179190208,14.0
1696213440000.0,394702,1696213440000.0,0.03762999999999999,-0.00026894800000000003,1696.2682569340038,1696.4221569340039,-7.1,0.1894,28.5,0.1841,long_nclose,5.24685,0.003093172308419928,28.0
1696223340000.0,394867,1696223340000.0,0.016919999999999963,-0.000176438,1696.285000496004,1696.3706804960038,-4.7,0.1877,23.8,0.1841,long_nclose,4.3815800000000005,0.002583044711660364,165.0
1696223460000.0,394869,1696223460000.0,0.01403999999999997,-0.000146406,1696.2988940900038,1696.374514090004,-3.9,0.1877,19.9,0.1841,long_nclose,3.66359,0.002159754989385505,2.0
1696225320000.0,394900,1696225320000.0,0.0,-0.016214999999999997,1696.2826790900037,1696.1241890900037,432.4,0.1875,452.3,0.18735040902056155,long_ientry_partial,84.73858999999999,0.049955464996824274,31.0
1696225320000.0,394900,1696225320000.0,0.0011536502321469104,-0.00012388200000000002,1696.283708858236,1696.1263752080038,-3.3,0.1877,449.0,0.18735040902056155,long_nclose,84.12033365023214,0.04959095769825751,0.0
1696228680000.0,394956,1696228680000.0,0.11855878178200521,-0.002425544,1696.399842096018,1697.1887296640039,-64.1,0.1892,384.9,0.18735040902056155,long_nclose,72.11117243201413,0.04250835837317448,56.0
1696230060000.0,394979,1696230060000.0,0.1015425447711714,-0.0020774160000000003,1696.499307224789,1697.1096722480036,-54.9,0.1892,330.0,0.18735040902056155,long_nclose,61.82563497678531,0.03644306526592251,23.0
1696231920000.0,395010,1696231920000.0,0.08711573513155142,-0.001782264,1696.5846406959206,1697.1361799840038,-47.1,0.1892,282.9,0.18735040902056155,long_nclose,53.00143071191686,0.031240074583120267,31.0
1696232280000.0,395016,1696232280000.0,0.07472347556931375,-0.001528736,1696.65783543549,1697.1548612480037,-40.4,0.1892,242.5,0.18735040902056155,long_nclose,45.43247418748618,0.0267776290767695,6.0
1696233840000.0,395042,1696233840000.0,0.06399584788857068,-0.001309264,1696.7205220193784,1697.1258419840037,-34.6,0.1892,207.9,0.18735040902056155,long_nclose,38.95015003537475,0.022956137755095706,26.0
1696236360000.0,395084,1696236360000.0,0.054932852089322234,-0.0011238480000000002,1696.7743310234678,1697.1217481360036,-29.7,0.1892,178.2,0.18735040902056155,long_nclose,33.385842887464065,0.01967606550679385,42.0
1696237320000.0,395100,1696237320000.0,0.04697961087773686,-0.000961136,1696.8203494983456,1697.1182470000037,-25.4,0.1892,152.8,0.18735040902056155,long_nclose,28.627142498341808,0.016871050908132523,16.0
1696238040000.0,395112,1696238040000.0,0.04032108335175841,-0.0008249120000000001,1696.8598456696973,1697.1152420880037,-21.8,0.1892,131.0,0.18735040902056155,long_nclose,24.54290358169356,0.014463718759286951,12.0
1696238760000.0,395124,1696238760000.0,0.034587351315499185,-0.0007076080000000001,1696.8937254130126,1697.1126644800036,-18.7,0.1892,112.3,0.18735040902056155,long_nclose,21.03945093300906,0.0123988029526647,12.0
1696246920000.0,395260,1696246920000.0,0.0,-0.0127464,1696.8809790130126,1696.9087980800036,339.0,0.188,451.3,0.18783835792822748,long_ientry_partial,84.77145093300906,0.04995721678860247,136.0
1696271940000.0,395677,1696271940000.0,0.0,-0.016968849999999997,1696.8640101630126,1693.1721292300035,464.9,0.1825,916.2,0.18512955788365976,long_rentry,169.61570093300907,0.09995833485602337,417.0
1696345620000.0,396905,1696345620000.0,0.0,-0.01696993,1696.8470402330126,1692.5225793000036,472.7,0.1795,1388.9,0.18321358696307083,long_rentry,254.4653509330091,0.1499636354365009,1228.0
1696358220000.0,397115,1696358220000.0,0.0,-0.024392934,1696.8226472990127,1688.6092663660036,687.9,0.1773,2076.8,0.18125482517960761,long_rentry,376.43002093300913,0.2218440574990009,210.0
1696379460000.0,397469,1696379460000.0,0.0,-0.035980427999999995,1696.7866668710128,1682.9678859380037,1028.6,0.1749,3105.4,0.17914991979552042,long_rentry,556.3321609330092,0.3278739583444055,354.0
1696380000000.0,397478,1696380000000.0,0.0,-0.05296872,1696.7336981510127,1676.5444372180034,1538.0,0.1722,4643.4,0.17684794782551777,long_rentry,821.1757609330092,0.4839744515169775,9.0
1696845000000.0,405228,1696845000000.0,0.0,-0.07768386599999999,1696.6560142850128,1670.1651633520037,2299.7,0.1689,6943.1,0.1742154211998976,long_rentry,1209.595090933009,0.7129288911534281,7750.0
1696991640000.0,407672,1696991640000.0,0.0,-0.097413026,1696.558601259013,1627.921980326004,2953.7,0.1649,9896.8,0.17143523370513794,long_rentry,1696.660220933009,1.000059897532523,2444.0
1697006220000.0,407915,1697006220000.0,-0.4922267911830425,-0.0033919759999999997,1696.0629824918299,1650.6608683500037,-101.8,0.1666,9795.0,0.17143523370513794,unstuck_close_long,1679.2081141418262,0.9900623570445239,243.0
1697090340000.0,409317,1697090340000.0,-0.7363561183702353,-0.0033911520000000006,1695.3232352214598,1628.108337198004,-103.2,0.1643,9691.8,0.17143523370513794,unstuck_close_long,1661.5159980234557,0.9800585301400722,1402.0
1697127960000.0,409944,1697127960000.0,0.0,-0.016776276,1695.3064589454598,1602.5504609220038,522.3,0.1606,10214.1,0.17088117191171576,long_rentry,1745.397378023456,1.0295468225309272,627.0
1697174100000.0,410713,1697174100000.0,-0.4044870662303216,-0.003391408,1694.8985804712295,1655.650229514004,-101.6,0.1669,10112.5,0.17088117191171576,unstuck_close_long,1728.0358509572256,1.0195511819219196,769.0
1697258940000.0,412127,1697258940000.0,-0.24960589431860572,-0.0033882079999999998,1694.645586368911,1670.805531306004,-100.6,0.1684,10011.9,0.17088117191171576,unstuck_close_long,1710.8452050629069,1.0095592959520856,1414.0
1697343480000.0,413536,1697343480000.0,-0.3627727146568057,-0.003389498,1694.2794241562542,1659.778921808004,-101.3,0.1673,9910.6,0.17088117191171576,unstuck_close_long,1693.5349423482503,0.9995605908934563,1409.0
1697427660000.0,414939,1697427660000.0,-0.04782848802454664,-0.0033875520000000003,1694.2282081162296,1691.4695742560039,-99.4,0.1704,9811.2,0.17088117191171576,unstuck_close_long,1676.5493538602257,0.9895652461862499,1403.0
1697433360000.0,415034,1697433360000.0,2.4091094485392,-0.048383232,1696.5889343327688,1709.361671024004,-1401.6,0.1726,8409.6,0.17088117191171576,long_nclose,1437.042303308765,0.847018552478018,95.0
1697433420000.0,415035,1697433420000.0,2.0648281824558654,-0.041468876,1698.6122936392246,1706.677142148004,-1201.3,0.1726,7208.3,0.17088117191171576,long_nclose,1231.7627514912208,0.7251582695496728,1.0
1697433540000.0,415037,1697433540000.0,1.7698772825062887,-0.035545244000000004,1700.3466256777308,1711.5844369040037,-1029.7,0.1726,6178.6,0.17088117191171576,long_nclose,1055.806408773727,0.6209359861274754,2.0
1697433900000.0,415043,1697433900000.0,1.517037670719676,-0.030467352,1701.8331959964505,1711.4657095520038,-882.6,0.1726,5296.0,0.17088117191171576,long_nclose,904.9866864444466,0.5317716733775206,6.0
1697434380000.0,415051,1697434380000.0,1.3002934487870326,-0.02611438,1703.1073750652374,1712.2718451720036,-756.5,0.1726,4539.5,0.17088117191171576,long_nclose,775.7150798932337,0.4554704484580838,8.0
1697437620000.0,415105,1697437620000.0,1.1146600152523338,-0.022386220000000002,1704.1996488604898,1711.2767089520037,-648.5,0.1726,3891.0,0.17088117191171576,long_nclose,664.898639908486,0.39015302013063397,54.0
1697441160000.0,415164,1697441160000.0,0.9553246514683842,-0.019186216,1705.1357872959582,1711.2019427360037,-555.8,0.1726,3335.2,0.17088117191171576,long_nclose,569.9228845599544,0.3342390024337889,59.0
1697462760000.0,415524,1697462760000.0,0.818849701258615,-0.016445328000000002,1705.9381916692168,1710.851977408004,-476.4,0.1726,2858.8,0.17088117191171576,long_nclose,488.51509426121305,0.28636154383953005,360.0
1697462820000.0,415525,1697462820000.0,0.7019693912552862,-0.014097968,1706.6260630924721,1712.3081194400038,-408.4,0.1726,2450.4,0.17088117191171576,long_nclose,418.7272236524683,0.24535381986005678,1.0
1697462880000.0,415526,1697462880000.0,1.3554093912552823,-0.014228656,1707.9672438277275,1714.540090784004,-408.4,0.1742,2042.0,0.17088117191171576,long_nclose,348.9393530437236,0.20430096320917443,1.0
1697462940000.0,415527,1697462940000.0,1.129397198443126,-0.011856052,1709.0847849741706,1717.4551547320038,-340.3,0.1742,1701.7,0.17088117191171576,long_nclose,290.7884902421667,0.17014281140333326,1.0
1697462940000.0,415527,1697462940000.0,1.673877198443132,-0.011964948000000001,1710.7466972246136,1717.4431897840038,-340.3,0.1758,1361.4,0.17088117191171576,long_nclose,232.63762744060983,0.1359860158245657,0.0
1697463000000.0,415528,1697463000000.0,1.3389050056309741,-0.009570552000000001,1712.0760316782446,1717.6514592320038,-272.2,0.1758,1089.2,0.17088117191171576,long_nclose,186.12377244624082,0.10871232877654093,1.0
1697463660000.0,415539,1697463660000.0,0.26744965053702874,-0.005371312,1712.3381100167815,1714.1295279200037,-155.6,0.1726,933.6,0.17088117191171576,long_nclose,159.53466209677782,0.09316773431808648,11.0
1697463900000.0,415543,1697463900000.0,0.2291197841682901,-0.004601516000000001,1712.5626282849496,1714.1782964040035,-133.3,0.1726,800.3,0.17088117191171576,long_nclose,136.75620188094612,0.07985471574718467,4.0
1697547720000.0,416940,1697547720000.0,0.0,-0.017124198000000004,1712.5455040869497,1708.4274322060037,516.1,0.1659,1316.4,0.16892828310615776,long_rentry,222.3771918809461,0.12985184414092832,1397.0
1697550480000.0,416986,1697550480000.0,0.0,-0.02133344,1712.5241706469496,1705.1163387660035,652.0,0.1636,1968.4,0.16716337730184216,long_rentry,329.04439188094614,0.19213999867613035,46.0
1697679360000.0,419134,1697679360000.0,0.0,-0.03148927,1712.4926813769496,1700.1675694960034,974.9,0.1615,2943.3,0.16528751465394154,long_rentry,486.49074188094613,0.2840833991125601,2148.0
1697679840000.0,419142,1697679840000.0,0.0,-0.046384014,1712.4462973629495,1696.4350854820032,1457.7,0.1591,4401.0,0.16323808495363468,long_rentry,718.4108118809462,0.4195231190532806,8.0
1697772300000.0,420683,1697772300000.0,0.9819759896498801,-0.020721952000000002,1713.4075514005995,1719.2995635300033,-628.7,0.1648,3772.3,0.16323808495363468,long_nclose,615.7830278705961,0.3593908684289581,1541.0
1697772360000.0,420684,1697772360000.0,0.8417160184862738,-0.017762144,1714.2315052750857,1719.6051413860034,-538.9,0.1648,3233.4,0.16323808495363468,long_nclose,527.8140238890824,0.30790125036488764,1.0
1697772480000.0,420686,1697772480000.0,0.7214485599161438,-0.015224223999999998,1714.937729611002,1719.5437271620035,-461.9,0.1648,2771.5,0.16323808495363468,long_nclose,452.4143524489985,0.2638080349142586,2.0
1697772840000.0,420692,1697772840000.0,0.6183621668560323,-0.013048864,1715.543042913858,1719.4910882980034,-395.9,0.1648,2375.6,0.16323808495363468,long_nclose,387.78839461585454,0.22604410668542255,6.0
1697779080000.0,420796,1697779080000.0,0.5299577752317549,-0.011183328000000001,1716.0618173610897,1719.4459749700034,-339.3,0.1648,2036.3,0.16323808495363468,long_nclose,332.4017123910863,0.19370031372310587,104.0
1697780280000.0,420816,1697780280000.0,0.4543610869876731,-0.009588064,1716.5065903840775,1719.4072969060035,-290.9,0.1648,1745.4,0.16323808495363468,long_nclose,284.91575347807395,0.16598581973071397,20.0
1697782920000.0,420860,1697782920000.0,0.38938542105887564,-0.008216928,1716.8877588771365,1719.5237599780037,-249.3,0.1648,1496.1,0.16323808495363468,long_nclose,244.22049889913282,0.14224604819761527,44.0
1697783340000.0,420867,1697783340000.0,0.33378124540827,-0.007043552,1717.214496570545,1719.473976426004,-213.7,0.1648,1282.4,0.16323808495363468,long_nclose,209.3365201445411,0.12190470122550666,7.0
1697783520000.0,420870,1697783520000.0,0.2861428364941276,-0.006038272,1717.494601135039,1719.4312981540038,-183.2,0.1648,1099.2,0.16323808495363468,long_nclose,179.43130298103523,0.10447270277441026,3.0
1697788680000.0,420956,1697788680000.0,0.24522066227935607,-0.00517472,1717.7346470773182,1719.3005034340035,-157.0,0.1648,942.2,0.16323808495363468,long_nclose,153.8029236433146,0.08953823217398937,86.0
1697790420000.0,420985,1697790420000.0,0.49642066227935455,-0.005224960000000001,1718.2258427795975,1720.7085784740036,-157.0,0.1664,785.2,0.16323808495363468,long_nclose,128.17454430559397,0.07459702974682551,29.0
1697790480000.0,420986,1697790480000.0,0.4135784880645833,-0.0043530240000000005,1718.635068243662,1720.9005454500036,-130.8,0.1664,654.4,0.16323808495363468,long_nclose,106.82300279365853,0.06215572157667246,1.0
1697792160000.0,421014,1697792160000.0,0.6228584880645857,-0.004394880000000001,1719.2535318517266,1721.7992305700036,-130.8,0.168,523.6,0.16323808495363468,long_nclose,85.47146128172312,0.04971428570495118,28.0
1697796420000.0,421085,1697796420000.0,0.49857250535445047,-0.0035179200000000003,1719.7485864370813,1721.7433526500038,-104.7,0.168,418.9,0.16323808495363468,long_nclose,68.38043378707756,0.03976187817589425,71.0
1697796480000.0,421086,1697796480000.0,0.39857228938077843,-0.0028123200000000005,1720.144346406462,1721.8075803300037,-83.7,0.168,335.2,0.16323808495363468,long_nclose,54.71740607645834,0.03180977584280527,1.0
1697796960000.0,421094,1697796960000.0,0.31904830810647733,-0.0022512,1720.4611435145684,1721.7919291300036,-67.0,0.168,268.2,0.16323808495363468,long_nclose,43.78045438456482,0.025446930056862455,8.0
1697797920000.0,421110,1697797920000.0,0.2552386464851819,-0.0018009600000000003,1720.7145812010535,1721.7579481700036,-53.6,0.168,214.6,0.16323808495363468,long_nclose,35.03089303105,0.020358340316148506,16.0
1697802900000.0,421193,1697802900000.0,0.2042861554890728,-0.0014414400000000002,1720.9174259165427,1721.7350467300037,-42.9,0.168,171.7,0.16323808495363468,long_nclose,28.02797918653907,0.016286649646546324,83.0
1697807700000.0,421273,1697807700000.0,0.09043077032604803,-0.000951808,1721.0069048788687,1721.4879949220035,-28.6,0.1664,143.1,0.16323808495363468,long_nclose,23.35936995686512,0.013573083228570338,80.0
1697808300000.0,421283,1697808300000.0,0.07525357810349452,-0.000792064,1721.081366392972,1721.4705128580035,-23.8,0.1664,119.3,0.16323808495363468,long_nclose,19.474303534968616,0.01131515564297968,10.0
1697808900000.0,421293,1697808900000.0,0.06260591791803326,-0.000658944,1721.1433133668902,1721.4778239140035,-19.8,0.1664,99.5,0.16323808495363468,long_nclose,16.24218945288665,0.00943686056050369,10.0
1697830020000.0,421645,1697830020000.0,0.05217159826502771,-0.0005491200000000001,1721.1949358451552,1721.4739747940034,-16.5,0.1664,83.0,0.16323808495363468,long_nclose,13.548761051151677,0.00787171793792134,352.0
1697863020000.0,422195,1697863020000.0,0.07904778976966455,-0.0005577600000000001,1721.273425874925,1721.5829770340035,-16.6,0.168,66.4,0.16323808495363468,long_nclose,10.839008840921343,0.006297087190207369,550.0
1697863200000.0,422198,1697863200000.0,0.06285727861202241,-0.00044352000000000004,1721.3358396335368,1721.5944935140035,-13.2,0.168,53.2,0.16323808495363468,long_nclose,8.684266119533365,0.005045073668704998,3.0
1697864460000.0,422219,1697864460000.0,0.05047629949147254,-0.00035616000000000006,1721.3859597730284,1721.5930773540035,-10.6,0.168,42.6,0.16323808495363468,long_nclose,6.953942419024838,0.004039734598475372,21.0
1697869800000.0,422308,1697869800000.0,0.06637629949147254,-0.00035934,1721.4519767325198,1721.6331580140036,-10.6,0.1695,32.0,0.16323808495363468,long_nclose,5.22361871851631,0.0030344260479640197,89.0
1697871420000.0,422335,1697871420000.0,0.05009532037092268,-0.00027120000000000003,1721.5018008528907,1721.6544868140036,-8.0,0.1695,24.0,0.16323808495363468,long_nclose,3.9177140388872322,0.0022757536686550447,27.0
1697871720000.0,422340,1697871720000.0,0.03757149027819201,-0.00020340000000000004,1721.539168943169,1721.6500834140036,-6.0,0.1695,18.0,0.16323808495363468,long_nclose,2.938285529165424,0.0017067782030014455,5.0
1697871960000.0,422344,1697871960000.0,0.028178617708644008,-0.00015255000000000002,1721.5671950108776,1721.6530808640036,-4.5,0.1695,13.5,0.16323808495363468,long_nclose,2.203714146874068,0.0012800628132671546,4.0
1697872320000.0,422350,1697872320000.0,0.020664319653005605,-0.00011187000000000001,1721.5877474605306,1721.6526389940036,-3.3,0.1695,10.2,0.16323808495363468,long_nclose,1.6650284665270736,0.0009671470240091531,6.0
1697872680000.0,422356,1697872680000.0,0.015654787615913338,-8.475000000000001e-05,1721.6033174981465,1721.6523042440035,-2.5,0.1695,7.7,0.16323808495363468,long_nclose,1.256933254142987,0.0007300945818166618,6.0
1697873220000.0,422365,1697873220000.0,0.011897638588094136,-6.441e-05,1721.6151507267346,1721.6520498340035,-1.9,0.1695,5.8,0.16323808495363468,long_nclose,0.9467808927310811,0.0005499375933880592,9.0
1697875800000.0,422408,1697875800000.0,0.008766681064911469,-4.746e-05,1721.6238699477994,1721.6518623740035,-1.4,0.1695,4.4,0.16323808495363468,long_nclose,0.7182475737959927,0.0004171919234703515,43.0
1697878980000.0,422461,1697878980000.0,0.006888106551001869,-3.729000000000001e-05,1721.6307207643506,1721.6520450840037,-1.1,0.1695,3.3,0.16323808495363468,long_nclose,0.5386856803469944,0.0003128926975163609,53.0
1697879280000.0,422466,1697879280000.0,0.005009532037092268,-2.7120000000000008e-05,1721.6357031763878,1721.6516079640037,-0.8,0.1695,2.5,0.16323808495363468,long_nclose,0.4080952123840867,0.00023703923636757659,5.0
1697879580000.0,422471,1697879580000.0,0.003757149027819201,-2.0340000000000002e-05,1721.6394399854155,1721.6511476240037,-0.6,0.1695,1.9,0.16323808495363468,long_nclose,0.3101523614119059,0.00018014942862515585,5.0
1697879640000.0,422472,1697879640000.0,0.002504766018546134,-1.3560000000000004e-05,1721.641931191434,1721.6514740640034,-0.4,0.1695,1.5,0.16323808495363468,long_nclose,0.24485712743045202,0.00014222302732891888,1.0
1697880540000.0,422487,1697880540000.0,0.0018785745139096005,-1.0170000000000001e-05,1721.643799595948,1721.6514338940035,-0.3,0.1695,1.2,0.16323808495363468,long_nclose,0.1958857019443616,0.0001137782983857253,15.0
1697880720000.0,422490,1697880720000.0,0.0018785745139096005,-1.0170000000000001e-05,1721.645668000462,1721.6513937240036,-0.3,0.1695,0.9,0.16323808495363468,long_nclose,0.1469142764582712,8.533363118143762e-05,3.0
1697881320000.0,422500,1697881320000.0,0.001252383009273067,-6.780000000000002e-06,1721.6469136034711,1721.6513669440037,-0.2,0.1695,0.7,0.16323808495363468,long_nclose,0.11426665946754426,6.63705540112054e-05,10.0
1697885160000.0,422564,1697885160000.0,0.0006261915046365335,-3.390000000000001e-06,1721.6475364049757,1721.6514135540035,-0.1,0.1695,0.6,0.16323808495363468,long_nclose,0.0979428509721808,5.688902571585485e-05,64.0
1697896860000.0,422759,1697896860000.0,0.001572383009273065,-6.844e-06,1721.649101943985,1721.6522467100035,-0.2,0.1711,0.4,0.16323808495363468,long_nclose,0.06529523398145387,3.7925982656818004e-05,195.0
1697896920000.0,422760,1697896920000.0,0.0007861915046365325,-3.422e-06,1721.6498847134897,1721.6522432880035,-0.1,0.1711,0.3,0.16323808495363468,long_nclose,0.0489714254860904,2.8444474059974185e-05,1.0
1697897100000.0,422763,1697897100000.0,0.0007861915046365325,-3.422e-06,1721.6506674829943,1721.6522798660035,-0.1,0.1711,0.2,0.16323808495363468,long_nclose,0.032647616990726935,1.896297408489775e-05,3.0
1697897760000.0,422774,1697897760000.0,0.0007861915046365325,-3.422e-06,1721.651450252499,1721.6522664440035,-0.1,0.1711,0.1,0.16323808495363468,long_nclose,0.016323808495363468,9.481482731576942e-06,11.0
1697899020000.0,422795,1697899020000.0,0.0007861915046365325,-3.422e-06,1721.6522330220037,1721.6522330220037,-0.1,0.1711,0.0,0.16323808495363468,long_nclose,0.0,0.0,21.0
1697930160000.0,423314,1697930160000.0,0.0,-0.017217330000000003,1721.6350156920037,1721.5844656920037,505.5,0.1703,505.5,0.1703,long_ientry_normal,86.08665,0.05000284567597381,519.0
1697937360000.0,423434,1697937360000.0,0.12273999999999852,-0.0024836800000000003,1721.7552720120036,1722.4485520120036,-72.2,0.172,433.3,0.1703,long_nclose,73.79099000000001,0.04285800148227196,120.0
1697949480000.0,423636,1697949480000.0,0.10522999999999871,-0.00212936,1721.8583726520035,1722.5268926520034,-61.9,0.172,371.4,0.1703,long_nclose,63.24942,0.03673323021485405,202.0
1697954100000.0,423713,1697954100000.0,0.20426999999999984,-0.002149168,1722.0604934840035,1723.1127934840035,-61.9,0.1736,309.5,0.1703,long_nclose,52.70785,0.030607432316947007,77.0
1697954580000.0,423721,1697954580000.0,0.16994999999999988,-0.00178808,1722.2286554040033,1723.1316554040034,-51.5,0.1736,258.0,0.1703,long_nclose,43.937400000000004,0.02551194341246929,8.0
1697960400000.0,423818,1697960400000.0,0.0,-0.008394166,1722.2202612380033,1721.4200612380034,245.3,0.1711,503.3,0.1706899066163322,long_ientry_partial,85.90823,0.049882254862247184,97.0
1698014580000.0,424721,1698014580000.0,0.12295571428571396,-0.0024791120000000003,1722.3407378402892,1722.9921921260034,-71.9,0.1724,431.4,0.1706899066163322,long_nclose,73.63562571428571,0.04275322768398332,903.0
1698015060000.0,424729,1698015060000.0,0.10534175243393573,-0.002123968,1722.4439556247232,1723.1872881580036,-61.6,0.1724,369.8,0.1706899066163322,long_nclose,63.121127466719656,0.03664625909051763,8.0
1698020100000.0,424813,1698020100000.0,0.20390175243393513,-0.00214368,1722.6457136971571,1723.6350644780036,-61.6,0.174,308.2,0.1706899066163322,long_nclose,52.60662921915358,0.030538275398630157,84.0
1698022020000.0,424845,1698022020000.0,0.169807790582157,-0.00178524,1722.8137362477394,1723.6640992380037,-51.3,0.174,256.9,0.1706899066163322,long_nclose,43.85023700973574,0.0254526859678057,32.0
1698022080000.0,424846,1698022080000.0,0.1416719968209809,-0.0014894399999999999,1722.9539188045605,1723.7268397980038,-42.8,0.174,214.1,0.1706899066163322,long_nclose,36.54470900655672,0.021210497046788453,1.0
1698023100000.0,424863,1698023100000.0,0.11783932445857291,-0.0012388800000000001,1723.070519249019,1723.7149209180038,-35.6,0.174,178.5,0.1706899066163322,long_nclose,30.4681483310153,0.017682473230575903,17.0
1698024360000.0,424884,1698024360000.0,0.17529033379694034,-0.0012537840000000002,1723.244555798816,1723.9314371340038,-35.7,0.1756,142.8,0.1706899066163322,long_nclose,24.374518664812243,0.014144549932155944,21.0
1698024480000.0,424886,1698024480000.0,0.13993766143453218,-0.00100092,1723.3834925402505,1723.9561462140036,-28.5,0.1756,114.3,0.1706899066163322,long_nclose,19.509856326246773,0.011320670303908641,2.0
1698024600000.0,424888,1698024600000.0,0.11195012914762575,-0.000800736,1723.494641933398,1723.9530654780037,-22.8,0.1756,91.5,0.1706899066163322,long_nclose,15.618126455394398,0.009061894406514748,2.0
1698024780000.0,424891,1698024780000.0,0.08985470892112067,-0.000642696,1723.583853946319,1723.9139927820036,-18.3,0.1756,73.2,0.1706899066163322,long_nclose,12.494501164315519,0.007249140293179295,3.0
1698028680000.0,424956,1698028680000.0,0.07168736340154983,-0.000512752,1723.6550285577205,1723.9486200300034,-14.6,0.1756,58.6,0.1706899066163322,long_nclose,10.002428527717068,0.0058030338797471935,65.0
1698032760000.0,425024,1698032760000.0,0.05744809258891321,-0.000410904,1723.7120657463092,1723.9470391260033,-11.7,0.1756,46.9,0.1706899066163322,long_nclose,8.00535662030598,0.004644253979181802,68.0
1698032940000.0,425027,1698032940000.0,0.04566386846811051,-0.00032661600000000006,1723.7574029987775,1723.9533025100034,-9.3,0.1756,37.6,0.1706899066163322,long_nclose,6.417940488774091,0.003723227223047142,3.0
1698033060000.0,425029,1698033060000.0,0.03682570037750847,-0.0002634,1723.793965299155,1723.9477791100032,-7.5,0.1756,30.1,0.1706899066163322,long_nclose,5.137766189151599,0.0029804989996353587,2.0
1698033240000.0,425032,1698033240000.0,0.029460560302006777,-0.00021072000000000002,1723.8232151394568,1723.9463683900033,-6.0,0.1756,24.1,0.1706899066163322,long_nclose,4.113626749453607,0.002386339105614618,3.0
1698033420000.0,425035,1698033420000.0,0.023568448241605422,-0.000168576,1723.8466150116983,1723.9452398140031,-4.8,0.1756,19.3,0.1706899066163322,long_nclose,3.294315197695212,0.0019110257078602413,3.0
1698033720000.0,425040,1698033720000.0,0.018658354857937626,-0.000133456,1723.8651399105563,1723.942796358003,-3.8,0.1756,15.5,0.1706899066163322,long_nclose,2.645693552553149,0.0015347450860862715,5.0
1698034620000.0,425055,1698034620000.0,0.015221289489370168,-0.00010887200000000002,1723.8802523280456,1723.9423774860031,-3.1,0.1756,12.4,0.1706899066163322,long_nclose,2.1165548420425195,0.0012277853053796397,15.0
1698034740000.0,425057,1698034740000.0,0.011784224120802711,-8.4288e-05,1723.8919522641665,1723.9440531980033,-2.4,0.1756,10.0,0.1706899066163322,long_nclose,1.706899066163322,0.0009901427197461384,2.0
1698037560000.0,425104,1698037560000.0,0.009820186767335592,-7.024e-05,1723.9017022109338,1723.9417829580032,-2.0,0.1756,8.0,0.1706899066163322,long_nclose,1.3655192529306577,0.0007921096958018869,47.0
1698038700000.0,425123,1698038700000.0,0.007856149413868474,-5.6192000000000014e-05,1723.9095021683474,1723.941566766003,-1.6,0.1756,6.4,0.1706899066163322,long_nclose,1.0924154023445263,0.0006336848894738832,19.0
1698038940000.0,425127,1698038940000.0,0.0058921120604013555,-4.2144e-05,1723.9153521364078,1723.941404622003,-1.2,0.1756,5.2,0.1706899066163322,long_nclose,0.8875875144049276,0.0005148672255310919,4.0
1698039060000.0,425129,1698039060000.0,0.004910093383667796,-3.512e-05,1723.9202271097915,1723.941269502003,-1.0,0.1756,4.2,0.1706899066163322,long_nclose,0.7168976077885953,0.00041585312157424914,2.0
1698040140000.0,425147,1698040140000.0,0.003928074706934237,-2.8096000000000007e-05,1723.9241270884984,1723.9421814060029,-0.8,0.1756,3.4,0.1706899066163322,long_nclose,0.5803456824955295,0.0003366422416023981,18.0
1698040440000.0,425152,1698040440000.0,0.0029460560302006777,-2.1072e-05,1723.9270520725286,1723.941080334003,-0.6,0.1756,2.8,0.1706899066163322,long_nclose,0.4779317385257302,0.00027723431681819376,5.0
1698041160000.0,425164,1698041160000.0,0.002455046691833898,-1.756e-05,1723.9294895592204,1723.941012774003,-0.5,0.1756,2.3,0.1706899066163322,long_nclose,0.39258678521756407,0.00022772786682704864,12.0
1698041760000.0,425174,1698041760000.0,0.0019640373534671185,-1.4048000000000003e-05,1723.931439548574,1723.940958726003,-0.4,0.1756,1.9,0.1706899066163322,long_nclose,0.32431082257103117,0.0001881228076308851,10.0
1698044400000.0,425218,1698044400000.0,0.0,-0.017172512,1723.914267036574,1724.019096214003,494.6,0.1736,496.5,0.17358886369097895,long_ientry_partial,86.18687082257105,0.04999487066762731,44.0
1698079020000.0,425795,1698079020000.0,0.12131956430959322,-0.0024857540000000006,1724.0331008468836,1724.803920460003,-70.9,0.1753,425.6,0.17358886369097895,long_nclose,73.87942038688064,0.04285266933134255,577.0
1698079380000.0,425801,1698079380000.0,0.10403708758848049,-0.0021316480000000003,1724.1350062864722,1724.905148812003,-60.8,0.1753,364.8,0.17358886369097895,long_nclose,63.32521747446912,0.03672868844004399,6.0
1698079560000.0,425804,1698079560000.0,0.08915020169999727,-0.0018266260000000002,1724.2223298621723,1724.8199421860031,-52.1,0.1753,312.7,0.17358886369097895,long_nclose,54.28123767616911,0.03148157678743677,3.0
1698079740000.0,425807,1698079740000.0,0.07631667938233931,-0.0015636760000000002,1724.2970828655548,1724.8630785100033,-44.6,0.1753,268.1,0.17358886369097895,long_nclose,46.53917435555146,0.026990229710421754,3.0
1698081000000.0,425828,1698081000000.0,0.15213667938233838,-0.00157884,1724.447640704937,1725.277079670003,-44.6,0.177,223.5,0.17358886369097895,long_nclose,38.79711103493379,0.022498282997490095,21.0
1698082140000.0,425847,1698082140000.0,0.054585248257771835,-0.001118414,1724.5011075391947,1724.790641256003,-31.9,0.1753,191.6,0.17358886369097895,long_nclose,33.259626283191565,0.019286520685772093,19.0
1698082260000.0,425849,1698082260000.0,0.04671402123627496,-0.0009571380000000002,1724.5468644224309,1724.844434118003,-27.3,0.1753,164.3,0.17358886369097895,long_nclose,28.520650304427843,0.01653805465818971,2.0
1698082380000.0,425851,1698082380000.0,0.04004058963109282,-0.0008204040000000002,1724.586084608062,1724.8412737140031,-23.4,0.1753,140.9,0.17358886369097895,long_nclose,24.458670894058937,0.014182342715363805,2.0
1698087660000.0,425939,1698087660000.0,0.07982058963109233,-0.00082836,1724.665076837693,1725.124635354003,-23.4,0.177,117.5,0.17358886369097895,long_nclose,20.396691483690027,0.011826465183077135,88.0
1698089160000.0,425964,1698089160000.0,0.06651715802591028,-0.0006903,1724.7309036957188,1725.0749950540028,-19.5,0.177,98.0,0.17358886369097895,long_nclose,17.011708641715938,0.009863398751227562,25.0
1698090120000.0,425980,1698090120000.0,0.05560152183704296,-0.00057702,1724.7859281975557,1725.0727880340028,-16.3,0.177,81.7,0.17358886369097895,long_nclose,14.18221016355298,0.008222591529589846,16.0
1698090360000.0,425984,1698090360000.0,0.046391453802686146,-0.00048144,1724.8318382113584,1725.0777565940027,-13.6,0.177,68.1,0.17358886369097895,long_nclose,11.821401617355665,0.006853654574010181,4.0
1698090660000.0,425989,1698090660000.0,0.03854584029193776,-0.00040002000000000006,1724.8699840316506,1725.075096574003,-11.3,0.177,56.8,0.17358886369097895,long_nclose,9.859847457647604,0.00571628444400287,5.0
1698091800000.0,426008,1698091800000.0,0.032064681304797775,-0.00033276,1724.9017159529553,1725.068143814003,-9.4,0.177,47.4,0.17358886369097895,long_nclose,8.228112138952403,0.004770191868240228,19.0
1698092040000.0,426012,1698092040000.0,0.02694797684126622,-0.00027966000000000004,1724.9283842697967,1725.071024154003,-7.9,0.177,39.5,0.17358886369097895,long_nclose,6.856760115793668,0.003975098432098849,4.0
1698094440000.0,426052,1698094440000.0,0.02217238600863676,-0.00023009999999999998,1724.9503265558053,1725.066194054003,-6.5,0.177,33.0,0.17358886369097895,long_nclose,5.728432501802305,0.0033209260658770513,40.0
1698094860000.0,426059,1698094860000.0,0.01876124969961572,-0.0001947,1724.9688931055048,1725.068199354003,-5.5,0.177,27.5,0.17358886369097895,long_nclose,4.773693751501921,0.0027674086011532186,7.0
1698095460000.0,426069,1698095460000.0,0.01535011339059468,-0.0001593,1724.9840839188955,1725.067140054003,-4.5,0.177,23.0,0.17358886369097895,long_nclose,3.992543864892516,0.0023145395381400143,10.0
1698099060000.0,426129,1698099060000.0,0.023051227021496864,-0.000164312,1725.0069708339172,1725.108375742003,-4.6,0.1786,18.4,0.17358886369097895,long_nclose,3.1940350919140124,0.0018516070635760534,60.0
1698100680000.0,426156,1698100680000.0,0.03087122702149677,-0.000165876,1725.0376761849386,1725.1316698660032,-4.6,0.1803,13.8,0.17358886369097895,long_nclose,2.39552631893551,0.0013886805789850407,27.0
1698100860000.0,426159,1698100860000.0,0.0386912270214968,-0.00016744,1725.07619997196,1725.164622426003,-4.6,0.182,9.2,0.17358886369097895,long_nclose,1.5970175459570062,0.0009257663783101087,3.0
1698100920000.0,426160,1698100920000.0,0.04605122702149688,-0.000168912,1725.1220822869816,1725.1672135140032,-4.6,0.1836,4.6,0.17358886369097895,long_nclose,0.7985087729785031,0.0004628708780539902,1.0
1698100980000.0,426161,1698100980000.0,0.02302561351074844,-8.4456e-05,1725.1450234444924,1725.169429058003,-2.3,0.1836,2.3,0.17358886369097895,long_nclose,0.39925438648925154,0.0002314323613745148,1.0
1698101280000.0,426166,1698101280000.0,0.0058877954163147304,-2.548e-05,1725.1508857599088,1725.164983578003,-0.7,0.182,1.6,0.17358886369097895,long_nclose,0.2777421819055663,0.00016099587821457375,5.0
1698101880000.0,426176,1698101880000.0,0.00800890904721685,-2.9376000000000005e-05,1725.158865292956,1725.1672742020032,-0.8,0.1836,0.8,0.17358886369097895,long_nclose,0.13887109095278316,8.049756677290176e-05,10.0
1698102960000.0,426194,1698102960000.0,0.001682227261804209,-7.280000000000001e-06,1725.1605402402179,1725.1655869220033,-0.2,0.182,0.6,0.17358886369097895,long_nclose,0.10415331821458737,6.037311646374932e-05,18.0
1698103020000.0,426195,1698103020000.0,0.001682227261804209,-7.280000000000001e-06,1725.1622151874797,1725.1656996420033,-0.2,0.182,0.4,0.17358886369097895,long_nclose,0.06943554547639158,4.024870523195743e-05,1.0
1698104160000.0,426214,1698104160000.0,0.0008411136309021045,-3.6400000000000003e-06,1725.1630526611107,1725.1656960020034,-0.1,0.182,0.3,0.17358886369097895,long_nclose,0.052076659107293685,3.0186514270036118e-05,19.0
1698104460000.0,426219,1698104460000.0,0.0008411136309021045,-3.6400000000000003e-06,1725.1638901347417,1725.1655923620035,-0.1,0.182,0.2,0.17358886369097895,long_nclose,0.03471777273819579,2.012433307741226e-05,5.0
1698104700000.0,426223,1698104700000.0,0.0008411136309021045,-3.6400000000000003e-06,1725.1647276083727,1725.1655887220036,-0.1,0.182,0.1,0.17358886369097895,long_nclose,0.017358886369097895,1.0062161654071629e-05,4.0
1698105600000.0,426238,1698105600000.0,0.0010011136309021063,-3.6720000000000006e-06,1725.1657250500036,1725.1657250500036,-0.1,0.1836,0.0,0.17358886369097895,long_nclose,0.0,0.0,15.0
1698128820000.0,426625,1698128820000.0,0.0,-0.017252664,1725.1484723860037,1725.3844223860037,471.9,0.1828,471.9,0.1828,long_ientry_normal,86.26332,0.05000341789752835,387.0
1698134340000.0,426717,1698134340000.0,0.12131999999999975,-0.002488408,1725.2673039780036,1726.0358539780036,-67.4,0.1846,404.5,0.1828,long_nclose,73.9426,0.0428586340386259,92.0
1698134580000.0,426721,1698134580000.0,0.10385999999999977,-0.002130284,1725.3690336940035,1725.9932736940036,-57.7,0.1846,346.8,0.1828,long_nclose,63.39504,0.03674288732554313,4.0
1698134760000.0,426724,1698134760000.0,0.0890999999999998,-0.00182754,1725.4563061540034,1726.1103661540035,-49.5,0.1846,297.3,0.1828,long_nclose,54.34644,0.031496850894553674,3.0
1698136740000.0,426757,1698136740000.0,0.17325000000000015,-0.0018443700000000001,1725.6277117840034,1726.5197917840035,-49.5,0.1863,247.8,0.1828,long_nclose,45.29784,0.026250065231723588,33.0
1698137880000.0,426776,1698137880000.0,0.14455000000000012,-0.0015388379999999998,1725.7707229460034,1726.5141229460035,-41.3,0.1863,206.5,0.1828,long_nclose,37.7482,0.021873241617844433,19.0
1698138360000.0,426784,1698138360000.0,0.1204000000000001,-0.001281744,1725.8898412020035,1726.4577712020034,-34.4,0.1863,172.1,0.1828,long_nclose,31.45988,0.018228208573317535,8.0
1698138660000.0,426789,1698138660000.0,0.10010000000000009,-0.001065636,1725.9888755660036,1726.5198255660036,-28.6,0.1863,143.5,0.1828,long_nclose,26.2318,0.015198128082602968,5.0
1698139080000.0,426796,1698139080000.0,0.08365000000000007,-0.000890514,1726.0716350520036,1726.5021950520036,-23.9,0.1863,119.6,0.1828,long_nclose,21.862879999999997,0.012666264572119746,7.0
1698140340000.0,426817,1698140340000.0,0.12666999999999998,-0.0008991179999999999,1726.1974059340037,1726.7141859340036,-23.9,0.1881,95.7,0.1828,long_nclose,17.49396,0.010134391315768687,21.0
1698141000000.0,426828,1698141000000.0,0.16969000000000053,-0.0009077220000000001,1726.3661882120036,1726.8616082120036,-23.9,0.1899,71.8,0.1828,long_nclose,13.125039999999998,0.007602697556069257,11.0
1698141180000.0,426831,1698141180000.0,0.1270900000000004,-0.0006798420000000001,1726.4925983700036,1726.8806783700036,-17.9,0.1899,53.9,0.1828,long_nclose,9.85292,0.005706899646892333,3.0
1698141960000.0,426844,1698141960000.0,0.09514000000000031,-0.0005089320000000001,1726.5872294380035,1726.8788294380035,-13.4,0.1899,40.5,0.1828,long_nclose,7.4033999999999995,0.00428788066642296,13.0
1698143460000.0,426869,1698143460000.0,0.07171000000000023,-0.000383598,1726.6585558400034,1726.8774358400033,-10.1,0.1899,30.4,0.1828,long_nclose,5.557119999999999,0.0032184243846036555,25.0
1698144240000.0,426882,1698144240000.0,0.053960000000000174,-0.000288648,1726.7122271920034,1726.8832271920035,-7.6,0.1899,22.8,0.1828,long_nclose,4.16784,0.0024137432598006115,13.0
1698146040000.0,426912,1698146040000.0,0.06688000000000001,-0.000291232,1726.7788159600034,1726.9125759600033,-7.6,0.1916,15.2,0.1828,long_nclose,2.7785599999999997,0.0016091001200146517,30.0
1698146100000.0,426913,1698146100000.0,0.04400000000000001,-0.0001916,1726.8226243600034,1726.9144243600033,-5.0,0.1916,10.2,0.1828,long_nclose,1.8645599999999998,0.00107976347639703,1.0
1698146220000.0,426915,1698146220000.0,0.029920000000000006,-0.000130288,1726.8524140720033,1726.9129340720033,-3.4,0.1916,6.8,0.1828,long_nclose,1.24304,0.0007198298996894878,2.0
1698146880000.0,426926,1698146880000.0,0.019360000000000006,-8.430400000000001e-05,1726.8716897680033,1726.9130897680034,-2.2,0.1916,4.6,0.1828,long_nclose,0.8408799999999998,0.0004869383203062226,11.0
1698148200000.0,426948,1698148200000.0,0.024379999999999995,-8.8964e-05,1726.8959808040033,1726.9210508040032,-2.3,0.1934,2.3,0.1828,long_nclose,0.4204399999999999,0.00024346573544299562,22.0
1698148740000.0,426957,1698148740000.0,0.02829000000000001,-8.974599999999999e-05,1726.9241810580033,1726.9241810580033,-2.3,0.1951,0.0,0.1828,long_nclose,0.0,0.0,9.0
1698161400000.0,427168,1698161400000.0,0.0,-0.017268767999999997,1726.9069122900034,1725.7684122900034,455.4,0.1896,455.4,0.1896,long_ientry_normal,86.34383999999999,0.04999912814379891,211.0
1698197280000.0,427766,1698197280000.0,0.11699999999999974,-0.0024882,1727.0214240900034,1727.8412640900035,-65.0,0.1914,390.4,0.1896,long_nclose,74.01983999999999,0.04285982731163992,598.0
1698197640000.0,427772,1698197640000.0,0.10025999999999978,-0.0021321960000000003,1727.1195518940033,1727.7554818940032,-55.7,0.1914,334.7,0.1896,long_nclose,63.45911999999999,0.036742748891012846,6.0
1698197820000.0,427775,1698197820000.0,0.08603999999999981,-0.0018297839999999999,1727.2037621100033,1727.8349421100033,-47.8,0.1914,286.9,0.1896,long_nclose,54.39623999999999,0.03149381745993184,3.0
1698198000000.0,427778,1698198000000.0,0.07361999999999984,-0.0015656519999999998,1727.2758164580032,1727.7678164580032,-40.9,0.1914,246.0,0.1896,long_nclose,46.6416,0.02700298328476831,3.0
1698198120000.0,427780,1698198120000.0,0.06317999999999986,-0.0013436280000000001,1727.3376528300032,1727.8016328300032,-35.1,0.1914,210.9,0.1896,long_nclose,39.98664,0.023149289853369108,2.0
1698198360000.0,427784,1698198360000.0,0.05417999999999988,-0.0011522280000000001,1727.3906806020034,1727.6799606020033,-30.1,0.1914,180.8,0.1896,long_nclose,34.27968,0.019844775351024458,4.0
1698200520000.0,427820,1698200520000.0,0.0,-0.010465714,1727.3802148880034,1727.0993048880034,277.9,0.1883,458.7,0.18881240462175714,long_ientry_partial,86.60825,0.05013849831874759,36.0
1698214560000.0,428054,1698214560000.0,0.1236374972749082,-0.00249817,1727.5013542152783,1728.2828767180033,-65.5,0.1907,393.2,0.18881240462175714,long_nclose,74.2410374972749,0.042975964861688386,234.0
1698214980000.0,428061,1698214980000.0,0.1058941007194252,-0.0021396540000000004,1727.6051086619977,1728.3425470640034,-56.1,0.1907,337.1,0.18881240462175714,long_nclose,63.648661597994334,0.03684213555451291,7.0
1698216600000.0,428088,1698216600000.0,0.09079333769348222,-0.001834534,1727.6940674656912,1728.2684825300034,-48.1,0.1907,289.0,0.18881240462175714,long_nclose,54.566784935687814,0.031583592236170834,27.0
1698217020000.0,428095,1698217020000.0,0.07776892958360639,-0.0015713680000000003,1727.7702650272747,1728.2875711620034,-41.2,0.1907,247.8,0.18881240462175714,long_nclose,46.78771386527142,0.027079823523026555,7.0
1698217800000.0,428108,1698217800000.0,0.06682087638979771,-0.001350156,1727.8357357476646,1728.2579010060033,-35.4,0.1907,212.4,0.18881240462175714,long_nclose,40.10375474166122,0.023210397789525765,13.0
1698218820000.0,428125,1698218820000.0,0.0,-0.009258752,1727.8264769956645,1727.7780822540033,245.2,0.1888,457.6,0.18880575773964425,long_ientry_partial,86.39751474166121,0.05000358305186337,17.0
1698225960000.0,428244,1698225960000.0,0.11716401960122971,-0.0024892359999999997,1727.9411517792657,1728.6842630180033,-65.3,0.1906,392.3,0.18880575773964425,long_nclose,74.06849876126245,0.0428651743637183,119.0
1698230580000.0,428321,1698230580000.0,0.10047756657992135,-0.00213472,1728.0394946258457,1728.7101582980033,-56.0,0.1906,336.3,0.18880575773964425,long_nclose,63.495376327842365,0.03674416963577002,77.0
1698231180000.0,428331,1698231180000.0,0.08612362849707544,-0.00182976,1728.1237884943428,1728.6698985380033,-48.0,0.1906,288.3,0.18880575773964425,long_nclose,54.43269995633944,0.03149814863885698,10.0
1698231900000.0,428343,1698231900000.0,0.07374335690062085,-0.0015667320000000002,1728.1959651192435,1728.7136618060035,-41.1,0.1906,247.2,0.18880575773964425,long_nclose,46.67278331324006,0.027006649856412372,12.0
1698232500000.0,428353,1698232500000.0,0.06333675179055756,-0.0013456359999999999,1728.257956235034,1728.6381561700034,-35.3,0.1906,211.9,0.18880575773964425,long_nclose,40.00794006503062,0.023149287362279468,10.0
1698232620000.0,428355,1698232620000.0,0.0541861162627433,-0.001151224,1728.3109911272968,1728.7096849460033,-30.2,0.1906,181.7,0.18880575773964425,long_nclose,34.306006181293355,0.019849440498504928,2.0
1698232800000.0,428358,1698232800000.0,0.04647087454321362,-0.0009873080000000001,1728.35647469384,1728.6360176380035,-25.9,0.1906,155.8,0.18880575773964425,long_nclose,29.415937055836576,0.017019600693802067,3.0
1698232920000.0,428360,1698232920000.0,0.03983217817989739,-0.0008462639999999999,1728.39546060802,1728.6485313740034,-22.2,0.1906,133.6,0.18880575773964425,long_nclose,25.224449234016472,0.014594142260211065,2.0
1698235320000.0,428400,1698235320000.0,0.03409060294675903,-0.00072428,1728.4288269309666,1728.6344470940032,-19.0,0.1906,114.6,0.18880575773964425,long_nclose,21.63713983696323,0.012518386351714912,40.0
1698235440000.0,428402,1698235440000.0,0.029246148843798538,-0.0006213560000000001,1728.4574517238104,1728.6534857380034,-16.3,0.1906,98.3,0.18880575773964425,long_nclose,18.55960598580703,0.010737670150513292,2.0
1698235680000.0,428406,1698235680000.0,0.025119391644980338,-0.00053368,1728.4820374354554,1728.6417220580033,-14.0,0.1906,84.3,0.18880575773964425,long_nclose,15.91632537745201,0.009208267735930321,4.0
1698235980000.0,428411,1698235980000.0,0.02153090712426886,-0.00045744,1728.5031109025797,1728.6400646180034,-12.0,0.1906,72.3,0.18880575773964425,long_nclose,13.650656284576279,0.007897386009012306,5.0
1698236340000.0,428417,1698236340000.0,0.018480695281664107,-0.000392636,1728.5211989618613,1728.6386419820033,-10.3,0.1906,62.0,0.18880575773964425,long_nclose,11.705956979857945,0.006772238018769146,6.0
1698236580000.0,428421,1698236580000.0,0.0157893318911305,-0.00033545600000000004,1728.5366528377524,1728.6374265260033,-8.8,0.1906,53.2,0.18880575773964425,long_nclose,10.044466311749074,0.005810965185643587,4.0
1698238440000.0,428452,1698238440000.0,0.013636241178703611,-0.00028971199999999997,1728.5499993669312,1728.6454968140033,-7.6,0.1906,45.6,0.18880575773964425,long_nclose,8.609542552927778,0.004980788843875479,31.0
1698241320000.0,428500,1698241320000.0,0.0116625746923123,-0.00024778,1728.5614141616234,1728.6432990340033,-6.5,0.1906,39.1,0.18880575773964425,long_nclose,7.38230512762009,0.004270779775100216,48.0
1698241560000.0,428504,1698241560000.0,0.009868332431956561,-0.00020966000000000002,1728.5710728340553,1728.6380793740032,-5.5,0.1906,33.6,0.18880575773964425,long_nclose,6.343873460052047,0.0036700101949820527,4.0
1698244800000.0,428558,1698244800000.0,0.020687756657992204,-0.00021559999999999998,1728.5915449907131,1728.697783774003,-5.6,0.1925,28.0,0.18880575773964425,long_nclose,5.286561216710039,0.003058305608418582,54.0
1698246120000.0,428580,1698246120000.0,0.016993514397636453,-0.0001771,1728.6083614051108,1728.692466674003,-4.6,0.1925,23.4,0.18880575773964425,long_nclose,4.418054731107675,0.002555844822777804,22.0
1698246240000.0,428582,1698246240000.0,0.014407544815387429,-0.00015015000000000002,1728.6226187999262,1728.700506524003,-3.9,0.1925,19.5,0.18880575773964425,long_nclose,3.681712275923063,0.0021298531188253477,2.0
1698247860000.0,428609,1698247860000.0,0.021427544815387414,-0.000151554,1728.6438947907416,1728.7311649700032,-3.9,0.1943,15.6,0.18880575773964425,long_nclose,2.9453698207384504,0.001703861523830504,27.0
1698249660000.0,428639,1698249660000.0,0.017032151007102817,-0.00012046600000000001,1728.6608064757486,1728.735734504003,-3.1,0.1943,12.5,0.18880575773964425,long_nclose,2.360071971745553,0.0013652603002882176,30.0
1698250320000.0,428650,1698250320000.0,0.013735605650889368,-9.715e-05,1728.6744449313994,1728.730387354003,-2.5,0.1943,10.0,0.18880575773964425,long_nclose,1.8880575773964425,0.0010921996232039909,11.0
1698250980000.0,428661,1698250980000.0,0.005910787616569203,-6.16e-05,1728.680294119016,1728.715525754003,-1.6,0.1925,8.4,0.18880575773964425,long_nclose,1.5859683650130119,0.0009174445792021166,11.0
1698252000000.0,428678,1698252000000.0,0.0,-0.016964672000000004,1728.663329447016,1728.6339210820029,444.8,0.1907,453.2,0.19066489047884602,long_ientry_partial,86.40932836501301,0.04998621009254277,17.0
1698282120000.0,429180,1698282120000.0,0.11873158601866267,-0.0024909500000000005,1728.7795700830345,1729.4536601320028,-64.7,0.1925,388.5,0.19066489047884602,long_nclose,74.07330995103167,0.04284716873850718,502.0
1698283860000.0,429209,1698283860000.0,0.10184857842404603,-0.00213675,1728.8792819114585,1729.5236733820027,-55.5,0.1925,333.0,0.19066489047884602,long_nclose,63.491408529455725,0.036724026479893535,29.0
1698284100000.0,429213,1698284100000.0,0.08716770225481417,-0.0018287500000000003,1728.9646208637134,1729.574194632003,-47.5,0.1925,285.5,0.19066489047884602,long_nclose,54.43482623171054,0.03148406021432488,4.0
1698289680000.0,429306,1698289680000.0,0.07468895751096709,-0.0015669500000000001,1729.0377428712243,1729.5359376820027,-40.7,0.1925,244.8,0.19066489047884602,long_nclose,46.67476518922151,0.02699464796628084,93.0
1698290580000.0,429321,1698290580000.0,0.15239246846308185,-0.001586304,1729.1885490356874,1729.9709113780027,-40.8,0.1944,204.0,0.19066489047884602,long_nclose,38.89563765768459,0.02249357808862164,15.0
1698291240000.0,429332,1698291240000.0,0.1269937237192349,-0.0013219199999999999,1729.3142208394065,1729.9831894580027,-34.0,0.1944,170.0,0.19066489047884602,long_nclose,32.413031381403826,0.018743286206060684,11.0
1698300300000.0,429483,1698300300000.0,0.04440965041192638,-0.0009317,1729.3576987898186,1729.6544177580029,-24.2,0.1925,145.8,0.19066489047884602,long_nclose,27.79894103181575,0.016074720141049523,151.0
1698300360000.0,429484,1698300360000.0,0.0,-0.011689604000000003,1729.3460091858187,1729.434858154003,304.1,0.1922,449.9,0.1917025139626934,long_ientry_partial,86.24696103181576,0.04987258800361247,1.0
1698302580000.0,429521,1698302580000.0,0.12181860359508412,-0.002485824,1729.465341965414,1730.235772330003,-64.2,0.1936,385.7,0.1917025139626934,long_nclose,73.93965963541083,0.042752900472341177,37.0
1698303900000.0,429543,1698303900000.0,0.104551480655594,-0.002133472,1729.5677599740695,1730.2611888580032,-55.1,0.1936,330.6,0.1917025139626934,long_nclose,63.37685111606644,0.036643173272966546,22.0
1698304560000.0,429554,1698304560000.0,0.20373148065559377,-0.002153308,1729.769338146725,1730.815545550003,-55.1,0.1954,275.5,0.1917025139626934,long_nclose,52.814042596722025,0.030532419226084212,11.0
1698305940000.0,429577,1698305940000.0,0.3084214806555945,-0.0021742460000000003,1730.0755853813805,1731.375391304003,-55.1,0.1973,220.4,0.1917025139626934,long_nclose,42.251234077377624,0.0244216116534953,23.0
1698306900000.0,429593,1698306900000.0,0.24628938564149105,-0.0017362400000000002,1730.3201385270222,1731.3604550640032,-44.0,0.1973,176.4,0.1917025139626934,long_nclose,33.81632346301912,0.019543391254641523,16.0
1698307140000.0,429597,1698307140000.0,0.19703150851319287,-0.0013889920000000004,1730.5157810435353,1731.334386072003,-35.2,0.1973,141.2,0.1917025139626934,long_nclose,27.068394971532303,0.01564180764373586,4.0
1698307320000.0,429600,1698307320000.0,0.15784910625204654,-0.0011127720000000002,1730.6725173777875,1731.3841333000032,-28.2,0.1973,113.0,0.1917025139626934,long_nclose,21.662384077784353,0.012516743555046402,3.0
1698309120000.0,429630,1698309120000.0,0.06951273750136412,-0.000734704,1730.7412954112888,1731.108438596003,-18.8,0.1954,94.2,0.1917025139626934,long_nclose,18.05837681528572,0.010433897234187374,30.0
1698312060000.0,429679,1698312060000.0,0.05805053078571365,-0.0006135559999999999,1730.7987323860746,1731.0811350400031,-15.7,0.1954,78.5,0.1917025139626934,long_nclose,15.048647346071432,0.008694625818985554,49.0
1698313560000.0,429704,1698313560000.0,0.04806731848498583,-0.0005080400000000001,1730.8462916645594,1731.095027000003,-13.0,0.1954,65.5,0.1917025139626934,long_nclose,12.556514664556417,0.0072545521373135816,25.0
1698313980000.0,429711,1698313980000.0,0.040302597806641964,-0.000425972,1730.8861682903662,1731.0825910280032,-10.9,0.1954,54.6,0.1917025139626934,long_nclose,10.46695726236306,0.006047166736967747,7.0
1698314100000.0,429713,1698314100000.0,0.03364712293949008,-0.000355628,1730.9194597853057,1731.092245400003,-9.1,0.1954,45.5,0.1917025139626934,long_nclose,8.72246438530255,0.00503920869107592,2.0
1698314700000.0,429723,1698314700000.0,0.0,-0.015546362000000003,1730.9039134233058,1730.9501190380033,401.3,0.1937,446.8,0.1934965854639717,long_ientry_partial,86.45427438530255,0.04994747178907065,10.0
1698330720000.0,429990,1698330720000.0,0.0,-0.01730728,1730.8866061433057,1728.6121517580032,460.3,0.188,907.1,0.19070739101014506,long_rentry,172.99067438530258,0.09994338957348205,267.0
1698331080000.0,429996,1698331080000.0,0.0,-0.0173086,1730.8692975433057,1726.1045931580031,467.8,0.185,1374.9,0.18876549158869926,long_rentry,259.5336743853026,0.14994412042184208,6.0
1698360900000.0,430493,1698360900000.0,0.360297451979463,-0.0074867679999999995,1731.2221082272852,1733.6197763900032,-196.4,0.1906,1178.5,0.18876549158869926,long_nclose,222.4601318372821,0.12849889727036468,497.0
1698361740000.0,430507,1698361740000.0,0.3087477656219126,-0.006415596000000001,1731.5244403969073,1733.4786807940034,-168.3,0.1906,1010.2,0.18876549158869926,long_nclose,190.690899602904,0.1101289101984567,14.0
1698362580000.0,430521,1698362580000.0,0.2647195637506951,-0.005500716,1731.783659244658,1733.4587500780035,-144.3,0.1906,865.9,0.18876549158869926,long_nclose,163.45203916665469,0.0943836363705768,14.0
1698410820000.0,431325,1698410820000.0,0.22692869047790007,-0.004715444,1732.005872491136,1733.3674446340033,-123.7,0.1906,742.2,0.18876549158869926,long_nclose,140.1017478571326,0.08088988038800637,804.0
1698410880000.0,431326,1698410880000.0,0.19445789159787719,-0.004040719999999999,1732.196289662734,1733.8723639140035,-106.0,0.1906,636.2,0.18876549158869926,long_nclose,120.09260574873048,0.06932967497125457,1.0
1698413160000.0,431364,1698413160000.0,0.38525789159787677,-0.00407888,1732.5774686743318,1734.6105250340036,-106.0,0.1924,530.2,0.18876549158869926,long_nclose,100.08346364032836,0.057765649992497274,38.0
1698413880000.0,431376,1698413880000.0,0.5760578915978793,-0.004117040000000001,1733.1494095259297,1735.4123079940034,-106.0,0.1942,424.2,0.18876549158869926,long_nclose,80.07432153192623,0.04620162641017144,12.0
1698413940000.0,431377,1698413940000.0,0.46084631327830344,-0.0032936320000000003,1733.6069622072082,1735.2138543620038,-84.8,0.1942,339.4,0.18876549158869926,long_nclose,64.06700784520453,0.036955901332811424,1.0
1698417120000.0,431430,1698417120000.0,0.08879020710695525,-0.001845008,1733.6939074063152,1734.3150493540038,-48.4,0.1906,291.0,0.18876549158869926,long_nclose,54.93075805231148,0.031684230888536946,53.0
1698420840000.0,431492,1698420840000.0,0.17627365794808514,-0.00186628,1733.8683147842632,1734.7739330740037,-48.5,0.1924,242.5,0.18876549158869926,long_nclose,45.775631710259574,0.02640086984688639,62.0
1698421080000.0,431496,1698421080000.0,0.14683413981654925,-0.001554592,1734.0135943320797,1734.7683384820036,-40.4,0.1924,202.1,0.18876549158869926,long_nclose,38.14950585007612,0.02200069594308505,4.0
1698421260000.0,431499,1698421260000.0,0.12211948261970434,-0.001292928,1734.1344208866992,1734.7636855540034,-33.6,0.1924,168.5,0.18876549158869926,long_nclose,31.806985332695827,0.0183417069343634,3.0
1698423060000.0,431529,1698423060000.0,0.10176623551642028,-0.00107744,1734.2351096822156,1734.8160081140034,-28.0,0.1924,140.5,0.18876549158869926,long_nclose,26.521551568212246,0.015292938898620328,30.0
1698423540000.0,431537,1698423540000.0,0.08504749682443694,-0.0009004319999999998,1734.31925674704,1734.7565676820034,-23.4,0.1924,117.1,0.18876549158869926,long_nclose,22.104439065036683,0.012745311440810887,8.0
1698425220000.0,431565,1698425220000.0,0.0,-0.012893400000000001,1734.3063633470401,1734.4965642820034,339.3,0.19,456.4,0.18968325824942306,long_ientry_partial,86.57143906503669,0.04991703939663945,28.0
1698461400000.0,432168,1698461400000.0,0.11845156213761679,-0.0024971600000000004,1734.4223177491776,1735.1721471220033,-65.2,0.1915,391.2,0.18968325824942306,long_nclose,74.2040906271743,0.04278317331817525,603.0
1698468720000.0,432290,1698468720000.0,0.2423315621376158,-0.002521936,1734.6621273753153,1735.9063851860035,-65.2,0.1934,326.0,0.18968325824942306,long_nclose,61.83674218931192,0.0356477156060794,122.0
1698470940000.0,432327,1698470940000.0,0.20181907705632726,-0.0021003239999999998,1734.8618461283718,1735.8988548620036,-54.3,0.1934,271.7,0.18968325824942306,long_nclose,51.536941266368245,0.029706654383679813,37.0
1698477960000.0,432444,1698477960000.0,0.16799672712607722,-0.0017483360000000003,1735.028094519498,1735.8925865260037,-45.2,0.1934,226.5,0.18968325824942306,long_nclose,42.963257993494324,0.024762283751602682,117.0
1698478260000.0,432449,1698478260000.0,0.14012116399675026,-0.0014582360000000001,1735.1667574474948,1735.8873582900037,-37.7,0.1934,188.8,0.18968325824942306,long_nclose,35.81219915749107,0.020639053280488363,5.0
1698479340000.0,432467,1698479340000.0,0.11670569096811559,-0.001214552,1735.2822485864629,1735.8830037380037,-31.4,0.1934,157.4,0.18968325824942306,long_nclose,29.85614484845919,0.017205353695503772,18.0
1698479700000.0,432473,1698479700000.0,0.09737863386511555,-0.001013416,1735.378613804328,1735.8793703220038,-26.2,0.1934,131.2,0.18968325824942306,long_nclose,24.886443482324303,0.014340642027256401,6.0
1698479880000.0,432476,1698479880000.0,0.08102497016257706,-0.0008432240000000001,1735.4587955504908,1735.8763470980039,-21.8,0.1934,109.4,0.18968325824942306,long_nclose,20.751348452486884,0.011957269458480297,3.0
1698480060000.0,432479,1698480060000.0,0.06764469986050012,-0.0007039759999999999,1735.5257362743512,1735.8738231220038,-18.2,0.1934,91.2,0.18968325824942306,long_nclose,17.299113152347385,0.009967650027180436,3.0
1698481500000.0,432503,1698481500000.0,0.05649447460876933,-0.000587936,1735.58164281296,1735.8565151860037,-15.2,0.1934,76.0,0.18968325824942306,long_nclose,14.415927626956153,0.008306107457780786,24.0
1698482040000.0,432512,1698482040000.0,0.04683094605726931,-0.00048736799999999996,1735.6279863910172,1735.8699678180037,-12.6,0.1934,63.4,0.18968325824942306,long_nclose,12.025918573013422,0.006928857259336748,9.0
1698483480000.0,432536,1698483480000.0,0.03902578838105776,-0.00040614,1735.6666060393982,1735.8685116780036,-10.5,0.1934,52.9,0.18968325824942306,long_nclose,10.03424436139448,0.0057812049425157355,24.0
1698486300000.0,432583,1698486300000.0,0.03270732740507698,-0.00034038400000000005,1735.698972982803,1735.8672912940035,-8.8,0.1934,44.1,0.18968325824942306,long_nclose,8.365031688799558,0.004819402338197061,47.0
1698486600000.0,432588,1698486600000.0,0.027132214779211586,-0.000282364,1735.7258228335822,1735.8662789300035,-7.3,0.1934,36.8,0.18968325824942306,long_nclose,6.980343903578768,0.0040215705797263055,5.0
1698486900000.0,432593,1698486900000.0,0.02267212467851927,-0.00023594799999999996,1735.7482590102609,1735.8654329820035,-6.1,0.1934,30.7,0.18968325824942306,long_nclose,5.823276028257288,0.003354908177512891,5.0
1698487920000.0,432610,1698487920000.0,0.01895538292794234,-0.00019726799999999998,1735.7670171251889,1735.8647257140037,-5.1,0.1934,25.6,0.18968325824942306,long_nclose,4.8558914111852305,0.002797547921625825,17.0
1698488100000.0,432613,1698488100000.0,0.015610315352423104,-0.000162456,1735.7824649845413,1735.8620032580036,-4.2,0.1934,21.4,0.18968325824942306,long_nclose,4.059221726537653,0.002338554403229211,3.0
1698490380000.0,432651,1698490380000.0,0.013008596127019253,-0.00013538,1735.7953382006683,1735.8636578780036,-3.5,0.1934,17.9,0.18968325824942306,long_nclose,3.3953303226646723,0.0019560660453117034,38.0
1698492000000.0,432678,1698492000000.0,0.019308596127019337,-0.00013664000000000002,1735.8145101567954,1735.8953912380039,-3.5,0.1952,14.4,0.18968325824942306,long_nclose,2.7314389187916923,0.001573577650612543,27.0
1698492120000.0,432680,1698492120000.0,0.015446876901615468,-0.00010931200000000001,1735.8298477216972,1735.8915219260039,-2.8,0.1952,11.6,0.18968325824942306,long_nclose,2.2003257956933076,0.0012675930181643485,2.0
1698492240000.0,432682,1698492240000.0,0.012688506026326991,-8.9792e-05,1735.8424464357236,1735.8956121340038,-2.3,0.1952,9.3,0.18968325824942306,long_nclose,1.7640543017196346,0.0010162525437385401,2.0
1698497340000.0,432767,1698497340000.0,0.0,-0.016999320000000002,1735.8254471157236,1735.940042814004,442.0,0.1923,451.3,0.19224607644963357,long_ientry_partial,86.76065430171963,0.0499823610985094,85.0
1698568620000.0,433955,1698568620000.0,0.11939267664359787,-0.002500008,1735.9423397843673,1736.698312806004,-64.4,0.1941,386.9,0.19224607644963357,long_nclose,74.38000697836323,0.04284704927906906,1188.0
1698569220000.0,433965,1698569220000.0,0.10233657998022674,-0.0021428640000000004,1736.0425335003474,1736.690649942004,-55.2,0.1941,331.7,0.19224607644963357,long_nclose,63.76802355834345,0.03673183250284155,10.0
1698569640000.0,433972,1698569640000.0,0.08769058393233196,-0.001836186,1736.1283878982797,1736.684083756004,-47.3,0.1941,284.4,0.19224607644963357,long_nclose,54.67478414227578,0.03149236227193077,7.0
1698569880000.0,433976,1698569880000.0,0.07526929614487692,-0.001576092,1736.2020811024245,1736.678447664004,-40.6,0.1941,243.8,0.19224607644963357,long_nclose,46.869593438420665,0.02699547129252385,4.0
1698570000000.0,433978,1698570000000.0,0.06451653955275163,-0.001350936,1736.265246705977,1736.6945167280037,-34.8,0.1941,209.0,0.19224607644963357,long_nclose,40.17942997797341,0.023141297134295222,2.0
1698572280000.0,434016,1698572280000.0,0.05524692180091951,-0.001156836,1736.319336791778,1736.6694798920037,-29.8,0.1941,179.2,0.19224607644963357,long_nclose,34.450496899774336,0.019841106511794663,38.0
1698572700000.0,434023,1698572700000.0,0.04746044288938052,-0.000993792,1736.3658034426674,1736.6352061000036,-25.6,0.1941,153.6,0.19224607644963357,long_nclose,29.528997342663715,0.017006207611389833,7.0
1698578400000.0,434118,1698578400000.0,0.040600925753024736,-0.000850158,1736.4055542104204,1736.6365459420037,-21.9,0.1941,131.7,0.19224607644963357,long_nclose,25.31880826841674,0.014581160609066196,95.0
1698578760000.0,434124,1698578760000.0,0.03485376274688882,-0.0007298160000000001,1736.4396781571672,1736.6602761260035,-18.8,0.1941,112.9,0.19224607644963357,long_nclose,21.704582031163632,0.012499473666829632,6.0
1698579840000.0,434142,1698579840000.0,0.029848169160899468,-0.000625002,1736.468901324328,1736.6870811240035,-16.1,0.1941,96.8,0.19224607644963357,long_nclose,18.60942020032453,0.010716817436886976,18.0
1698580140000.0,434147,1698580140000.0,0.025584144995056686,-0.0005357160000000001,1736.493949753323,1736.6561254080034,-13.8,0.1941,83.0,0.19224607644963357,long_nclose,15.956424345319586,0.009188874137791422,5.0
1698580800000.0,434158,1698580800000.0,0.021876297894323833,-0.00045807599999999997,1736.5153679752173,1736.6616073320033,-11.8,0.1941,71.2,0.19224607644963357,long_nclose,13.68792064321391,0.007882406856654584,11.0
1698582780000.0,434191,1698582780000.0,0.018724627858700906,-0.00039208200000000003,1736.533700521076,1736.6469752500034,-10.1,0.1941,61.1,0.19224607644963357,long_nclose,11.746235271072612,0.006764185035711059,33.0
1698582840000.0,434192,1698582840000.0,0.01612913488818791,-0.000337734,1736.5494919219643,1736.6518775160034,-8.7,0.1941,52.4,0.19224607644963357,long_nclose,10.073694405960799,0.005800983186958591,1.0
1698583080000.0,434196,1698583080000.0,0.013719034272711556,-0.00028726800000000003,1736.562923688237,1736.6508502480035,-7.4,0.1941,45.0,0.19224607644963357,long_nclose,8.65107344023351,0.004981721838135148,4.0
1698589740000.0,434307,1698589740000.0,0.028154426627748294,-0.000294,1736.5907841148648,1736.7353062480036,-7.5,0.196,37.5,0.19224607644963357,long_nclose,7.209227866861259,0.004151368262924291,111.0
1698591120000.0,434330,1698591120000.0,0.041654426627748264,-0.0002967,1736.6321418414925,1736.7987595480035,-7.5,0.1978,30.0,0.19224607644963357,long_nclose,5.767382293489007,0.0033210155187922423,23.0
1698591660000.0,434339,1698591660000.0,0.03332354130219861,-0.00023736000000000002,1736.6652280227947,1736.7985221880035,-6.0,0.1978,24.0,0.19224607644963357,long_nclose,4.613905834791206,0.002656761798613409,9.0
1698592320000.0,434350,1698592320000.0,0.026658833041758888,-0.000189888,1736.6916969678364,1736.8021723000033,-4.8,0.1978,19.2,0.19224607644963357,long_nclose,3.6911246678329643,0.0021253770454925623,11.0
1698593100000.0,434363,1698593100000.0,0.021104909491392453,-0.000150328,1736.7126515493278,1736.7981819720035,-3.8,0.1978,15.4,0.19224607644963357,long_nclose,2.960589577324357,0.0017047089365550506,13.0
1698593160000.0,434364,1698593160000.0,0.016661770651099306,-0.00011868000000000001,1736.729194639979,1736.7993032920035,-3.0,0.1978,12.4,0.19224607644963357,long_nclose,2.3838513479754564,0.0013726097052624401,1.0
1698595740000.0,434407,1698595740000.0,0.013329416520879444,-9.4944e-05,1736.7424291124998,1736.7979683480035,-2.4,0.1978,10.0,0.19224607644963357,long_nclose,1.9224607644963356,0.001106934875471857,43.0
1698595860000.0,434409,1698595860000.0,0.01110784710073287,-7.912e-05,1736.7534578396005,1736.7994892280035,-2.0,0.1978,8.0,0.19224607644963357,long_nclose,1.5379686115970685,0.0008855422769736089,2.0
1698600600000.0,434488,1698600600000.0,0.008886277680586297,-6.329600000000001e-05,1736.7622808212811,1736.7984659320034,-1.6,0.1978,6.4,0.19224607644963357,long_nclose,1.230374889277655,0.0007084302226415435,79.0
1698601080000.0,434496,1698601080000.0,0.011926277680586274,-6.3904e-05,1736.7741431949619,1736.8080020280036,-1.6,0.1997,4.8,0.19224607644963357,long_nclose,0.9227811669582411,0.0005313190379842349,8.0
1698607860000.0,434609,1698607860000.0,0.004998531195329792,-3.560400000000001e-05,1736.7791061221571,1736.8011564240035,-0.9,0.1978,3.9,0.19224607644963357,long_nclose,0.7497596981535709,0.00043169548476870966,113.0
1698614040000.0,434712,1698614040000.0,0.006708531195329779,-3.5946000000000004e-05,1736.7857787073524,1736.8087404780035,-0.9,0.1997,3.0,0.19224607644963357,long_nclose,0.5767382293489007,0.0003320721740237607,103.0
1698614640000.0,434722,1698614640000.0,0.0052177464852564935,-2.7957999999999996e-05,1736.7909684958377,1736.8085725200035,-0.7,0.1997,2.3,0.19224607644963357,long_nclose,0.4421659758341572,0.00025458790600293063,10.0
1698615300000.0,434733,1698615300000.0,0.00372696177518321,-1.997e-05,1736.7946754876127,1736.8086325500035,-0.5,0.1997,1.8,0.19224607644963357,long_nclose,0.3460429376093404,0.00019924228378474695,11.0
1698615840000.0,434742,1698615840000.0,0.0029815694201465685,-1.5976e-05,1736.797641081033,1736.8082165740034,-0.4,0.1997,1.4,0.19224607644963357,long_nclose,0.269144507029487,0.00015496595611562652,9.0
1698616980000.0,434761,1698616980000.0,0.002236177065109926,-1.1981999999999998e-05,1736.799865276098,1736.8081745920033,-0.3,0.1997,1.1,0.19224607644963357,long_nclose,0.21147068409459693,0.00012175880959144339,19.0
1698617640000.0,434772,1698617640000.0,0.0014907847100732842,-7.988e-06,1736.801348072808,1736.8081466040032,-0.2,0.1997,0.9,0.19224607644963357,long_nclose,0.1730214688046702,9.962075915973841e-05,11.0
1698618480000.0,434786,1698618480000.0,0.002776177065109933,-1.2090000000000001e-05,1736.804112159873,1736.8097245140032,-0.3,0.2015,0.6,0.19224607644963357,long_nclose,0.11534764586978014,6.641373374360273e-05,14.0
1698619020000.0,434795,1698619020000.0,0.0018507847100732889,-8.06e-06,1736.8059548845831,1736.8096564540033,-0.2,0.2015,0.4,0.19224607644963357,long_nclose,0.07689843057985343,4.42757755197607e-05,9.0
1698619080000.0,434796,1698619080000.0,0.0009253923550366444,-4.03e-06,1736.8068762469381,1736.8096524240032,-0.1,0.2015,0.3,0.19224607644963357,long_nclose,0.05767382293489007,3.320681402385813e-05,1.0
1698619140000.0,434797,1698619140000.0,0.0009253923550366444,-4.03e-06,1736.8077976092932,1736.8096883940032,-0.1,0.2015,0.2,0.19224607644963357,long_nclose,0.038449215289926716,2.2137864271942962e-05,1.0
1698619320000.0,434800,1698619320000.0,0.0009253923550366444,-4.03e-06,1736.8087189716482,1736.8096643640033,-0.1,0.2015,0.1,0.19224607644963357,long_nclose,0.019224607644963358,1.106892626399648e-05,3.0
1698620340000.0,434817,1698620340000.0,0.0011153923550366429,-4.068000000000001e-06,1736.8098302960034,1736.8098302960034,-0.1,0.2034,0.0,0.19224607644963357,long_nclose,0.0,0.0,17.0
1698642960000.0,435194,1698642960000.0,0.0,-0.017369192000000002,1736.7924611040035,1736.7489511040035,435.1,0.1996,435.1,0.1996,long_ientry_normal,86.84596,0.050003648648264974,377.0
1698668280000.0,435616,1698668280000.0,0.1179900000000008,-0.0025026300000000005,1736.9079484740034,1737.5793484740034,-62.1,0.2015,373.0,0.1996,long_nclose,74.4508,0.04286398715914122,422.0
1698668640000.0,435622,1698668640000.0,0.10108000000000068,-0.0021439600000000003,1737.0068845140033,1737.6464845140033,-53.2,0.2015,319.8,0.1996,long_nclose,63.832080000000005,0.03674831721686559,6.0
1698668880000.0,435626,1698668880000.0,0.08664000000000059,-0.0018376800000000004,1737.0916868340032,1737.6400868340031,-45.6,0.2015,274.2,0.1996,long_nclose,54.73032,0.03150686887446376,4.0
1698669180000.0,435631,1698669180000.0,0.07429000000000051,-0.0015757300000000002,1737.1644011040032,1737.6346011040032,-39.1,0.2015,235.1,0.1996,long_nclose,46.925959999999996,0.027012964328636712,5.0
1698669360000.0,435634,1698669360000.0,0.06365000000000043,-0.0013500500000000002,1737.2267010540033,1737.5895810540032,-33.5,0.2015,201.6,0.1996,long_nclose,40.23936,0.02316298729209385,3.0
1698676260000.0,435749,1698676260000.0,0.0,-0.009349020000000001,1737.2173520340034,1737.0090920340035,234.9,0.199,436.5,0.19927711340206183,long_ientry_partial,86.98445999999998,0.05007114388890665,115.0
1698686160000.0,435914,1698686160000.0,0.0,-0.017373664,1737.1999783700035,1735.5185983700035,448.7,0.1936,885.2,0.19639943515589692,long_rentry,173.85277999999997,0.10007643458706707,165.0
1698694020000.0,436045,1698694020000.0,0.24023139629463014,-0.0050130240000000005,1737.435196742298,1738.9532253460036,-126.4,0.1983,758.8,0.19639943515589692,long_nclose,149.02789139629456,0.08577464740884885,131.0
1698694440000.0,436052,1698694440000.0,0.20602122910077458,-0.004299144,1737.6369188273989,1738.9380862020034,-108.4,0.1983,650.4,0.19639943515589692,long_nclose,127.73819262539536,0.07351259129070319,7.0
1698695220000.0,436065,1698695220000.0,0.17656247401717673,-0.0036844140000000004,1737.809796887416,1738.9251117880035,-92.9,0.1983,557.5,0.19639943515589692,long_nclose,109.49268509941253,0.06300613870144156,13.0
1698695580000.0,436071,1698695580000.0,0.15128496159060567,-0.003156936,1737.9579249130065,1738.9139948520035,-79.6,0.1983,477.9,0.19639943515589692,long_nclose,93.85929006100314,0.054005501925888835,6.0
1698701820000.0,436175,1698701820000.0,0.1296185223678305,-0.002704812,1738.0848386233743,1738.8635000400034,-68.2,0.1983,409.7,0.19639943515589692,long_nclose,80.46484858337097,0.04629512138607804,104.0
1698702000000.0,436178,1698702000000.0,0.11118304338003056,-0.0023201100000000002,1738.1937015567541,1738.8962999300031,-58.5,0.1983,351.2,0.19639943515589692,long_nclose,68.97548162675099,0.039682275666386,3.0
1698702180000.0,436181,1698702180000.0,0.09521829868956463,-0.001986966,1738.2869328894437,1738.8591929640031,-50.1,0.1983,301.1,0.19639943515589692,long_nclose,59.135869925440566,0.034019625187622374,3.0
1698702240000.0,436182,1698702240000.0,0.08172428829643272,-0.00170538,1738.3669517977403,1738.9091075840033,-43.0,0.1983,258.1,0.19639943515589692,long_nclose,50.690694213737,0.029159950470362416,1.0
1698702840000.0,436192,1698702840000.0,0.06994078626299358,-0.001459488,1738.4354330960034,1738.8781580960035,-36.8,0.1983,221.3,0.19639943515589692,long_nclose,43.46319499999999,0.02500132830507015,10.0
1698707880000.0,436276,1698707880000.0,0.060057849073657535,-0.0012532560000000001,1738.4942376890772,1738.8737448400036,-31.6,0.1983,189.7,0.19639943515589692,long_nclose,37.25697284907364,0.021430598986970528,84.0
1698710880000.0,436326,1698710880000.0,0.051505307275193646,-0.001074786,1738.5446682103525,1738.8699600540037,-27.1,0.1983,162.6,0.19639943515589692,long_nclose,31.93454815634884,0.018368552008055147,50.0
1698711720000.0,436340,1698711720000.0,0.044093104383191604,-0.000920112,1738.5878412027357,1738.8806599420036,-23.2,0.1983,139.4,0.19639943515589692,long_nclose,27.37808126073203,0.01574730974869362,14.0
1698712920000.0,436360,1698712920000.0,0.08817310438319126,-0.000928928,1738.675085379119,1739.1631910140038,-23.2,0.2002,116.2,0.19639943515589692,long_nclose,22.821614365115224,0.013125864951437409,20.0
1698713400000.0,436368,1698713400000.0,0.07335090149118928,-0.000772772,1738.7476635086105,1739.125628242004,-19.3,0.2002,96.9,0.19639943515589692,long_nclose,19.031105266606414,0.010945294516286301,8.0
1698713520000.0,436370,1698713520000.0,0.06118909399005946,-0.000644644,1738.8082079586006,1739.1152935980042,-16.1,0.2002,80.8,0.19639943515589692,long_nclose,15.869074360596471,0.009126408702215132,2.0
1698713580000.0,436371,1698713580000.0,0.05092756891098116,-0.000536536,1738.8585989915116,1739.0877970620043,-13.4,0.2002,67.4,0.19639943515589692,long_nclose,13.237321929507454,0.007612650009140894,1.0
1698714060000.0,436379,1698714060000.0,0.0425663262539544,-0.000448448,1738.9007168697656,1739.131168614004,-11.2,0.2002,56.2,0.19639943515589692,long_nclose,11.037648255761408,0.00634748617254614,8.0
1698716520000.0,436420,1698716520000.0,0.035345253050158565,-0.00037237200000000005,1738.9356897508158,1739.1092462420042,-9.3,0.2002,46.9,0.19639943515589692,long_nclose,9.211133508811566,0.005296994916546623,41.0
1698716640000.0,436422,1698716640000.0,0.029644405784003958,-0.000312312,1738.9650218445997,1739.1214439300043,-7.8,0.2002,39.1,0.19639943515589692,long_nclose,7.6792179145955695,0.004415970314601194,2.0
1698720540000.0,436487,1698720540000.0,0.0,-0.015843780000000002,1738.9491780645997,1738.872060150004,400.5,0.1978,439.6,0.19767542746723288,long_ientry_partial,86.89811791459557,0.04997162597432012,65.0
1698741960000.0,436844,1698741960000.0,0.12086315505777523,-0.002506976,1739.0675342436575,1739.905753174004,-62.8,0.1996,376.8,0.19767542746723288,long_nclose,74.48410106965335,0.042829907178991426,357.0
1698743460000.0,436869,1698743460000.0,0.10354200226287114,-0.0021476959999999997,1739.1689285499203,1739.887465478004,-53.8,0.1996,323.0,0.19767542746723288,long_nclose,63.84916307191622,0.03671245617592318,25.0
1698744480000.0,436886,1698744480000.0,0.0887227937605643,-0.0018403120000000002,1739.2558110316809,1739.7610351660041,-46.1,0.1996,276.9,0.19767542746723288,long_nclose,54.73632586567678,0.031471118577553366,17.0
1698744660000.0,436889,1698744660000.0,0.0760206150443013,-0.0015768400000000001,1739.3302548067252,1739.7871483260042,-39.5,0.1996,237.4,0.19767542746723288,long_nclose,46.92814648072109,0.026980584251342053,3.0
1698744780000.0,436891,1698744780000.0,0.06524300886080542,-0.001353288,1739.394144527586,1739.785795038004,-33.9,0.1996,203.5,0.19767542746723288,long_nclose,40.22694948958189,0.023126989139374967,2.0
1698745020000.0,436895,1698745020000.0,0.05581260345024652,-0.0011576800000000001,1739.4487994510362,1739.802087358004,-29.0,0.1996,174.5,0.19767542746723288,long_nclose,34.49436209303214,0.019830628014988676,4.0
1698745620000.0,436905,1698745620000.0,0.047921856065901325,-0.000994008,1739.495727299102,1739.798603350004,-24.9,0.1996,149.6,0.19767542746723288,long_nclose,29.572243949098038,0.017000469437780438,10.0
1698749220000.0,436965,1698749220000.0,0.09523185606590163,-0.0010034700000000002,1739.5899556851682,1740.1167598800043,-24.9,0.2015,124.7,0.19767542746723288,long_nclose,24.650125805163942,0.014170078255858322,60.0
1698749460000.0,436969,1698749460000.0,0.14254185606590125,-0.001012932,1739.731484609234,1740.2728569480041,-24.9,0.2034,99.8,0.19767542746723288,long_nclose,19.728007661229842,0.011339685368550427,4.0
1698749520000.0,436970,1698749520000.0,0.11391899340206567,-0.000809532,1739.844594070636,1740.2540474160041,-19.9,0.2034,79.9,0.19767542746723288,long_nclose,15.794266654631908,0.009077975532101275,1.0
1698749700000.0,436973,1698749700000.0,0.0910207032709972,-0.000646812,1739.934967961907,1740.307740604004,-15.9,0.2034,64.0,0.19767542746723288,long_nclose,12.651227357902904,0.0072710920757699735,3.0
1698750840000.0,436992,1698750840000.0,0.07327452841941913,-0.0005207040000000001,1740.0077217863263,1740.316179900004,-12.8,0.2034,51.2,0.19767542746723288,long_nclose,10.120981886322324,0.00581663044341661,19.0
1698752040000.0,437012,1698752040000.0,0.09759452841941929,-0.0005255680000000001,1740.1047907467457,1740.389894332004,-12.8,0.2053,38.4,0.19767542746723288,long_nclose,7.590736414741742,0.004362229478998368,20.0
1698752100000.0,437013,1698752100000.0,0.07319589631456447,-0.000394176,1740.17759246706,1740.4087001560038,-9.6,0.2053,28.8,0.19767542746723288,long_nclose,5.693052311056307,0.0032715352362313968,1.0
1698752460000.0,437019,1698752460000.0,0.05489692223592335,-0.00029563200000000005,1740.232193757296,1740.3990445240038,-7.2,0.2053,21.6,0.19767542746723288,long_nclose,4.26978923329223,0.0024535744417378148,6.0
1698752700000.0,437023,1698752700000.0,0.04117269167694251,-0.00022172400000000005,1740.273144724973,1740.396662800004,-5.4,0.2053,16.2,0.19767542746723288,long_nclose,3.2023419249691725,0.0018401375293734478,4.0
1698752760000.0,437024,1698752760000.0,0.03049829013106853,-0.00016424,1740.3034787751042,1740.396498560004,-4.0,0.2053,12.2,0.19767542746723288,long_nclose,2.411640215100241,0.001385758429212387,1.0
1698752820000.0,437025,1698752820000.0,0.022873717598301396,-0.00012318,1740.3262293127025,1740.397295380004,-3.0,0.2053,9.2,0.19767542746723288,long_nclose,1.8186139326985424,0.001044984498921652,1.0
1698753180000.0,437031,1698753180000.0,0.02857371759830135,-0.00012432,1740.3546787103007,1740.4143510600038,-3.0,0.2072,6.2,0.19767542746723288,long_nclose,1.225587650296844,0.0007042171721025695,6.0
1698754020000.0,437045,1698754020000.0,0.019049145065534234,-8.288e-05,1740.3736449753662,1740.4140681800038,-2.0,0.2072,4.2,0.19767542746723288,long_nclose,0.8302367953623782,0.00047704514358704254,14.0
1698756900000.0,437093,1698756900000.0,0.004579658026213696,-3.2544000000000006e-05,1740.3781920893923,1740.3973156360037,-0.8,0.2034,3.4,0.19767542746723288,long_nclose,0.6720964533885918,0.0003861783929742958,48.0
1698757080000.0,437096,1698757080000.0,0.0034347435196602715,-2.4408e-05,1740.381602424912,1740.3976312280038,-0.6,0.2034,2.8,0.19767542746723288,long_nclose,0.553491196908252,0.00031802864161346026,3.0
1698757380000.0,437101,1698757380000.0,0.0028622862663835597,-2.0340000000000002e-05,1740.3844443711785,1740.3983008880039,-0.5,0.2034,2.3,0.19767542746723288,long_nclose,0.4546534831746356,0.00026123738616780573,5.0
1698758280000.0,437116,1698758280000.0,0.002289829013106848,-1.6272000000000003e-05,1740.3867179281915,1740.3977846160037,-0.4,0.2034,1.9,0.19767542746723288,long_nclose,0.37558331218774244,0.00021580451535210983,15.0
1698759420000.0,437135,1698759420000.0,0.0011473717598301403,-1.2090000000000001e-05,1740.3878532099513,1740.3941325260037,-0.3,0.2015,1.6,0.19767542746723288,long_nclose,0.31628068394757264,0.00018172999964589972,19.0
1698759600000.0,437138,1698759600000.0,0.0007649145065534269,-8.06e-06,1740.388610064458,1740.3939644660038,-0.2,0.2015,1.4,0.19767542746723288,long_nclose,0.276745598454126,0.00015901368053878283,3.0
1698759660000.0,437139,1698759660000.0,0.0007649145065534269,-8.06e-06,1740.3893669189645,1740.3940764060037,-0.2,0.2015,1.2,0.19767542746723288,long_nclose,0.23721051296067944,0.00013629738118925452,1.0
1698759900000.0,437143,1698759900000.0,0.0007649145065534269,-8.06e-06,1740.390123773471,1740.3937483460038,-0.2,0.2015,1.0,0.19767542746723288,long_nclose,0.19767542746723288,0.00011358110159728894,4.0
1698759960000.0,437144,1698759960000.0,0.00038245725327671346,-4.03e-06,1740.3905022007243,1740.3941243160039,-0.1,0.2015,0.9,0.19767542746723288,long_nclose,0.17790788472050958,0.00010222296921038411,1.0
1698760260000.0,437149,1698760260000.0,0.00038245725327671346,-4.03e-06,1740.3908806279776,1740.3937002860039,-0.1,0.2015,0.8,0.19767542746723288,long_nclose,0.15814034197378632,9.086484176286033e-05,5.0
1698760380000.0,437151,1698760380000.0,0.0,-0.017370672,1740.3735099559776,1740.375689614004,433.4,0.2004,434.2,0.20039498005981987,long_ientry_partial,87.01150034197379,0.04999587723222398,2.0
1698765420000.0,437235,1698765420000.0,0.0,-0.017402286000000003,1740.3561076699775,1737.8833473280038,446.9,0.1947,881.1,0.19750644687546676,long_rentry,174.02293034197376,0.09999271389058359,84.0
1698801840000.0,437842,1698801840000.0,0.23820898306628122,-0.005016904,1740.5892997490437,1741.9439704240037,-125.8,0.1994,755.3,0.19750644687546676,long_nclose,149.17661932504004,0.08570466298198441,607.0
1698802140000.0,437847,1698802140000.0,0.2043143821371363,-0.004303052000000001,1740.7893110791808,1742.1446773720036,-107.9,0.1994,647.4,0.19750644687546676,long_nclose,127.86567370717718,0.07345269924015585,5.0
1698802860000.0,437859,1698802860000.0,0.17496430870687113,-0.0036849120000000003,1740.9605904758878,1742.0670124600038,-92.4,0.1994,555.0,0.19750644687546676,long_nclose,109.61607801588406,0.06296298641999745,12.0
1698803040000.0,437862,1698803040000.0,0.1499694074630324,-0.0031584960000000002,1741.1074013873508,1742.1035139640037,-79.2,0.1994,475.8,0.19750644687546676,long_nclose,93.97356742334709,0.05397344664003323,3.0
1698803160000.0,437864,1698803160000.0,0.1285722571558068,-0.002707852,1741.2332657925067,1742.005646112004,-67.9,0.1994,407.9,0.19750644687546676,long_nclose,80.56287968050289,0.046267712237760064,2.0
1698803220000.0,437865,1698803220000.0,0.11020479184783441,-0.0023210160000000004,1741.3411495683545,1742.0732650960038,-58.2,0.1994,349.7,0.19750644687546676,long_nclose,69.06800447235072,0.039663683643765824,1.0
1698803820000.0,437875,1698803820000.0,0.09448830091420853,-0.0019900119999999998,1741.4336478572686,1742.0313150840036,-49.9,0.1994,299.8,0.19750644687546676,long_nclose,59.212432773264936,0.03400211822375337,10.0
1698804120000.0,437880,1698804120000.0,0.08104407373002254,-0.001706864,1741.5129850669987,1741.9996282200036,-42.8,0.1994,257.0,0.19750644687546676,long_nclose,50.759156846994955,0.029146585344031858,5.0
1698804240000.0,437882,1698804240000.0,0.06949339967036981,-0.0014635960000000002,1741.5810148706692,1742.0201946240038,-36.7,0.1994,220.3,0.19750644687546676,long_nclose,43.51067024666533,0.024983431649257187,2.0
1698804660000.0,437889,1698804660000.0,0.05945756811034364,-0.001252232,1741.6392202067793,1742.0346923920038,-31.4,0.1994,188.9,0.19750644687546676,long_nclose,37.30896781477567,0.021421754506852513,7.0
1698807000000.0,437928,1698807000000.0,0.05093657904994407,-0.001072772,1741.6890840138292,1741.9634396200036,-26.9,0.1994,162.0,0.19750644687546676,long_nclose,31.996044393825613,0.018370698127181673,39.0
1698807180000.0,437931,1698807180000.0,0.04374107717671778,-0.0009212280000000001,1741.731903863006,1742.0088083920036,-23.1,0.1994,138.9,0.19750644687546676,long_nclose,27.433645471002333,0.015750785416605708,3.0
1698811500000.0,438003,1698811500000.0,0.0,-0.011940318,1741.719963545006,1741.6193280740038,302.9,0.1971,441.8,0.1972277851312864,long_ientry_partial,87.13523547100233,0.0500282693514357,72.0
1698843420000.0,438535,1698843420000.0,0.11813675821582892,-0.0025126420000000003,1741.8355876612218,1742.5067254320036,-63.1,0.1991,378.7,0.1972277851312864,long_nclose,74.69016222921815,0.04288014480718315,532.0
1698843720000.0,438540,1698843720000.0,0.10128682439740641,-0.002154262,1741.9347202236193,1742.6073611700037,-54.1,0.1991,324.6,0.1972277851312864,long_nclose,64.02013905361557,0.036752318161151896,5.0
1698844860000.0,438559,1698844860000.0,0.2040768243974071,-0.00217482,1742.1366222280167,1743.2111063500038,-54.1,0.201,270.5,0.1972277851312864,long_nclose,53.350115878012964,0.0306233823440228,19.0
1698844920000.0,438560,1698844920000.0,0.3068668243974063,-0.0021953780000000004,1742.4412936744143,1743.106120972004,-54.1,0.2029,216.4,0.1972277851312864,long_nclose,42.68009270241038,0.024494422197954068,1.0
1698845400000.0,438568,1698845400000.0,0.05785143944325061,-0.0012304380000000001,1742.4979146758576,1742.696810534004,-30.9,0.1991,185.5,0.1972277851312864,long_nclose,36.58575414185363,0.020996153759334266,8.0
1698849600000.0,438638,1698849600000.0,0.04961369402091072,-0.00105523,1742.5464731398786,1742.875955304004,-26.5,0.1991,159.0,0.1972277851312864,long_nclose,31.359217835874535,0.017996201719296844,70.0
1698850320000.0,438650,1698850320000.0,0.0,-0.011179088,1742.5352940518785,1742.181876216004,284.6,0.1964,443.6,0.19669670386806704,long_ientry_partial,87.25465783587454,0.050073394859614706,12.0
1698861540000.0,438837,1698861540000.0,0.12047864515135658,-0.002514276,1742.6532584210297,1743.4151119400037,-63.3,0.1986,380.3,0.19669670386806704,long_nclose,74.8037564810259,0.0429252096592087,187.0
1698861720000.0,438840,1698861720000.0,0.1033489799639599,-0.002156796,1742.7544506049937,1743.4075251440038,-54.3,0.1986,326.0,0.19669670386806704,long_nclose,64.12312546098985,0.03679412520721415,3.0
1698862740000.0,438857,1698862740000.0,0.2065189799639606,-0.00217743,1742.9587921549576,1743.9921477140037,-54.3,0.2005,271.7,0.19669670386806704,long_nclose,53.44249444095381,0.030661938011098146,17.0
1698862800000.0,438858,1698862800000.0,0.17190898516337053,-0.0018125200000000004,1743.128888620121,1744.0356351940038,-45.2,0.2005,226.5,0.19669670386806704,long_nclose,44.55180342611718,0.025558525084960787,1.0
1698863760000.0,438874,1698863760000.0,0.2583593147765631,-0.0018337439999999998,1743.3854141908976,1744.4188514500038,-45.3,0.2024,181.2,0.19669670386806704,long_nclose,35.641442740893744,0.0204438114778165,16.0
1698863820000.0,438875,1698863820000.0,0.20645931997597322,-0.001465376,1743.5904081348735,1744.4028860740038,-36.2,0.2024,145.0,0.19669670386806704,long_nclose,28.52102206086972,0.016357638771010895,1.0
1698863880000.0,438876,1698863880000.0,0.16539558782605587,-0.0011739200000000002,1743.7546298026996,1744.3698121540037,-29.0,0.2024,116.0,0.19669670386806704,long_nclose,22.816817648695775,0.013084878605470671,1.0
1698864540000.0,438887,1698864540000.0,0.07340361534630645,-0.0007739300000000001,1743.827259488046,1744.214378224004,-19.3,0.2005,96.7,0.19669670386806704,long_nclose,19.020571264042083,0.010907371220717214,11.0
1698865020000.0,438895,1698865020000.0,0.11007361534630615,-0.000781264,1743.9365518393922,1744.377986960004,-19.3,0.2024,77.4,0.19669670386806704,long_nclose,15.224324879388389,0.008729861681797282,8.0
1698865080000.0,438896,1698865080000.0,0.0878307604317676,-0.0006233920000000001,1744.023759207824,1744.3649635680038,-15.4,0.2024,62.0,0.19669670386806704,long_nclose,12.195195639820156,0.00699256278788283,1.0
1698865200000.0,438898,1698865200000.0,0.07072087203596872,-0.0005019520000000001,1744.09397812786,1744.3867816160039,-12.4,0.2024,49.6,0.19669670386806704,long_nclose,9.756156511856124,0.005593825008402671,2.0
1698865440000.0,438902,1698865440000.0,0.056462631706136315,-0.00040075200000000004,1744.1500400075663,1744.376460864004,-9.9,0.2024,39.7,0.19669670386806704,long_nclose,7.808859143562262,0.004477171667827606,4.0
1698865500000.0,438903,1698865500000.0,0.04505603944227039,-0.000319792,1744.1947762550085,1744.382501072004,-7.9,0.2024,31.8,0.19669670386806704,long_nclose,6.254955183004532,0.003586156356020431,1.0
1698865680000.0,438906,1698865680000.0,0.035930765631177655,-0.000255024,1744.2304519966397,1744.3835360480039,-6.3,0.2024,25.5,0.19669670386806704,long_nclose,5.01576594863571,0.0028756325994045728,3.0
1698866400000.0,438918,1698866400000.0,0.0290868102728581,-0.00020644799999999997,1744.2593323589126,1744.383839600004,-5.1,0.2024,20.4,0.19669670386806704,long_nclose,4.012612758908567,0.0023004679891733553,12.0
1698867720000.0,438940,1698867720000.0,0.022813184527731845,-0.00016192,1744.2819836234403,1744.375517680004,-4.0,0.2024,16.4,0.19669670386806704,long_nclose,3.2258259434362992,0.0018493718181593615,22.0
1698867780000.0,438941,1698867780000.0,0.018250547622185476,-0.000129536,1744.3001046350623,1744.3833081440039,-3.2,0.2024,13.2,0.19669670386806704,long_nclose,2.596396491058485,0.0014885033166937153,1.0
1698868500000.0,438953,1698868500000.0,0.014828569943025699,-0.00010524800000000002,1744.3148279570055,1744.377402896004,-2.6,0.2024,10.6,0.19669670386806704,long_nclose,2.0849850610015106,0.001195303180128044,12.0
1698869760000.0,438974,1698869760000.0,0.019768569943025734,-0.00010623600000000003,1744.3344902909485,1744.3961166600038,-2.6,0.2043,8.0,0.19669670386806704,long_nclose,1.5735736309445363,0.0009021054388955355,21.0
1698870540000.0,438987,1698870540000.0,0.015206592263865948,-8.172000000000001e-05,1744.3496151632123,1744.396434940004,-2.0,0.2043,6.0,0.19669670386806704,long_nclose,1.1801802232084022,0.0006765732127031066,13.0
1698871560000.0,439004,1698871560000.0,0.019006592263865918,-8.248e-05,1744.3685392754762,1744.406552460004,-2.0,0.2062,4.0,0.19669670386806704,long_nclose,0.7867868154722681,0.00045104391518036675,17.0
1698871620000.0,439005,1698871620000.0,0.012354284971512848,-5.361200000000001e-05,1744.3808399484476,1744.4059588480038,-1.3,0.2062,2.7,0.19669670386806704,long_nclose,0.531081100443781,0.0003044524958549053,1.0
1698871740000.0,439007,1698871740000.0,0.008552966518739663,-3.7116e-05,1744.3893557989663,1744.406821732004,-0.9,0.2062,1.8,0.19669670386806704,long_nclose,0.3540540669625207,0.00020296733970860342,2.0
1698872220000.0,439015,1698872220000.0,0.005701977679159775,-2.4744e-05,1744.3950330326454,1744.4065569880038,-0.6,0.2062,1.2,0.19669670386806704,long_nclose,0.23603604464168043,0.00013531111942650386,8.0
1698873000000.0,439028,1698873000000.0,0.0038013184527731837,-1.6496e-05,1744.3988178550983,1744.4069004920038,-0.4,0.2062,0.8,0.19669670386806704,long_nclose,0.15735736309445364,9.020721722796124e-05,13.0
1698874020000.0,439045,1698874020000.0,0.0019006592263865918,-8.248e-06,1744.4007102663245,1744.4065322440038,-0.2,0.2062,0.6,0.19669670386806704,long_nclose,0.11801802232084022,6.765533952506929e-05,17.0
1698875640000.0,439072,1698875640000.0,0.0019006592263865918,-8.248e-06,1744.4026026775507,1744.4064839960035,-0.2,0.2062,0.4,0.19669670386806704,long_nclose,0.07867868154722682,4.510351075288462e-05,27.0
1698879480000.0,439136,1698879480000.0,0.0007603296131932975,-4.086000000000001e-06,1744.403358921164,1744.4056999100035,-0.1,0.2043,0.3,0.19669670386806704,long_nclose,0.05900901116042011,3.382761839951659e-05,64.0
1698879780000.0,439141,1698879780000.0,0.0007603296131932975,-4.086000000000001e-06,1744.4041151647773,1744.4056758240038,-0.1,0.2043,0.2,0.19669670386806704,long_nclose,0.03933934077361341,2.2551735822921625e-05,5.0
1698883260000.0,439199,1698883260000.0,0.0009503296131932959,-4.124e-06,1744.4050613703905,1744.4060317000037,-0.1,0.2062,0.1,0.19669670386806704,long_nclose,0.019669670386806705,1.1275861795169506e-05,58.0
1698883380000.0,439201,1698883380000.0,0.0009503296131932959,-4.124e-06,1744.4060075760037,1744.4060075760037,-0.1,0.2062,0.0,0.19669670386806704,long_nclose,0.0,0.0,2.0
1698902760000.0,439524,1698902760000.0,0.0,-0.017444079999999997,1744.3885634960038,1744.1768634960038,423.4,0.206,423.4,0.206,long_ientry_normal,87.22039999999998,0.050000557115094726,323.0
1698920640000.0,439822,1698920640000.0,0.1208000000000001,-0.0025126399999999996,1744.5068508560037,1745.2691508560038,-60.4,0.208,363.0,0.206,long_nclose,74.77799999999999,0.04286483596399036,298.0
1698925020000.0,439895,1698925020000.0,0.10360000000000008,-0.0021548799999999996,1744.6082959760035,1745.2618159760036,-51.8,0.208,311.2,0.206,long_nclose,64.10719999999999,0.03674589886329519,73.0
1698925920000.0,439910,1698925920000.0,0.08880000000000007,-0.0018470399999999999,1744.6952489360035,1745.2822089360036,-44.4,0.208,266.8,0.206,long_nclose,54.9608,0.03150166198567782,15.0
1698927180000.0,439931,1698927180000.0,0.07620000000000007,-0.00158496,1744.7698639760035,1745.2272639760035,-38.1,0.208,228.7,0.206,long_nclose,47.112199999999994,0.027001956517428677,21.0
1698927240000.0,439932,1698927240000.0,0.06520000000000006,-0.0013561600000000001,1744.8337078160037,1745.2455178160037,-32.6,0.208,196.1,0.206,long_nclose,40.3966,0.023152120353385507,1.0
1698928980000.0,439961,1698928980000.0,0.05600000000000005,-0.0011648000000000001,1744.8885430160037,1745.2415530160038,-28.0,0.208,168.1,0.206,long_nclose,34.6286,0.019845737504898268,29.0
1698929100000.0,439963,1698929100000.0,0.04800000000000004,-0.0009984,1744.9355446160037,1745.1949246160036,-24.0,0.208,144.1,0.206,long_nclose,29.684599999999996,0.017011860461890294,2.0
1698929160000.0,439964,1698929160000.0,0.041000000000000036,-0.0008528000000000001,1744.9756918160035,1745.2352518160035,-20.5,0.208,123.6,0.206,long_nclose,25.461599999999997,0.014591378045789282,1.0
1698930360000.0,439984,1698930360000.0,0.0,-0.01235138,1744.9633404360036,1744.9457504360037,299.5,0.2062,423.1,0.2061415740959584,long_ientry_partial,87.2185,0.04998299848420153,20.0
1698937560000.0,440104,1698937560000.0,0.0,-0.017450136,1744.9458903000036,1742.5601903000036,435.6,0.2003,858.7,0.2031782694771166,long_rentry,174.46918000000002,0.09998543849976003,120.0
1698953220000.0,440365,1698953220000.0,0.24786416210550516,-0.005031504,1745.188722958109,1746.8241387960036,-122.6,0.2052,736.1,0.2031782694771166,long_nclose,149.55952416210553,0.08569819538405045,261.0
1698953700000.0,440373,1698953700000.0,0.2124838779550456,-0.004313304,1745.396893532064,1746.8619054920034,-105.1,0.2052,631.0,0.2031782694771166,long_nclose,128.20548804006057,0.07345348700639552,8.0
1698953820000.0,440375,1698953820000.0,0.18215792011179457,-0.0036977039999999996,1745.575353748176,1746.7770877880037,-90.1,0.2052,540.9,0.2031782694771166,long_nclose,109.89912596017236,0.06295868334998665,2.0
1698953940000.0,440377,1698953940000.0,0.15607759636659868,-0.0031682880000000004,1745.7282630565426,1746.8512195000037,-77.2,0.2052,463.7,0.2031782694771166,long_nclose,94.21376355653896,0.05396817222377035,2.0
1698954660000.0,440389,1698954660000.0,0.13383856061488125,-0.002716848,1745.8593847691573,1746.8220226520034,-66.2,0.2052,397.5,0.2031782694771166,long_nclose,80.76336211715385,0.04625994671835076,12.0
1698956400000.0,440418,1698956400000.0,0.11463212064748893,-0.002326968,1745.9716899218047,1746.6947756840034,-56.7,0.2052,340.8,0.2031782694771166,long_nclose,69.24315423780133,0.0396588069769347,29.0
1698957000000.0,440428,1698957000000.0,0.09825610341213337,-0.0019945440000000004,1746.0679514812168,1746.4833811400033,-48.6,0.2052,292.2,0.2031782694771166,long_nclose,59.368690341213465,0.034001363057405684,10.0
1698958380000.0,440451,1698958380000.0,0.08430616280423789,-0.0017113680000000002,1746.150546276021,1746.6820397720032,-41.7,0.2052,250.5,0.2031782694771166,long_nclose,50.8961565040177,0.029147633697771867,23.0
1698960720000.0,440490,1698960720000.0,0.07217577966693747,-0.001465128,1746.2212569276878,1746.6984846440032,-35.7,0.2052,214.8,0.2031782694771166,long_nclose,43.642692283684646,0.02499264747267472,39.0
1698963660000.0,440539,1698963660000.0,0.14039795271922625,-0.001482836,1746.3601720444071,1747.0442618080033,-35.8,0.2071,179.0,0.2031782694771166,long_nclose,36.36891023640387,0.020825549516413883,49.0
1698967140000.0,440597,1698967140000.0,0.11686756958192578,-0.001234316,1746.4758052979892,1747.0758474920033,-29.8,0.2071,149.2,0.2031782694771166,long_nclose,30.314197805985792,0.01735735342798722,58.0
1698968880000.0,440626,1698968880000.0,0.0972589169675087,-0.0010272160000000003,1746.5720369989567,1747.0847802760034,-24.8,0.2071,124.4,0.2031782694771166,long_nclose,25.275376722953304,0.01447141955071184,29.0
1698970020000.0,440645,1698970020000.0,0.035784630255036226,-0.000726408,1746.6070952212117,1746.8761638680035,-17.7,0.2052,106.7,0.2031782694771166,long_nclose,21.67912135320834,0.012412134024030535,19.0
1698970200000.0,440648,1698970200000.0,0.03073030394782772,-0.000623808,1746.6372017171595,1746.8587900600035,-15.2,0.2052,91.5,0.2031782694771166,long_nclose,18.590811657156166,0.010643774012645046,3.0
1698970560000.0,440654,1698970560000.0,0.026282496797484234,-0.00053352,1746.6629506939569,1746.8530565400033,-13.0,0.2052,78.5,0.2031782694771166,long_nclose,15.949494153953653,0.009131409209554051,6.0
1698970740000.0,440657,1698970740000.0,0.02264338185629411,-0.000459648,1746.6851344278132,1746.8413868920031,-11.2,0.2052,67.3,0.2031782694771166,long_nclose,13.673897535809946,0.007828484519786849,3.0
1698971220000.0,440665,1698971220000.0,0.0,-0.014716800000000002,1746.670417627813,1746.838100092003,360.0,0.2044,427.3,0.20420757672784914,long_ientry_partial,87.25789753580995,0.04995670428443884,8.0
1698991200000.0,440998,1698991200000.0,0.12153781960120189,-0.00251564,1746.7894398074143,1747.5558944520033,-61.0,0.2062,366.3,0.20420757672784914,long_nclose,74.80123535541114,0.04282212477976628,333.0
1698993540000.0,441037,1698993540000.0,0.243537819601202,-0.0025400400000000004,1747.0304375870155,1748.3103844120033,-61.0,0.2082,305.3,0.20420757672784914,long_nclose,62.34457317501234,0.03568602574613535,39.0
1698994320000.0,441050,1698994320000.0,0.20281510222526328,-0.002115312,1747.2311373772409,1748.2726591000032,-50.8,0.2082,254.5,0.20420757672784914,long_nclose,51.97082827723761,0.02974467840313946,13.0
1698995160000.0,441064,1698995160000.0,0.16927874673919613,-0.0017655359999999998,1747.39865058798,1748.2666535640033,-42.4,0.2082,212.1,0.20420757672784914,long_nclose,43.3124270239768,0.02478680352042315,14.0
1698996060000.0,441079,1698996060000.0,0.14093254150692508,-0.001469892,1747.538113237487,1748.2616536720034,-35.3,0.2082,176.8,0.20420757672784914,long_nclose,36.10389956548373,0.020659863891951225,15.0
1698996300000.0,441083,1698996300000.0,0.11737724420123505,-0.001224216,1747.6542662656882,1748.2869694560031,-29.4,0.2082,147.4,0.20420757672784914,long_nclose,30.100196809684967,0.017223198770316146,4.0
1698996660000.0,441089,1698996660000.0,0.09781437016769588,-0.00102018,1747.7510604558558,1748.2417292760033,-24.5,0.2082,122.9,0.20420757672784914,long_nclose,25.09711117985266,0.014359660107033049,6.0
1698996720000.0,441090,1698996720000.0,0.08144543475187738,-0.0008494560000000001,1747.8316564346078,1748.2818798200033,-20.4,0.2082,102.5,0.20420757672784914,long_nclose,20.93127661460454,0.011975567862926877,1.0
1698999180000.0,441131,1698999180000.0,0.06787119562656449,-0.00070788,1747.8988197502345,1748.2658219400034,-17.0,0.2082,85.5,0.20420757672784914,long_nclose,17.4597478102311,0.009988992276295494,41.0
1698999600000.0,441138,1698999600000.0,0.0566924104645421,-0.0005912879999999999,1747.9549208726992,1748.2681006520036,-14.2,0.2082,71.3,0.20420757672784914,long_nclose,14.560000220695644,0.008329734392364244,7.0
1699000380000.0,441151,1699000380000.0,0.04711059461138006,-0.000491352,1748.0015401153107,1748.2450393000038,-11.8,0.2082,59.5,0.20420757672784914,long_nclose,12.150350815307023,0.006950995486254262,13.0
1699001340000.0,441167,1699001340000.0,0.01693559781328223,-0.00035054,1748.018125173124,1748.1452387600036,-8.5,0.2062,51.0,0.20420757672784914,long_nclose,10.414586413120306,0.005957939602078693,16.0
1699001880000.0,441176,1699001880000.0,0.033935597813282245,-0.00035394,1748.0517068309373,1748.2256348200037,-8.5,0.2082,42.5,0.20420757672784914,long_nclose,8.678822010933589,0.004964854287215293,9.0
1699005780000.0,441241,1699005780000.0,0.0,-0.015735272,1748.0359715589373,1747.8608495480037,383.6,0.2051,426.1,0.2050109880566383,long_ientry_partial,87.35518201093359,0.04997333203219399,65.0
1699015620000.0,441405,1699015620000.0,0.12093192615639009,-0.00251712,1748.1543863650936,1748.9540324280035,-60.8,0.207,365.3,0.2050109880566383,long_nclose,74.89051393708998,0.04283975976104061,164.0
1699016040000.0,441412,1699016040000.0,0.1036275222491435,-0.00215694,1748.2558569473426,1748.9101354880036,-52.1,0.207,313.2,0.2050109880566383,long_nclose,64.20944145933912,0.036727714198227394,7.0
1699016460000.0,441419,1699016460000.0,0.08890883386826708,-0.00185058,1748.3429152012109,1748.9038149080036,-44.7,0.207,268.5,0.2050109880566383,long_nclose,55.04545029320739,0.03148435573742831,7.0
1699019460000.0,441469,1699019460000.0,0.0761791574307523,-0.0015856199999999998,1748.4175087386416,1748.9444392880034,-38.3,0.207,230.2,0.2050109880566383,long_nclose,47.19352945063814,0.026992139586090567,50.0
1699021260000.0,441499,1699021260000.0,0.15277915743075238,-0.00160094,1748.5686869560725,1749.3149883480037,-38.3,0.209,191.9,0.2050109880566383,long_nclose,39.341608608068896,0.022499321245741395,30.0
1699021380000.0,441501,1699021380000.0,0.12724948099323763,-0.0013334199999999999,1748.6946030170657,1749.3648449280035,-31.9,0.209,160.0,0.2050109880566383,long_nclose,32.80175808906213,0.01875785402006071,2.0
1699021740000.0,441507,1699021740000.0,0.1884483821875742,-0.0013497600000000002,1748.8817016392532,1749.6482951680034,-32.0,0.2109,128.0,0.2050109880566383,long_nclose,26.241406471249704,0.015004677815917015,6.0
1699022280000.0,441516,1699022280000.0,0.15075870575005937,-0.001079808,1749.0313805370033,1749.6139353600036,-25.6,0.2109,102.4,0.2050109880566383,long_nclose,20.993125176999765,0.012002714994486987,9.0
1699022340000.0,441517,1699022340000.0,0.12013584364457855,-0.000860472,1749.1506559086479,1749.6417548880036,-20.4,0.2109,82.0,0.2050109880566383,long_nclose,16.81090102064434,0.009610893700812423,1.0
1699022520000.0,441520,1699022520000.0,0.09657979587113177,-0.000691752,1749.246543952519,1749.6197431360035,-16.4,0.2109,65.6,0.2050109880566383,long_nclose,13.448720816515472,0.007688293490137385,3.0
1699024140000.0,441547,1699024140000.0,0.07714605645803818,-0.000552558,1749.3231374509771,1749.6428105780037,-13.1,0.2109,52.5,0.2050109880566383,long_nclose,10.763076872973512,0.00615270937801515,27.0
1699024380000.0,441551,1699024380000.0,0.061834625405297786,-0.0004428900000000001,1749.3845291863825,1749.6360676880035,-10.5,0.2109,42.0,0.2050109880566383,long_nclose,8.61046149837881,0.004921994767144437,4.0
1699024740000.0,441557,1699024740000.0,0.04946770032423823,-0.000354312,1749.4336425747067,1749.6449533760037,-8.4,0.2109,33.6,0.2050109880566383,long_nclose,6.888369198703048,0.003937485270127296,6.0
1699024860000.0,441559,1699024860000.0,0.06626770032423825,-0.00035767200000000007,1749.499552603031,1749.6958357040037,-8.4,0.2129,25.2,0.2050109880566383,long_nclose,5.166276899027285,0.0029530026980232878,2.0
1699024920000.0,441560,1699024920000.0,0.04970077524317868,-0.000268254,1749.548985124274,1749.6980874500034,-6.3,0.2129,18.9,0.2050109880566383,long_nclose,3.874707674270464,0.0022146894469463716,1.0
1699024980000.0,441561,1699024980000.0,0.03707835613379997,-0.00020012600000000004,1749.5858633544078,1749.7078273240036,-4.7,0.2129,14.2,0.2050109880566383,long_nclose,2.911156030404264,0.0016639114955026137,1.0
1699025220000.0,441565,1699025220000.0,0.046478356133799976,-0.00020200600000000002,1749.6321397045415,1749.7346353180035,-4.7,0.2149,9.5,0.2050109880566383,long_nclose,1.947604386538064,0.001113150783150882,4.0
1699026300000.0,441583,1699026300000.0,0.03065593702442126,-0.00013323800000000001,1749.662662403566,1749.7265920800035,-3.1,0.2149,6.4,0.2050109880566383,long_nclose,1.3120703235624853,0.0007498990243982538,18.0
1699026600000.0,441588,1699026600000.0,0.020766925081059564,-9.025800000000002e-05,1749.683339070647,1749.7262918220035,-2.1,0.2149,4.3,0.2050109880566383,long_nclose,0.8815472486435447,0.0005038324529693372,5.0
1699026900000.0,441593,1699026900000.0,0.024756925081059533,-9.1056e-05,1749.708004939728,1749.7350407660033,-2.1,0.2168,2.2,0.2050109880566383,long_nclose,0.4510241737246043,0.00025777110949443284,5.0
1699026960000.0,441594,1699026960000.0,0.03033582627539571,-9.6272e-05,1749.7382444940033,1749.7382444940033,-2.2,0.2188,0.0,0.2050109880566383,long_nclose,0.0,0.0,1.0
1699066200000.0,442248,1699066200000.0,0.0,-0.017497020000000002,1749.7207474740032,1749.6389474740033,409.0,0.2139,409.0,0.2139,long_ientry_normal,87.4851,0.04999946427239803,654.0
1699082160000.0,442514,1699082160000.0,0.12263999999999946,-0.00252288,1749.8408645940033,1750.6472445940033,-58.4,0.216,350.6,0.2139,long_nclose,74.99334,0.04285723434479278,266.0
1699146600000.0,443588,1699146600000.0,0.10499999999999954,-0.0021600000000000005,1749.9437045940033,1750.6050245940032,-50.0,0.216,300.6,0.2139,long_nclose,64.29834000000001,0.036743090552685854,1074.0
1699147980000.0,443611,1699147980000.0,0.0900899999999996,-0.00185328,1750.0319413140032,1750.5731113140032,-42.9,0.216,257.7,0.2139,long_nclose,55.12203,0.03149772795496057,23.0
1699149300000.0,443633,1699149300000.0,0.07727999999999965,-0.00158976,1750.1076315540033,1750.5936115540032,-36.8,0.216,220.9,0.2139,long_nclose,47.250510000000006,0.026998630911656583,22.0
1699150020000.0,443645,1699150020000.0,0.06614999999999971,-0.0013608000000000001,1750.1724207540035,1750.6459207540036,-31.5,0.216,189.4,0.2139,long_nclose,40.512660000000004,0.02314781076400831,12.0
1699150440000.0,443652,1699150440000.0,0.05669999999999975,-0.0011664,1750.2279543540035,1750.5852343540034,-27.0,0.216,162.4,0.2139,long_nclose,34.73736,0.019847334693509286,7.0
1699151040000.0,443662,1699151040000.0,0.048719999999999784,-0.00100224,1750.2756721140036,1750.6097521140036,-23.2,0.216,139.2,0.2139,long_nclose,29.77488,0.01701153736773222,10.0
1699152720000.0,443690,1699152720000.0,0.09511999999999983,-0.0010115200000000001,1750.3697805940035,1750.8569805940035,-23.2,0.218,116.0,0.2139,long_nclose,24.8124,0.014175518953246377,28.0
1699153260000.0,443699,1699153260000.0,0.1438399999999996,-0.0010212639999999998,1750.5125993300035,1751.0972393300035,-23.2,0.2201,92.8,0.2139,long_nclose,19.84992,0.011339489934318336,9.0
1699153500000.0,443703,1699153500000.0,0.11469999999999969,-0.0008143699999999999,1750.6264849600036,1751.0871449600036,-18.5,0.2201,74.3,0.2139,long_nclose,15.89277,0.009078332891989293,4.0
1699153620000.0,443705,1699153620000.0,0.09175999999999976,-0.0006514960000000001,1750.7175934640036,1751.1697934640035,-14.8,0.2201,59.5,0.2139,long_nclose,12.72705,0.0072696190679263206,2.0
1699154280000.0,443716,1699154280000.0,0.12135999999999979,-0.0006574160000000001,1750.8382960480037,1751.2093060480038,-14.8,0.2221,44.7,0.2139,long_nclose,9.561330000000002,0.005461001179596001,11.0
1699154700000.0,443723,1699154700000.0,0.09101999999999984,-0.000493062,1750.9288229860038,1751.2009829860037,-11.1,0.2221,33.6,0.2139,long_nclose,7.1870400000000005,0.004104701405133846,7.0
1699155300000.0,443733,1699155300000.0,0.06887999999999987,-0.000373128,1750.9973298580037,1751.2165698580036,-8.4,0.2221,25.2,0.2139,long_nclose,5.39028,0.003078405608098284,10.0
1699156020000.0,443745,1699156020000.0,0.08652000000000003,-0.000376656,1751.0834732020037,1751.2548332020037,-8.4,0.2242,16.8,0.2139,long_nclose,3.5935200000000003,0.002052169445371411,12.0
1699156080000.0,443746,1699156080000.0,0.057680000000000016,-0.000251104,1751.1409020980036,1751.2540220980036,-5.6,0.2242,11.2,0.2139,long_nclose,2.39568,0.0013680680961365179,1.0
1699156140000.0,443747,1699156140000.0,0.03811000000000001,-0.000165908,1751.1788461900035,1751.2545961900034,-3.7,0.2242,7.5,0.2139,long_nclose,1.60425,0.0009160971784751324,1.0
1699156560000.0,443754,1699156560000.0,0.02575000000000001,-0.0001121,1751.2044840900035,1751.2574840900036,-2.5,0.2242,5.0,0.2139,long_nclose,1.0695000000000001,0.0006107225111154027,7.0
1699156740000.0,443757,1699156740000.0,0.016480000000000005,-7.174400000000001e-05,1751.2208923460034,1751.2562523460035,-1.6,0.2242,3.4,0.2139,long_nclose,0.72726,0.00041528741644107175,3.0
1699157880000.0,443776,1699157880000.0,0.011330000000000005,-4.932400000000001e-05,1751.2321730220035,1751.2560930220036,-1.1,0.2242,2.3,0.2139,long_nclose,0.49196999999999996,0.0002809279132595165,19.0
1699163280000.0,443866,1699163280000.0,0.0040999999999999925,-2.221e-05,1751.2362508120036,1751.2519108120036,-0.5,0.2221,1.8,0.2139,long_nclose,0.38502000000000003,0.00021985611582759097,90.0
1699163760000.0,443874,1699163760000.0,0.0032799999999999943,-1.7768e-05,1751.2395130440036,1751.2515530440037,-0.4,0.2221,1.4,0.2139,long_nclose,0.29946,0.00017099888265967618,8.0
1699164060000.0,443879,1699164060000.0,0.0024599999999999956,-1.3325999999999999e-05,1751.2419597180035,1751.2515297180034,-0.3,0.2221,1.1,0.2139,long_nclose,0.23529000000000003,0.00013435607723668748,5.0
1699166280000.0,443916,1699166280000.0,0.0016399999999999971,-8.884e-06,1751.2435908340035,1751.2513308340035,-0.2,0.2221,0.9,0.2139,long_nclose,0.19251000000000001,0.00010992759717014582,37.0
1699166760000.0,443924,1699166760000.0,0.0016399999999999971,-8.884e-06,1751.2452219500035,1751.2508919500035,-0.2,0.2221,0.7,0.2139,long_nclose,0.14973,8.549916260914981e-05,8.0
1699166820000.0,443925,1699166820000.0,0.0008199999999999986,-4.442e-06,1751.2460375080034,1751.2510175080033,-0.1,0.2221,0.6,0.2139,long_nclose,0.12834,7.32849623931917e-05,1.0
1699167660000.0,443939,1699167660000.0,0.0008199999999999986,-4.442e-06,1751.2468530660033,1751.2510030660032,-0.1,0.2221,0.5,0.2139,long_nclose,0.10695,6.107077355357231e-05,14.0
1699167780000.0,443941,1699167780000.0,0.0008199999999999986,-4.442e-06,1751.2476686240032,1751.250948624003,-0.1,0.2221,0.4,0.2139,long_nclose,0.08556000000000001,4.885659609027576e-05,2.0
1699167840000.0,443942,1699167840000.0,0.0008199999999999986,-4.442e-06,1751.248484182003,1751.250944182003,-0.1,0.2221,0.3,0.2139,long_nclose,0.06417,3.6642430003286144e-05,1.0
1699168800000.0,443958,1699168800000.0,0.0008199999999999986,-4.442e-06,1751.249299740003,1751.2509597400028,-0.1,0.2221,0.2,0.2139,long_nclose,0.042780000000000006,2.4428275292587575e-05,16.0
1699174260000.0,444049,1699174260000.0,0.0006199999999999984,-4.402e-06,1751.249915338003,1751.250545338003,-0.1,0.2201,0.1,0.2139,long_nclose,0.021390000000000003,1.2214133352789679e-05,91.0
1699174680000.0,444056,1699174680000.0,0.0006199999999999984,-4.402e-06,1751.2505309360029,1751.2505309360029,-0.1,0.2201,0.0,0.2139,long_nclose,0.0,0.0,7.0
1699192560000.0,444354,1699192560000.0,0.0,-0.017512272000000002,1751.2330186640029,1750.8799486640028,392.3,0.2232,392.3,0.2232,long_ientry_normal,87.56136000000001,0.04999983386950963,298.0
1699194720000.0,444390,1699194720000.0,0.12319999999999887,-0.00252448,1751.353694184003,1751.992664184003,-56.0,0.2254,336.3,0.2232,long_nclose,75.06216,0.042859509332278674,36.0
1699221000000.0,444828,1699221000000.0,0.0,-0.0175119,1751.336182284003,1749.9909222840029,403.5,0.217,739.8,0.21981841038118413,long_rentry,162.62166000000002,0.09285576444147758,438.0
1699225380000.0,444901,1699225380000.0,0.23037586374695598,-0.00468864,1751.5618695077499,1752.755173644003,-105.6,0.222,634.2,0.21981841038118413,long_nclose,139.408835863747,0.07959115706425246,73.0
1699225440000.0,444902,1699225440000.0,0.19765201946471792,-0.00402264,1751.7554988872146,1753.104491004003,-90.6,0.222,543.6,0.21981841038118413,long_nclose,119.49328788321169,0.06821345099765272,1.0
1699225620000.0,444905,1699225620000.0,0.1692913544201116,-0.00344544,1751.9213448016346,1752.8913655640029,-77.6,0.222,466.0,0.21981841038118413,long_nclose,102.4353792376318,0.058470307209614075,3.0
1699225680000.0,444906,1699225680000.0,0.14507570965125544,-0.0029526,1752.063467911286,1753.134762964003,-66.5,0.222,399.5,0.21981841038118413,long_nclose,87.81745494728307,0.050122302391233706,1.0
1699226700000.0,444923,1699226700000.0,0.12435060827250466,-0.0025308,1752.1852877195586,1753.000982164003,-57.0,0.222,342.5,0.21981841038118413,long_nclose,75.28780555555556,0.04296794755852645,17.0
1699227060000.0,444929,1699227060000.0,0.1066797323600961,-0.00217116,1752.2897962919187,1752.959671004003,-48.9,0.222,293.6,0.21981841038118413,long_nclose,64.53868528791567,0.03683105695444225,6.0
1699227360000.0,444934,1699227360000.0,0.091408605028385,-0.0018603600000000001,1752.3793445369472,1752.9536206440032,-41.9,0.222,251.7,0.21981841038118413,long_nclose,55.328293892944046,0.0315732401579774,5.0
1699227840000.0,444942,1699227840000.0,0.07831906731548978,-0.0015939600000000002,1752.4560696442627,1752.9484366840031,-35.9,0.222,215.8,0.21981841038118413,long_nclose,47.43681296025954,0.027068760114419818,8.0
1699230360000.0,444984,1699230360000.0,0.06719296025952884,-0.00136752,1752.5218950845222,1752.962489164003,-30.8,0.222,185.0,0.21981841038118413,long_nclose,40.66640592051906,0.023204506622473763,42.0
1699231020000.0,444995,1699231020000.0,0.057593965936738996,-0.00117216,1752.578316890459,1752.9243170040033,-26.4,0.222,158.6,0.21981841038118413,long_nclose,34.8631998864558,0.01989252038009486,11.0
1699231080000.0,444996,1699231080000.0,0.049303925385238694,-0.0010034400000000002,1752.6266173758443,1753.0049135640031,-22.6,0.222,136.0,0.21981841038118413,long_nclose,29.895303811841043,0.01705742884163336,1.0
1699232940000.0,445027,1699232940000.0,0.09676392538523848,-0.001012932,1752.7223683692293,1753.230580632003,-22.6,0.2241,113.4,0.21981841038118413,long_nclose,24.927407737226282,0.014222108525047968,31.0
1699233120000.0,445030,1699233120000.0,0.08092204379561979,-0.0008470979999999999,1752.8024433150251,1753.2070535340033,-18.9,0.2241,94.5,0.21981841038118413,long_nclose,20.7728397810219,0.011851215669082947,3.0
1699233240000.0,445032,1699233240000.0,0.06722095701540903,-0.0007036739999999999,1752.8689605980405,1753.2221098600032,-15.7,0.2241,78.8,0.21981841038118413,long_nclose,17.321690738037308,0.009881908532470975,2.0
1699233420000.0,445035,1699233420000.0,0.05608882400648779,-0.000587142,1752.924462280047,1753.2254727180032,-13.1,0.2241,65.7,0.21981841038118413,long_nclose,14.442069562043798,0.008238843072141767,3.0
1699233660000.0,445039,1699233660000.0,0.046669326845092896,-0.000488538,1752.9706430688923,1753.2217141800033,-10.9,0.2241,54.8,0.21981841038118413,long_nclose,12.04604888888889,0.00687179157079328,4.0
1699234680000.0,445056,1699234680000.0,0.038962465531224344,-0.000407862,1753.0091976724236,1753.2094363180036,-9.1,0.2241,45.7,0.21981841038118413,long_nclose,10.045701354420116,0.005730546860654468,17.0
1699234860000.0,445059,1699234860000.0,0.03254008110300055,-0.00034063199999999995,1753.0413971215266,1753.2007156860036,-7.6,0.2241,38.1,0.21981841038118413,long_nclose,8.375081435523116,0.004777457879360352,3.0
1699235040000.0,445062,1699235040000.0,0.02697401459853993,-0.000282366,1753.0680887701253,1753.2137833200036,-6.3,0.2241,31.8,0.21981841038118413,long_nclose,6.990225450121655,0.003987423817078142,3.0
1699236060000.0,445079,1699236060000.0,0.02269242497972407,-0.000237546,1753.090543649105,1753.2119557740036,-5.3,0.2241,26.5,0.21981841038118413,long_nclose,5.8251878751013795,0.0033228106193397716,17.0
1699238340000.0,445117,1699238340000.0,0.03382242497972417,-0.00023977200000000002,1753.1241263020847,1753.2763760020036,-5.3,0.2262,21.2,0.21981841038118413,long_nclose,4.660150300081104,0.0026581975743559545,38.0
1699239000000.0,445128,1699239000000.0,0.04495242497972412,-0.000241998,1753.1688367290644,1753.3100540040036,-5.3,0.2283,15.9,0.21981841038118413,long_nclose,3.4951127250608276,0.0019935973374827698,11.0
1699239240000.0,445132,1699239240000.0,0.033078199513381895,-0.00017807400000000002,1753.2017368545778,1753.3071159300036,-3.9,0.2283,12.0,0.21981841038118413,long_nclose,2.6378209245742097,0.0015045735291745312,4.0
1699239540000.0,445137,1699239540000.0,0.025444768856447614,-0.00013698,1753.2270446434343,1753.3060789500037,-3.0,0.2283,9.0,0.21981841038118413,long_nclose,1.9783656934306573,0.0011284138580197473,5.0
1699240080000.0,445146,1699240080000.0,0.01865949716139492,-0.000100452,1753.2456036885958,1753.3046384980037,-2.2,0.2283,6.8,0.21981841038118413,long_nclose,1.494765190592052,0.0008525703343828524,9.0
1699240260000.0,445149,1699240260000.0,0.014418702351986981,-7.762200000000001e-05,1753.259944768948,1753.3037108760038,-1.7,0.2283,5.1,0.21981841038118413,long_nclose,1.121073892944039,0.0006394225204818553,3.0
1699240800000.0,445158,1699240800000.0,0.010177907542579046,-5.4792e-05,1753.2700678844906,1753.3043160840039,-1.2,0.2283,3.9,0.21981841038118413,long_nclose,0.8572918004866181,0.0004889673394818364,9.0
1699241760000.0,445174,1699241760000.0,0.007633430656934284,-4.1094e-05,1753.2776602211475,1753.3034049900039,-0.9,0.2283,3.0,0.21981841038118413,long_nclose,0.6594552311435524,0.00037612709390272666,16.0
1699243800000.0,445208,1699243800000.0,0.0038289537712895283,-2.7144000000000003e-05,1753.2814620309189,1753.296777846004,-0.6,0.2262,2.4,0.21981841038118413,long_nclose,0.5275641849148419,0.00030090102264797595,34.0
1699244220000.0,445215,1699244220000.0,0.002552635847526352,-1.8096e-05,1753.2839965707662,1753.2971597500039,-0.4,0.2262,2.0,0.21981841038118413,long_nclose,0.43963682076236826,0.000250750489722287,7.0
1699245120000.0,445230,1699245120000.0,0.0012844768856447586,-1.3446e-05,1753.285267601652,1753.293396304004,-0.3,0.2241,1.7,0.21981841038118413,long_nclose,0.373691297648013,0.00021313776175122461,15.0
1699246140000.0,445247,1699246140000.0,0.0008563179237631724,-8.964000000000001e-06,1753.2861149555758,1753.292387340004,-0.2,0.2241,1.5,0.21981841038118413,long_nclose,0.3297276155717762,0.0001880626400672378,17.0
1699247100000.0,445263,1699247100000.0,0.0008563179237631724,-8.964000000000001e-06,1753.2869623094996,1753.292788376004,-0.2,0.2241,1.3,0.21981841038118413,long_nclose,0.28576393349553936,0.00016298754262058715,16.0
1699247280000.0,445266,1699247280000.0,0.0008563179237631724,-8.964000000000001e-06,1753.2878096634233,1753.292959412004,-0.2,0.2241,1.1,0.21981841038118413,long_nclose,0.24180025141930256,0.00013791246941123755,3.0
1699247940000.0,445277,1699247940000.0,0.0,-0.0174832,1753.2703264634233,1753.195206212004,392.0,0.223,393.1,0.22299109705270748,long_ientry_partial,87.65780025141932,0.0499967397658732,11.0
1699262940000.0,445527,1699262940000.0,0.1239194553431112,-0.002526744,1753.3917191747664,1754.169819468004,-56.1,0.2252,337.0,0.22299109705270748,long_nclose,75.14799970676242,0.04285864868925628,250.0
1699263840000.0,445542,1699263840000.0,0.10624823176477093,-0.0021664240000000006,1753.4958009825311,1754.162843044004,-48.1,0.2252,288.9,0.22299109705270748,long_nclose,64.42212793852718,0.036739254181521123,15.0
1699264020000.0,445545,1699264020000.0,0.09100680142845244,-0.001855648,1753.5849521359596,1754.132097396004,-41.2,0.2252,247.7,0.22299109705270748,long_nclose,55.23489473995564,0.03149827139693267,3.0
1699265280000.0,445566,1699265280000.0,0.07797427403942647,-0.001589912,1753.661336497999,1754.1517474840039,-35.3,0.2252,212.4,0.22299109705270748,long_nclose,47.36330901399507,0.02700824157335758,21.0
1699265760000.0,445574,1699265760000.0,0.06692975930296381,-0.0013647120000000001,1753.7269015453019,1754.1837727720037,-30.3,0.2252,182.1,0.22299109705270748,long_nclose,40.60667877329803,0.023154505263913855,8.0
1699268280000.0,445616,1699268280000.0,0.057431476629605904,-0.0011710400000000001,1753.7831619819315,1754.1279717320037,-26.0,0.2252,156.1,0.22299109705270748,long_nclose,34.808910249927635,0.01984789853415542,42.0
1699269240000.0,445632,1699269240000.0,0.04925853572462353,-0.001004392,1753.8314161256562,1754.126967340004,-22.3,0.2252,133.8,0.22299109705270748,long_nclose,29.836208785652264,0.0170120163838567,16.0
1699269360000.0,445634,1699269360000.0,0.04219004629328742,-0.0008602640000000001,1753.8727459079496,1754.126107076004,-19.1,0.2252,114.7,0.22299109705270748,long_nclose,25.57707883194555,0.014583201028478687,2.0
1699269420000.0,445635,1699269420000.0,0.03600511804086832,-0.0007341520000000002,1753.9080168739906,1754.1352129240042,-16.3,0.2252,98.4,0.22299109705270748,long_nclose,21.942323949986417,0.012510532900747247,1.0
1699269840000.0,445642,1699269840000.0,0.030924641262095487,-0.0006305600000000001,1753.9383109552527,1754.1247423640043,-14.0,0.2252,84.4,0.22299109705270748,long_nclose,18.820448591248514,0.010730393693834234,7.0
1699270200000.0,445648,1699270200000.0,0.026506835367510417,-0.00054048,1753.9642773106202,1754.1169618840042,-12.0,0.2252,72.4,0.22299109705270748,long_nclose,16.144555426616023,0.00920460903078979,6.0
1699270380000.0,445651,1699270380000.0,0.02275170035711311,-0.000463912,1753.9865650989773,1754.1361579720042,-10.3,0.2252,62.1,0.22299109705270748,long_nclose,13.847747126973134,0.007895013224455176,3.0
1699272660000.0,445689,1699272660000.0,0.0,-0.014764410000000002,1753.9718006889773,1754.042643562004,330.3,0.2235,392.4,0.2234194626069652,long_ientry_partial,87.66979712697315,0.04998358416739403,38.0
1699288920000.0,445960,1699288920000.0,0.12211009400994777,-0.00252672,1754.0913840629871,1754.791276842004,-56.0,0.2256,336.4,0.2234194626069652,long_nclose,75.15830722098309,0.04284742967432776,271.0
1699288980000.0,445961,1699288980000.0,0.10466579486566951,-0.00216576,1754.1938840978528,1754.851591082004,-48.0,0.2256,288.4,0.2234194626069652,long_nclose,64.43417301584876,0.03673150020642443,1.0
1699290000000.0,445978,1699290000000.0,0.08983814059303301,-0.001858944,1754.2818632944457,1754.8456121380038,-41.2,0.2256,247.2,0.2234194626069652,long_nclose,55.229291156441796,0.03148256406910814,17.0
1699290420000.0,445985,1699290420000.0,0.07697296997412778,-0.001592736,1754.3572435284198,1754.8616794020038,-35.3,0.2256,211.9,0.2234194626069652,long_nclose,47.34258412641593,0.026985714740288016,7.0
1699291800000.0,446008,1699291800000.0,0.0658522292696504,-0.001362624,1754.4217331336895,1754.872446778004,-30.2,0.2256,181.7,0.2234194626069652,long_nclose,40.595316355685576,0.02313885857032538,23.0
1699296420000.0,446085,1699296420000.0,0.05647591847960084,-0.001168608,1754.4770404441692,1754.832348170004,-25.9,0.2256,155.8,0.2234194626069652,long_nclose,34.80875227416518,0.019839958843435694,77.0
1699296480000.0,446086,1699296480000.0,0.0,-0.010584692,1754.4664557521692,1754.856123478004,236.9,0.2234,392.7,0.2234077216046987,long_ientry_partial,87.73221227416518,0.05000506677487482,1.0
1699296660000.0,446089,1699296660000.0,0.12298681797640201,-0.002531232,1754.5869113381457,1755.4258122460042,-56.1,0.2256,336.6,0.2234077216046987,long_nclose,75.19903909214159,0.04285854328799855,3.0
1699298520000.0,446120,1699298520000.0,0.24079681797640307,-0.002554794,1754.8251533621221,1756.085237452004,-56.1,0.2277,280.5,0.2234077216046987,long_nclose,62.66586591011799,0.0357106038684564,31.0
1699298640000.0,446122,1699298640000.0,0.20044940106057083,-0.0021267180000000005,1755.0234760451826,1756.0971507340041,-46.7,0.2277,233.8,0.2234077216046987,long_nclose,52.23272531117856,0.029761838530434476,2.0
1699300440000.0,446152,1699300440000.0,0.3031894010605699,-0.002147266,1755.324518180243,1756.539223468004,-46.7,0.2299,187.1,0.2234077216046987,long_nclose,41.79958471223913,0.023813023904874893,30.0
1699302300000.0,446183,1699302300000.0,0.1334898580938705,-0.0014162940000000002,1755.4565917443372,1756.1729871740042,-31.1,0.2277,156.0,0.2234077216046987,long_nclose,34.851604570333,0.019853298984569112,31.0
1699302840000.0,446192,1699302840000.0,0.11159923827783386,-0.0011840400000000001,1755.567006942615,1756.2940031340042,-26.0,0.2277,130.0,0.2234077216046987,long_nclose,29.043003808610834,0.01654337527064279,9.0
1699303380000.0,446201,1699303380000.0,0.09271321333850813,-0.0009836640000000002,1755.6587364919537,1756.1348594700044,-21.6,0.2277,108.4,0.2234077216046987,long_nclose,24.217397021949342,0.013793909100090268,9.0
1699305000000.0,446228,1699305000000.0,0.07726101111542344,-0.0008197200000000001,1755.7351777830693,1756.1412797500045,-18.0,0.2277,90.4,0.2234077216046987,long_nclose,20.196058033064766,0.01150290675303659,27.0
1699305900000.0,446243,1699305900000.0,0.06438417592951953,-0.0006831000000000001,1755.7988788589987,1756.1375966500045,-15.0,0.2277,75.4,0.2234077216046987,long_nclose,16.844942208994283,0.009593890514351463,15.0
1699306080000.0,446246,1699306080000.0,0.05365347994126628,-0.0005692500000000001,1755.85196308894,1756.1219474000045,-12.5,0.2277,62.9,0.2234077216046987,long_nclose,14.05234568893555,0.008003149459259824,3.0
1699306140000.0,446247,1699306140000.0,0.04463969531113354,-0.0004736160000000001,1755.8961291682513,1756.1372237840046,-10.4,0.2277,52.5,0.2234077216046987,long_nclose,11.728905384246682,0.006679726203282044,1.0
1699306320000.0,446250,1699306320000.0,0.03734282203912133,-0.000396198,1755.9330757922903,1756.1254575860046,-8.7,0.2277,43.8,0.2234077216046987,long_nclose,9.785258206285803,0.005572682889335415,3.0
1699306440000.0,446252,1699306440000.0,0.031333632285699506,-0.000332442,1755.964076982576,1756.1353451440045,-7.3,0.2277,36.5,0.2234077216046987,long_nclose,8.154381838571503,0.004643820420622657,2.0
1699310820000.0,446325,1699310820000.0,0.04739363228569936,-0.000335654,1756.0111349608617,1756.2036294900045,-7.3,0.2299,29.2,0.2234077216046987,long_nclose,6.523505470857202,0.0037149567795893273,73.0
1699315380000.0,446401,1699315380000.0,0.02060293629744625,-0.00021859199999999998,1756.031519305159,1756.1338108980044,-4.8,0.2277,24.4,0.2234077216046987,long_nclose,5.4511484071546485,0.0031042429177533235,76.0
1699315560000.0,446404,1699315560000.0,0.01716911358120521,-0.00018216000000000003,1756.0485062587404,1756.1340287380046,-4.0,0.2277,20.4,0.2234077216046987,long_nclose,4.557517520735853,0.0025953255302984994,3.0
1699315920000.0,446410,1699315920000.0,0.014593746544024427,-0.000154836,1756.0629451692844,1756.1376139020044,-3.4,0.2277,17.0,0.2234077216046987,long_nclose,3.797931267279878,0.002162753492252385,6.0
1699317060000.0,446429,1699317060000.0,0.0,-0.01679146,1756.0461537092845,1756.3669224420046,371.0,0.2263,388.0,0.22617327646206156,long_ientry_partial,87.75523126727988,0.04997319181042884,19.0
1699344720000.0,446890,1699344720000.0,0.123360484001789,-0.002530672,1756.1669835212863,1756.9408517700047,-55.4,0.2284,332.6,0.22617327646206156,long_nclose,75.22523175128168,0.042834896941546956,461.0
1699364520000.0,447220,1699364520000.0,0.0,-0.017562019999999998,1756.1494215012863,1753.9564597500046,399.5,0.2198,732.1,0.22269544017385834,long_rentry,163.0353317512817,0.09283682228583205,330.0
1699380720000.0,447490,1699380720000.0,0.23037650183180242,-0.00470041,1756.3750975931182,1757.8214393400046,-104.5,0.2249,627.6,0.22269544017385834,long_nclose,139.7636582531135,0.07957506255050033,270.0
1699380840000.0,447492,1699380840000.0,0.19752856042229183,-0.0040302079999999995,1756.5685959455407,1757.916049132005,-89.6,0.2249,538.0,0.22269544017385834,long_nclose,119.81014681353578,0.06820692746646957,2.0
1699381020000.0,447495,1699381020000.0,0.1693101946476787,-0.0034544639999999995,1756.7344516761884,1757.751194668005,-76.8,0.2249,461.2,0.22269544017385834,long_nclose,102.70713700818347,0.058464804916978454,3.0
1699382460000.0,447519,1699382460000.0,0.14506003656012056,-0.0029596839999999998,1756.8765520287486,1757.629614984005,-65.8,0.2249,395.4,0.22269544017385834,long_nclose,88.05377704474358,0.05011950153416511,24.0
1699382640000.0,447522,1699382640000.0,0.12433717419438906,-0.002536872,1756.998352330943,1757.779598112005,-56.4,0.2249,339.0,0.22269544017385834,long_nclose,75.49375421893798,0.04296745874507127,3.0
1699385100000.0,447563,1699385100000.0,0.10670069558525586,-0.0021770319999999998,1757.1028759945282,1757.743521080005,-48.4,0.2249,290.6,0.22269544017385834,long_nclose,64.71529491452324,0.03683068066113892,41.0
1699385160000.0,447564,1699385160000.0,0.09148923278487847,-0.00186667,1757.192498557313,1757.642014410005,-41.5,0.2249,249.1,0.22269544017385834,long_nclose,55.47343414730811,0.03156935520317371,1.0
1699385280000.0,447566,1699385280000.0,0.07826187382802857,-0.0015967899999999998,1757.2691636411412,1757.8041376200051,-35.5,0.2249,213.6,0.22269544017385834,long_nclose,47.56774602113614,0.027069129195082225,2.0
1699385640000.0,447572,1699385640000.0,0.06723907469732032,-0.00137189,1757.3350308258384,1757.793615730005,-30.5,0.2249,183.1,0.22269544017385834,long_nclose,40.77553509583346,0.02320305142763329,6.0
1699386600000.0,447588,1699386600000.0,0.05753901146229706,-0.001173978,1757.3913958593007,1757.753211752005,-26.1,0.2249,157.0,0.22269544017385834,long_nclose,34.96318410729576,0.019894933018151047,16.0
1699386900000.0,447593,1699386900000.0,0.04938214010557296,-0.0010075519999999999,1757.4397704474063,1757.736504200005,-22.4,0.2249,134.6,0.22269544017385834,long_nclose,29.974806247401332,0.017055950793562837,5.0
1699387020000.0,447595,1699387020000.0,0.04232754866191968,-0.0008636159999999999,1757.4812343800681,1757.793340584005,-19.2,0.2249,115.4,0.22269544017385834,long_nclose,25.699053796063254,0.01462266184886367,2.0
1699389000000.0,447628,1699389000000.0,0.03615478114872306,-0.0007376719999999999,1757.5166514892169,1757.7547029120049,-16.4,0.2249,99.0,0.22269544017385834,long_nclose,22.046848577211975,0.01254431846123948,33.0
1699389900000.0,447643,1699389900000.0,0.07102523713133753,-0.0007491,1757.5869276263484,1757.9090538120051,-16.5,0.227,82.5,0.22269544017385834,long_nclose,18.372373814343312,0.010453180736360802,15.0
1699390260000.0,447649,1699390260000.0,0.05897246961814086,-0.0006219800000000001,1757.6452781159664,1757.948311832005,-13.7,0.227,68.8,0.22269544017385834,long_nclose,15.321446283961453,0.008717029809555561,6.0
1699390620000.0,447655,1699390620000.0,0.04907198201801502,-0.00051756,1757.6938325379845,1757.963874272005,-11.4,0.227,57.4,0.22269544017385834,long_nclose,12.782718265979469,0.007272437343380864,6.0
1699390800000.0,447658,1699390800000.0,0.04089331834834585,-0.00043129999999999997,1757.7342945563328,1757.930902972005,-9.5,0.227,47.9,0.22269544017385834,long_nclose,10.667111584327815,0.006068671253308103,3.0
1699390860000.0,447659,1699390860000.0,0.03400602262651918,-0.00035866000000000007,1757.7679419189592,1757.9441243120048,-7.9,0.227,40.0,0.22269544017385834,long_nclose,8.907817606954334,0.005067686919599666,1.0
1699396020000.0,447745,1699396020000.0,0.012565991009007405,-0.000256386,1757.7802515239682,1757.866157926005,-5.7,0.2249,34.3,0.22269544017385834,long_nclose,7.63845359796334,0.004345511102050965,86.0
1699396320000.0,447750,1699396320000.0,0.010802343148094085,-0.000220402,1757.7908334651163,1757.861527524005,-4.9,0.2249,29.4,0.22269544017385834,long_nclose,6.547245941111435,0.0037247013788352236,5.0
1699397340000.0,447767,1699397340000.0,0.00925915126979493,-0.000188916,1757.799903700386,1757.8604986080047,-4.2,0.2249,25.2,0.22269544017385834,long_nclose,5.61192509238123,0.0031925847080588833,17.0
1699398480000.0,447786,1699398480000.0,0.00793641537410994,-0.000161928,1757.8076781877603,1757.857456680005,-3.6,0.2249,21.6,0.22269544017385834,long_nclose,4.81022150775534,0.0027364890752522566,19.0
1699398780000.0,447791,1699398780000.0,0.00661367947842495,-0.00013494,1757.8141569272389,1757.855161740005,-3.0,0.2249,18.6,0.22269544017385834,long_nclose,4.142135187233765,0.0023564124631209353,5.0
1699399080000.0,447796,1699399080000.0,0.00573185554796829,-0.00011694800000000002,1757.819771834787,1757.8582447920053,-2.6,0.2249,16.0,0.22269544017385834,long_nclose,3.5631270427817334,0.002027014998848598,5.0
1699399560000.0,447804,1699399560000.0,0.00485003161751163,-9.8956e-05,1757.8245229104043,1757.856325836005,-2.2,0.2249,13.8,0.22269544017385834,long_nclose,3.0731970743992454,0.0017482957111731483,8.0
1699400400000.0,447818,1699400400000.0,0.004188663669669135,-8.5462e-05,1757.828626112074,1757.8584303740051,-1.9,0.2249,11.9,0.22269544017385834,long_nclose,2.650075738068914,0.0015075848115696535,14.0
1699401300000.0,447833,1699401300000.0,0.003747751704440805,-7.6466e-05,1757.8322973977783,1757.855803908005,-1.7,0.2249,10.2,0.22269544017385834,long_nclose,2.2714934897733547,0.0012922128539428813,15.0
1699401600000.0,447838,1699401600000.0,0.00308638375659831,-6.297199999999999e-05,1757.835320809535,1757.853840936005,-1.4,0.2249,8.8,0.22269544017385834,long_nclose,1.9597198735299535,0.0011148483878611819,5.0
1699401900000.0,447843,1699401900000.0,0.00264547179136998,-5.397599999999999e-05,1757.8379123053264,1757.8569469600052,-1.2,0.2249,7.6,0.22269544017385834,long_nclose,1.6924853453213233,0.00096282218825381,5.0
1699402020000.0,447845,1699402020000.0,0.00220455982614165,-4.498e-05,1757.8400718851526,1757.8552819800052,-1.0,0.2249,6.6,0.22269544017385834,long_nclose,1.469789905147465,0.00083613403099363,2.0
1699403460000.0,447869,1699403460000.0,0.0,-0.017282224,1757.8227896611527,1757.7487597560053,386.8,0.2234,393.4,0.22338817972838707,long_ientry_partial,87.88090990514746,0.0499941805408541,24.0
1699406100000.0,447913,1699406100000.0,0.12430429926464666,-0.0025357440000000004,1757.9445582164174,1758.8252640120052,-56.2,0.2256,337.2,0.22338817972838707,long_nclose,75.32649420441211,0.042849186484491396,44.0
1699406280000.0,447916,1699406280000.0,0.10638855506458193,-0.002170272,1758.0487764994818,1758.717123740005,-48.1,0.2256,289.1,0.22338817972838707,long_nclose,64.58152275947671,0.03673477301811128,3.0
1699413360000.0,448034,1699413360000.0,0.091348177217614,-0.0018634559999999999,1758.1382612206996,1758.7606902840052,-41.3,0.2256,247.8,0.22338817972838707,long_nclose,55.35559093669432,0.031485345696452886,118.0
1699420860000.0,448159,1699420860000.0,0.0,-0.006478080000000001,1758.1317831406996,1758.2049122040053,144.6,0.224,392.4,0.22361363643398147,long_ientry_partial,87.74599093669433,0.049908654048643745,125.0
1699428540000.0,448287,1699428540000.0,0.12243635969703792,-0.0025289600000000002,1758.2516905403966,1759.054463244005,-56.0,0.2258,336.4,0.22361363643398147,long_nclose,75.22362729639136,0.042783196342766755,128.0
1699428780000.0,448291,1699428780000.0,0.10494545116888965,-0.00216768,1758.3544683115656,1759.0715355640054,-48.0,0.2258,288.4,0.22361363643398147,long_nclose,64.49017274756025,0.036676434649428796,4.0
1699429020000.0,448295,1699429020000.0,0.09007817891996361,-0.001860592,1758.4426858984857,1759.0325949720054,-41.2,0.2258,247.2,0.22361363643398147,long_nclose,55.27729092648022,0.03143536685600645,4.0
1699430340000.0,448317,1699430340000.0,0.07717863388045426,-0.0015941479999999999,1758.5182703843661,1759.0027508240055,-35.3,0.2258,211.9,0.22361363643398147,long_nclose,47.38372956036067,0.026945258606840532,22.0
1699431420000.0,448335,1699431420000.0,0.06602817969375974,-0.0013638320000000002,1758.58293473206,1758.9801969920056,-30.2,0.2258,181.7,0.22361363643398147,long_nclose,40.63059774005443,0.02310416923626349,18.0
1699432980000.0,448361,1699432980000.0,0.05662681635988004,-0.001169644,1758.63839190442,1758.9946073480055,-25.9,0.2258,155.8,0.22361363643398147,long_nclose,34.83900455641432,0.019810214946284294,26.0
1699433700000.0,448373,1699433700000.0,0.04853727116561146,-0.001002552,1758.6859266235854,1759.0181047960054,-22.2,0.2258,133.6,0.22361363643398147,long_nclose,29.874781827579923,0.016986990897763676,12.0
1699435380000.0,448401,1699435380000.0,0.04154090775435215,-0.0008580400000000001,1758.7266094913398,1759.0115467560056,-19.0,0.2258,114.6,0.22361363643398147,long_nclose,25.626122735334274,0.014570839263497514,28.0
1699438200000.0,448448,1699438200000.0,0.08186954411095383,-0.0008705780000000001,1758.8076084574507,1759.2265061780054,-19.1,0.2279,95.5,0.22361363643398147,long_nclose,21.35510227944523,0.012141806856393217,47.0
1699439820000.0,448475,1699439820000.0,0.06815318069969455,-0.000724722,1758.8750369161503,1759.2241914560054,-15.9,0.2279,79.6,0.22361363643398147,long_nclose,17.799645460144923,0.010119903396521667,27.0
1699440780000.0,448491,1699440780000.0,0.05657999907144453,-0.000601656,1758.9310152592216,1759.228909800005,-13.2,0.2279,66.4,0.22361363643398147,long_nclose,14.84794545921637,0.008441459801667186,16.0
1699447320000.0,448600,1699447320000.0,0.020551817520574223,-0.0004245040000000001,1758.9511425727421,1759.0871652960052,-9.4,0.2258,57.0,0.22361363643398147,long_nclose,12.745977276736944,0.007246350946447524,109.0
1699448100000.0,448613,1699448100000.0,0.017709544884750128,-0.000365796,1758.9684863216269,1759.0949595000052,-8.1,0.2258,48.9,0.22361363643398147,long_nclose,10.934706821621694,0.006216545041400069,13.0
1699448520000.0,448620,1699448520000.0,0.015085908605527887,-0.00031160400000000005,1758.9832606262323,1759.079287896005,-6.9,0.2258,42.0,0.22361363643398147,long_nclose,9.391772730227222,0.0053393189920884,7.0
1699448640000.0,448622,1699448640000.0,0.013118181396111206,-0.00027096,1758.9961078476283,1759.074816936005,-6.0,0.2258,36.0,0.22361363643398147,long_nclose,8.050090911623332,0.004576525710152774,2.0
1699448700000.0,448623,1699448700000.0,0.011150454186694525,-0.00023031599999999997,1759.007027985815,1759.077676620005,-5.1,0.2258,30.9,0.22361363643398147,long_nclose,6.909661365810027,0.003928160181214323,1.0
1699449420000.0,448635,1699449420000.0,0.0,-0.016198196,1758.990829789815,1758.958618424005,359.8,0.2251,390.7,0.2249824452669824,long_ientry_partial,87.90064136581003,0.049972199898457366,12.0
1699466040000.0,448912,1699466040000.0,0.12373955410238216,-0.002535552,1759.1120337919176,1759.8212028720052,-55.8,0.2272,334.9,0.2249824452669824,long_nclose,75.34662091991241,0.04283219003254515,277.0
1699466160000.0,448914,1699466160000.0,0.10599911623824135,-0.0021720320000000004,1759.2158608761558,1759.8812308400052,-47.8,0.2272,287.1,0.2249824452669824,long_nclose,64.59246003615065,0.03671661987175421,2.0
1699466640000.0,448922,1699466640000.0,0.09091974405372166,-0.0018630400000000003,1759.3049175802096,1759.9244878000052,-41.0,0.2272,246.1,0.2249824452669824,long_nclose,55.36817978020437,0.03147162224519846,8.0
1699468020000.0,448945,1699468020000.0,0.07783617112891782,-0.0015949440000000003,1759.3811588073384,1759.8912628560051,-35.1,0.2272,211.0,0.2249824452669824,long_nclose,47.47129595133329,0.026981814437249892,23.0
1699476240000.0,449082,1699476240000.0,0.06674839746382981,-0.0013677440000000002,1759.4465394608023,1759.8296051120053,-30.1,0.2272,180.9,0.2249824452669824,long_nclose,40.69932434879712,0.023131890305271668,137.0
1699476300000.0,449083,1699476300000.0,0.05721291211185412,-0.0011723520000000002,1759.5025800209144,1759.8620327600054,-25.8,0.2272,155.1,0.2249824452669824,long_nclose,34.894777260908974,0.019832183059654392,1.0
1699478100000.0,449113,1699478100000.0,0.049007959599689,-0.0010042240000000002,1759.550583756514,1759.8322185360053,-22.1,0.2272,133.0,0.2249824452669824,long_nclose,29.922665220508662,0.01700585677771532,30.0
1699479060000.0,449129,1699479060000.0,0.0,-0.011591952,1759.5389918045141,1759.6734065840055,256.8,0.2257,389.8,0.2254551698832957,long_ientry_partial,87.88242522050867,0.049946278900236195,16.0
1699482060000.0,449179,1699482060000.0,0.11925255448875904,-0.002530912,1759.6557134470029,1760.2388356720055,-55.6,0.2276,334.2,0.2254551698832957,long_nclose,75.34711777499741,0.04281923855854699,50.0
1699483140000.0,449197,1699483140000.0,0.10230839656679508,-0.002171304,1759.7558505395696,1760.3989943680053,-47.7,0.2276,286.5,0.2254551698832957,long_nclose,64.59290617156422,0.03670560671911333,18.0
1699488300000.0,449283,1699488300000.0,0.0,-0.004653539999999999,1759.7511969995696,1759.8396908280054,103.0,0.2259,389.5,0.2255728014674306,long_ientry_partial,87.86060617156423,0.04992785702965811,86.0
1699491060000.0,449329,1699491060000.0,0.12383223841085815,-0.002533136,1759.8724961019805,1760.5493776920055,-55.6,0.2278,333.9,0.2255728014674306,long_nclose,75.31875840997508,0.042797849603765,46.0
1699491180000.0,449331,1699491180000.0,0.10623737000355996,-0.0021732120000000003,1759.9765602599841,1760.6712244800055,-47.7,0.2278,286.2,0.2255728014674306,long_nclose,64.55893577997864,0.03668170203951011,2.0
1699491900000.0,449343,1699491900000.0,0.09086970012883115,-0.0018588480000000002,1760.065571112113,1760.6366656320056,-40.8,0.2278,245.4,0.2255728014674306,long_nclose,55.35556548010747,0.03145085409808372,12.0
1699492260000.0,449349,1699492260000.0,0.07795194863992869,-0.0015946,1760.141928460753,1760.6946910320055,-35.0,0.2278,210.4,0.2255728014674306,long_nclose,47.4605174287474,0.02696402867367162,6.0
1699494000000.0,449378,1699494000000.0,0.15145194863992836,-0.0016093000000000001,1760.291771109393,1761.0683017320057,-35.0,0.2299,175.4,0.2255728014674306,long_nclose,39.56546937738733,0.02247665416992314,29.0
1699494840000.0,449392,1699494840000.0,0.12635419715102594,-0.001342616,1760.4167826905439,1761.0640391160055,-29.2,0.2299,146.2,0.2255728014674306,long_nclose,32.978743574538356,0.018733486239625077,14.0
1699495560000.0,449404,1699495560000.0,0.10515092434143598,-0.0011173140000000001,1760.5208163008851,1761.0483018020054,-24.3,0.2299,121.9,0.2255728014674306,long_nclose,27.49732449887979,0.015618857922200398,12.0
1699495620000.0,449405,1699495620000.0,0.08784213021115846,-0.000933394,1760.6077250370963,1761.0676884080053,-20.3,0.2299,101.6,0.2255728014674306,long_nclose,22.91819662909095,0.013017207810222496,1.0
1699496520000.0,449420,1699496520000.0,0.13250213021115861,-0.0009423260000000002,1760.7392848413074,1761.2699460820052,-20.3,0.2321,81.3,0.2255728014674306,long_nclose,18.33906875930211,0.010415550398169812,15.0
1699496580000.0,449421,1699496580000.0,0.1057406162276241,-0.000752004,1760.844273453535,1761.288724078005,-16.2,0.2321,65.1,0.2255728014674306,long_nclose,14.684789375529732,0.008339629799703143,1.0
1699497060000.0,449429,1699497060000.0,0.08485358092340206,-0.00060346,1760.9285235744583,1761.284220618005,-13.0,0.2321,52.1,0.2255728014674306,long_nclose,11.752342956453136,0.006673946613459013,8.0
1699499460000.0,449469,1699499460000.0,0.03721390738009668,-0.000395428,1760.9653420538384,1761.153575190005,-8.6,0.2299,43.5,0.2255728014674306,long_nclose,9.812416863833231,0.005572180570225688,40.0
1699499520000.0,449470,1699499520000.0,0.03115582943449955,-0.00033105600000000004,1760.9961668272729,1761.1568741340052,-7.2,0.2299,36.3,0.2255728014674306,long_nclose,8.18829269326773,0.004649807221341259,1.0
1699501260000.0,449499,1699501260000.0,0.046995829434499606,-0.000334224,1761.0428284327074,1761.2356799100053,-7.2,0.2321,29.1,0.2255728014674306,long_nclose,6.564168522702231,0.003727432642023936,29.0
1699501680000.0,449506,1699501680000.0,0.037857751488902455,-0.000269236,1761.0804169481964,1761.2348306740053,-5.8,0.2321,23.3,0.2255728014674306,long_nclose,5.255846274191134,0.002984444221632463,7.0
1699502400000.0,449518,1699502400000.0,0.03002511324981919,-0.00021353199999999997,1761.1102285294462,1761.2360271420052,-4.6,0.2321,18.7,0.2255728014674306,long_nclose,4.218211387440952,0.0023952000954325404,12.0
1699502820000.0,449525,1699502820000.0,0.024150634570506743,-0.000171754,1761.1342074100169,1761.2336153880053,-3.7,0.2321,15.0,0.2255728014674306,long_nclose,3.383592022011459,0.0019212573396024618,7.0
1699503600000.0,449538,1699503600000.0,0.019581595597708168,-0.00013926000000000002,1761.1536497456145,1761.2343761280054,-3.0,0.2321,12.0,0.2255728014674306,long_nclose,2.7068736176091672,0.0015369889038359345,13.0
1699503900000.0,449543,1699503900000.0,0.015665276478166533,-0.000111408,1761.1692036140926,1761.2337847200051,-2.4,0.2321,9.6,0.2255728014674306,long_nclose,2.165498894087334,0.001229580263863073,5.0
1699504260000.0,449549,1699504260000.0,0.012401677211881838,-8.8198e-05,1761.1815170933046,1761.2325465220054,-1.9,0.2321,7.7,0.2255728014674306,long_nclose,1.7369105712992157,0.0009862189413422041,6.0
1699504500000.0,449553,1699504500000.0,0.009790797798854084,-6.963000000000001e-05,1761.1912382611033,1761.2335668920052,-1.5,0.2321,6.2,0.2255728014674306,long_nclose,1.3985513690980698,0.0007940939852045353,4.0
1699507980000.0,449611,1699507980000.0,0.007832638239083266,-5.5704e-05,1761.1990151953423,1761.2321511880052,-1.2,0.2321,5.0,0.2255728014674306,long_nclose,1.127864007337153,0.0006403955473550254,58.0
1699508340000.0,449617,1699508340000.0,0.006527198532569389,-4.642e-05,1761.2054959738748,1761.2316047680051,-1.0,0.2321,4.0,0.2255728014674306,long_nclose,0.9022912058697224,0.0005123145526926671,6.0
1699508400000.0,449618,1699508400000.0,0.005221758826055512,-3.7136000000000005e-05,1761.210680596701,1761.2322076320052,-0.8,0.2321,3.2,0.2255728014674306,long_nclose,0.721832964695778,0.00040985043563965886,1.0
1699511640000.0,449672,1699511640000.0,0.006981758826055518,-3.7488000000000004e-05,1761.2176248675269,1761.239050144005,-0.8,0.2343,2.4,0.2255728014674306,long_nclose,0.5413747235218335,0.0003073866147362419,54.0
1699515780000.0,449741,1699515780000.0,0.002610879413027756,-1.8568000000000002e-05,1761.2202171789397,1761.234071576005,-0.4,0.2321,2.0,0.2255728014674306,long_nclose,0.4511456029348612,0.0002561551352490663,69.0
1699516680000.0,449756,1699516680000.0,0.002610879413027756,-1.8568000000000002e-05,1761.2228094903526,1761.2338930080048,-0.4,0.2321,1.6,0.2255728014674306,long_nclose,0.360916482347889,0.00020492380657523274,15.0
1699518600000.0,449788,1699518600000.0,0.003490879413027759,-1.8744000000000002e-05,1761.2262816257655,1761.2366342640046,-0.4,0.2343,1.2,0.2255728014674306,long_nclose,0.27068736176091673,0.0001536925519366249,32.0
1699518660000.0,449789,1699518660000.0,0.002618159559770819,-1.4058000000000002e-05,1761.2288857273252,1761.2368302060045,-0.3,0.2343,0.9,0.2255728014674306,long_nclose,0.20301552132068756,0.00011526924351848189,1.0
1699518780000.0,449791,1699518780000.0,0.0017454397065138794,-9.372000000000001e-06,1761.2306217950318,1761.2370108340046,-0.2,0.2343,0.7,0.2255728014674306,long_nclose,0.15790096102720141,8.965376769696977e-05,2.0
1699519260000.0,449799,1699519260000.0,0.0008727198532569397,-4.6860000000000005e-06,1761.231489828885,1761.2368461480046,-0.1,0.2343,0.6,0.2255728014674306,long_nclose,0.13534368088045837,7.684604872333272e-05,8.0
1699520880000.0,449826,1699520880000.0,0.0008727198532569397,-4.6860000000000005e-06,1761.2323578627384,1761.2368214620046,-0.1,0.2343,0.5,0.2255728014674306,long_nclose,0.1127864007337153,6.403834237441674e-05,27.0
1699521420000.0,449835,1699521420000.0,0.0008727198532569397,-4.6860000000000005e-06,1761.2332258965916,1761.2366367760046,-0.1,0.2343,0.4,0.2255728014674306,long_nclose,0.09022912058697224,5.1230648650203194e-05,9.0
1699522380000.0,449851,1699522380000.0,0.0008727198532569397,-4.6860000000000005e-06,1761.234093930445,1761.2365920900047,-0.1,0.2343,0.3,0.2255728014674306,long_nclose,0.06767184044022918,3.8422967550673416e-05,16.0
1699522980000.0,449861,1699522980000.0,0.0008727198532569397,-4.6860000000000005e-06,1761.2349619642982,1761.2367274040048,-0.1,0.2343,0.2,0.2255728014674306,long_nclose,0.04511456029348612,2.5615299075808736e-05,10.0
1699523880000.0,449876,1699523880000.0,0.0008727198532569397,-4.6860000000000005e-06,1761.2358299981515,1761.2366827180049,-0.1,0.2343,0.1,0.2255728014674306,long_nclose,0.02255728014674306,1.2807643225590485e-05,15.0
1699524060000.0,449879,1699524060000.0,0.0008727198532569397,-4.6860000000000005e-06,1761.2366980320048,1761.2366980320048,-0.1,0.2343,0.0,0.2255728014674306,long_nclose,0.0,0.0,3.0
1699527840000.0,449942,1699527840000.0,0.0,-0.017613834000000002,1761.2190841980048,1761.1810741980048,380.1,0.2317,380.1,0.2317,long_ientry_normal,88.06917,0.050004664831407676,63.0
1699539060000.0,450129,1699539060000.0,0.1194600000000004,-0.0025401539999999998,1761.3360040440048,1761.9876040440047,-54.3,0.2339,325.8,0.2317,long_nclose,75.48786,0.04285829610402606,187.0
1699539120000.0,450130,1699539120000.0,0.10230000000000035,-0.00217527,1761.4361287740048,1762.0785187740048,-46.5,0.2339,279.3,0.2317,long_nclose,64.71381,0.03673923166606224,1.0
1699539240000.0,450132,1699539240000.0,0.0877800000000003,-0.0018665219999999998,1761.522042252005,1762.096602252005,-39.9,0.2339,239.4,0.2317,long_nclose,55.46898,0.031489234122262864,2.0
1699539420000.0,450135,1699539420000.0,0.07524000000000027,-0.001599876,1761.5956823760048,1761.9855623760047,-34.2,0.2339,205.2,0.2317,long_nclose,47.54483999999999,0.02698964380741015,3.0
1699539540000.0,450137,1699539540000.0,0.06446000000000023,-0.001370654,1761.6587717220048,1762.2040617220048,-29.3,0.2339,175.9,0.2317,long_nclose,40.75603,0.0231350308324247,2.0
1699540380000.0,450151,1699540380000.0,0.13185000000000013,-0.001384132,1761.7892375900046,1762.4635975900046,-29.3,0.2362,146.6,0.2317,long_nclose,33.96722,0.019279956577816653,14.0
1699540740000.0,450157,1699540740000.0,0.10980000000000009,-0.001152656,1761.8978849340047,1762.4477849340046,-24.4,0.2362,122.2,0.2317,long_nclose,28.31374,0.016070023264180573,6.0
1699540800000.0,450158,1699540800000.0,0.09135000000000008,-0.000958972,1761.9882759620045,1762.4468259620046,-20.3,0.2362,101.9,0.2317,long_nclose,23.61023,0.013399765663655944,1.0
1699541100000.0,450163,1699541100000.0,0.07605000000000006,-0.000798356,1762.0635276060045,1762.4290276060046,-16.9,0.2362,85.0,0.2317,long_nclose,19.694499999999998,0.011176952301349527,5.0
1699541460000.0,450169,1699541460000.0,0.06345000000000005,-0.000666084,1762.1263115220047,1762.4453615220048,-14.1,0.2362,70.9,0.2317,long_nclose,16.42753,0.009322560983617015,6.0
1699541520000.0,450170,1699541520000.0,0.05310000000000005,-0.0005574320000000001,1762.1788540900047,1762.5452740900048,-11.8,0.2362,59.1,0.2317,long_nclose,13.69347,0.0077707605946000045,1.0
1699541520000.0,450170,1699541520000.0,0.07906000000000014,-0.0005626240000000001,1762.2573514660048,1762.5506114660047,-11.8,0.2384,47.3,0.2317,long_nclose,10.959409999999998,0.006218961147123586,0.0
1699542060000.0,450179,1699542060000.0,0.0629800000000001,-0.0004481920000000001,1762.3198832740047,1762.5586532740047,-9.4,0.2384,37.9,0.2317,long_nclose,8.781429999999999,0.004982880851168758,9.0
1699542120000.0,450180,1699542120000.0,0.050250000000000086,-0.0003576,1762.3697756740048,1762.5582556740048,-7.5,0.2384,30.4,0.2317,long_nclose,7.043679999999999,0.0039967094858433996,1.0
1699543680000.0,450206,1699543680000.0,0.0,-0.016214448000000003,1762.3535612260048,1762.3596412260047,349.6,0.2319,380.0,0.231884,long_ientry_partial,88.11592,0.04999900243552774,26.0
1699543680000.0,450206,1699543680000.0,0.008668799999999957,-0.00020115400000000002,1762.3620288720047,1762.3680400720048,-4.3,0.2339,375.7,0.231884,long_nclose,87.1188188,0.049432986737554814,0.0
1699543860000.0,450209,1699543860000.0,0.11877759999999978,-0.002509552,1762.4782969200046,1763.2242805200046,-53.6,0.2341,322.1,0.231884,long_nclose,74.6898364,0.04237773397296479,3.0
1699544700000.0,450223,1699544700000.0,0.2420575999999996,-0.002534208,1762.7178203120045,1763.9303663120045,-53.6,0.2364,268.5,0.231884,long_nclose,62.260854,0.03532094206035752,14.0
1699545600000.0,450238,1699545600000.0,0.08487279999999983,-0.001793206,1762.8008999060046,1763.3340431060046,-38.3,0.2341,230.2,0.231884,long_nclose,53.3796968,0.030281183089279278,15.0
1699545900000.0,450243,1699545900000.0,0.07268479999999986,-0.001535696,1762.8720490100045,1763.2502674100044,-32.8,0.2341,197.4,0.231884,long_nclose,45.7739016,0.025965526894425352,5.0
1699546020000.0,450245,1699546020000.0,0.0,-0.008461367999999999,1762.8635876420044,1762.7741260420044,182.2,0.2322,379.6,0.23203567334035827,long_ientry_partial,88.08074160000001,0.04996458161451747,2.0
1699546260000.0,450249,1699546260000.0,0.0,-0.01762959,1762.8459580520043,1759.9027164520044,390.9,0.2255,770.5,0.22871991122647634,long_rentry,176.22869160000002,0.09996828752680002,4.0
1699546320000.0,450250,1699546320000.0,0.0,-0.017628664,1762.8283293880042,1739.6276677880041,397.4,0.2218,1167.9,0.2263652809315866,long_rentry,264.3720116,0.14997036704747152,1.0
1699546320000.0,450250,1699546320000.0,0.0,-0.025345488,1762.8029839000042,1732.314482300004,578.4,0.2191,1746.3,0.22395891404684187,long_rentry,391.09945159999995,0.22186225867098106,0.0
1699546320000.0,450250,1699546320000.0,0.0,-0.037398276,1762.7655856240042,1723.8875540240042,864.9,0.2162,2611.2,0.2213889520526961,long_rentry,578.0908316,0.3279453810050193,0.0
1699546320000.0,450250,1699546320000.0,0.0,-0.055038592,1762.7105470320041,1715.6853554320041,1293.2,0.2128,3904.4,0.21854415316053682,long_rentry,853.2837916,0.48407482047278383,0.0
1699546320000.0,450250,1699546320000.0,0.0,-0.080751312,1762.629795720004,1711.1570941200039,1933.7,0.2088,5838.1,0.21531668720987995,long_rentry,1257.0403516000001,0.7131618645346459,0.0
1699546380000.0,450251,1699546380000.0,0.0,-0.10111740800000002,1762.528678312004,1770.9950967120037,2480.8,0.2038,8318.9,0.21188226707858016,long_rentry,1762.6273916000005,1.0000560066279833,1.0
1699546440000.0,450252,1699546440000.0,2.3978738038153518,-0.05083975200000001,1764.8757123638195,1799.2285569600037,-1188.4,0.2139,7130.5,0.21188226707858016,long_nclose,1510.8265054038159,0.8560526357860418,1.0
1699546440000.0,450252,1699546440000.0,4.893513803815341,-0.05133888000000001,1769.7178872876348,1798.3453380800036,-1188.4,0.216,5942.1,0.21188226707858016,long_nclose,1259.0256192076313,0.7114273005045352,0.0
1699546500000.0,450253,1699546500000.0,7.270313803815343,-0.05181424000000001,1776.93638685145,1801.7399238400035,-1188.4,0.218,4753.7,0.21188226707858016,long_nclose,1007.2247330114465,0.5668321840131519,1.0
1699546620000.0,450255,1699546620000.0,5.816128688393846,-0.041450520000000005,1782.7110650198438,1803.3147033200034,-950.7,0.218,3803.0,0.21188226707858016,long_nclose,805.7882616998403,0.4520016044724953,2.0
1699546680000.0,450256,1699546680000.0,4.653147660031934,-0.03316216,1787.3310505198756,1810.8114811600033,-760.6,0.218,3042.4,0.21188226707858016,long_nclose,644.6306093598723,0.3606665979267638,1.0
1699546680000.0,450256,1699546680000.0,6.174347660031935,-0.0334664,1793.4719317799077,1811.0822547600035,-760.6,0.22,2281.8,0.21188226707858016,long_nclose,483.47295701990424,0.26957375158923613,0.0
1699546800000.0,450258,1699546800000.0,2.7915215320438747,-0.01989468,1796.2435586319514,1805.2208800800033,-456.3,0.218,1825.5,0.21188226707858016,long_nclose,386.7910785519481,0.21533331417847063,2.0
1699546860000.0,450259,1699546860000.0,2.233584289610385,-0.015918360000000003,1798.461224561562,1808.4178417200035,-365.1,0.218,1460.4,0.21188226707858016,long_nclose,309.43286284155846,0.172054230925659,1.0
1699547040000.0,450262,1699547040000.0,1.7863780130545943,-0.0127312,1800.2348713746167,1807.8501905200037,-292.0,0.218,1168.4,0.21188226707858016,long_nclose,247.56324085461307,0.13751719000175774,3.0
1699547160000.0,450264,1699547160000.0,1.4291024104436756,-0.01018496,1801.6537888250602,1806.6248055600036,-233.6,0.218,934.8,0.21188226707858016,long_nclose,198.0675432650567,0.10993651748942593,2.0
1699547280000.0,450266,1699547280000.0,1.1434042830133688,-0.008148840000000001,1802.7890442680734,1807.9628167200033,-186.9,0.218,747.9,0.21188226707858016,long_nclose,158.4667475480701,0.08790088227566696,2.0
1699547820000.0,450275,1699547820000.0,0.2154938760076401,-0.004568904,1802.999969240081,1805.5757378160033,-106.8,0.2139,641.1,0.21188226707858016,long_nclose,135.83772142407776,0.0753398356858153,9.0
1699547820000.0,450275,1699547820000.0,0.4397738760076391,-0.00461376,1803.4351293560887,1805.5818040560034,-106.8,0.216,534.3,0.21188226707858016,long_nclose,113.20869530008537,0.06277392153301693,0.0
1699547880000.0,450276,1699547880000.0,0.3664782300063659,-0.0038448,1803.797762786095,1805.8540392560033,-89.0,0.216,445.3,0.21188226707858016,long_nclose,94.35117353009174,0.052306957840084906,1.0
1699548120000.0,450280,1699548120000.0,0.3055357827693523,-0.0032054400000000004,1804.1000931288643,1805.6281838160032,-74.2,0.216,371.1,0.21188226707858016,long_nclose,78.6295093128611,0.043583784299070324,4.0
1699548180000.0,450281,1699548180000.0,0.25447589454374625,-0.0026697599999999998,1804.351899263408,1805.8420240560033,-61.8,0.216,309.3,0.21188226707858016,long_nclose,65.53518520740485,0.036320623063693026,1.0
1699548240000.0,450282,1699548240000.0,0.0,-0.004637380000000001,1804.347261883408,1805.8790166760032,107.0,0.2167,416.3,0.21312055058228405,long_ientry_partial,88.72208520740485,0.04917129151447003,1.0
1699548300000.0,450283,1699548300000.0,0.28270584464771586,-0.003010392,1804.6269573360557,1806.2854262840033,-69.3,0.2172,347.0,0.21312055058228405,long_nclose,73.95283105205256,0.040979566858083426,1.0
1699548540000.0,450287,1699548540000.0,0.4288537895894869,-0.0030438840000000006,1805.0527672416454,1806.5183424000033,-69.4,0.2193,277.6,0.21312055058228405,long_nclose,59.162264841642056,0.032775919859700096,4.0
1699548660000.0,450289,1699548660000.0,0.0,-0.0059230080000000004,1805.0468442336453,1806.4297793920032,135.6,0.2184,413.2,0.21485310949090528,long_ientry_partial,88.77730484164206,0.04918282598883662,2.0
1699549380000.0,450301,1699549380000.0,0.2853060670257171,-0.00301344,1805.329136860671,1806.7917659520033,-68.8,0.219,344.4,0.21485310949090528,long_nclose,73.99541090866778,0.04098721357665568,12.0
1699549500000.0,450303,1699549500000.0,0.23803151522203722,-0.00251412,1805.5646542558932,1806.6113118320034,-57.4,0.219,287.0,0.21485310949090528,long_nclose,61.66284242388981,0.03415155601243325,2.0
1699549560000.0,450304,1699549560000.0,0.0,-0.00551494,1805.5591393158932,1806.3991968920034,126.2,0.2185,413.2,0.21596694681483497,long_ientry_partial,89.2375424238898,0.049423771551288506,1.0
1699549620000.0,450305,1699549620000.0,0.12585013792473607,-0.00257358,1805.682415873818,1806.6858833120034,-59.0,0.2181,354.2,0.21596694681483497,long_nclose,76.49549256181454,0.042363757817731384,1.0
1699549740000.0,450307,1699549740000.0,0.10793249116934991,-0.002207172,1805.7881411929873,1806.7393361400034,-50.6,0.2181,303.6,0.21596694681483497,long_nclose,65.56756505298391,0.03630966643167063,2.0
1699549800000.0,450308,1699549800000.0,0.0,-0.00475447,1805.7833867229872,1806.8170016700033,108.5,0.2191,412.1,0.2167918346347583,long_ientry_partial,89.3399150529839,0.04947432549765113,1.0
1699550040000.0,450312,1699550040000.0,0.12396012347621319,-0.002574264,1805.9047725824635,1806.7202474060034,-58.8,0.2189,353.3,0.2167918346347583,long_nclose,76.59255517646011,0.04241228903057381,4.0
1699551300000.0,450333,1699551300000.0,0.10625153440818273,-0.0022065120000000003,1806.0088176048716,1806.7079608940032,-50.4,0.2189,302.9,0.2167918346347583,long_nclose,65.66624671086828,0.03635987048942255,21.0
1699551360000.0,450334,1699551360000.0,0.0,-0.004785144,1806.0040324608717,1806.7031757500035,109.2,0.2191,412.1,0.21740346205015354,long_ientry_partial,89.59196671086828,0.04960784422435078,1.0
1699551480000.0,450336,1699551480000.0,0.12327643145097189,-0.00258132,1806.1247275723226,1806.7947744300034,-58.8,0.2195,353.3,0.21740346205015354,long_nclose,76.80864314231926,0.042526765715433464,2.0
1699551540000.0,450337,1699551540000.0,0.10566551267226162,-0.00221256,1806.2281805249947,1806.8329318700032,-50.4,0.2195,302.9,0.21740346205015354,long_nclose,65.8515086549915,0.03645802305877613,1.0
1699551600000.0,450338,1699551600000.0,0.0,-0.004769756000000001,1806.2234107689947,1806.9104821140031,108.7,0.2194,411.6,0.21793073045430392,long_ientry_partial,89.7002886549915,0.04966179051837327,1.0
1699551600000.0,450338,1699551600000.0,0.06779244437407082,-0.00189648,1806.289306733369,1806.9042656340034,-43.2,0.2195,368.4,0.21793073045430392,long_nclose,80.28568109936556,0.04444785273327023,0.0
1699551900000.0,450343,1699551900000.0,0.10884357810361403,-0.0023144000000000003,1806.3958359114727,1807.1124712340036,-52.6,0.22,315.8,0.21793073045430392,long_nclose,68.82252467746918,0.038099359680345286,5.0
1699551960000.0,450344,1699551960000.0,0.0,-0.004157376000000001,1806.3916785354727,1807.1903538580036,94.4,0.2202,410.2,0.21845296118349386,long_ientry_partial,89.60940467746917,0.04960685201457513,1.0
1699552020000.0,450345,1699552020000.0,0.12581647464725926,-0.002585432,1806.51490957812,1807.3049684260036,-58.6,0.2206,351.6,0.21845296118349386,long_nclose,76.80806115211645,0.04251725836575223,1.0
1699552140000.0,450347,1699552140000.0,0.10778134858860776,-0.0022148240000000002,1806.6204761027086,1807.2675936020034,-50.2,0.2206,301.4,0.21845296118349386,long_nclose,65.84172250070505,0.03644468961336064,2.0
1699552200000.0,450348,1699552200000.0,0.0,-0.004769371999999999,1806.6157067307086,1807.2218742300036,108.1,0.2206,409.5,0.2190197374864592,long_ientry_partial,89.68858250070504,0.04964452714905677,1.0
1699552260000.0,450349,1699552260000.0,0.12169535704213637,-0.0025868700000000002,1806.7348152177508,1807.4298873600037,-58.5,0.2211,351.0,0.2190197374864592,long_nclose,76.87592785774717,0.042549646583570126,1.0
1699552560000.0,450354,1699552560000.0,0.10422115192839371,-0.002215422,1806.8368209476791,1807.5229519380036,-50.1,0.2211,300.9,0.2190197374864592,long_nclose,65.90303900967557,0.03647426167411713,5.0
1699552620000.0,450355,1699552620000.0,0.0,-0.004749098,1806.832071849679,1807.5590228400035,107.3,0.2213,408.2,0.21961913035197345,long_ientry_partial,89.64852900967556,0.04961641450049152,1.0
1699561560000.0,450504,1699561560000.0,0.0,-0.018066444,1806.8140054056792,1804.5248063960037,423.3,0.2134,831.5,0.21645309562197906,long_rentry,179.9807490096756,0.09961221712428835,149.0
1699565100000.0,450563,1699565100000.0,0.2548375496710838,-0.005189564000000001,1807.0636533913503,1808.8078068320035,-118.7,0.2186,712.8,0.21645309562197906,long_nclose,154.28776655934666,0.08538037178147649,59.0
1699568160000.0,450614,1699568160000.0,0.21855486568253019,-0.0044506960000000005,1807.2777575610328,1808.7117161360036,-101.8,0.2186,611.0,0.21645309562197906,long_nclose,132.2528414250292,0.07317792789278156,51.0
1699570140000.0,450647,1699570140000.0,0.18721006176342467,-0.0038123840000000003,1807.4611552387962,1808.7952237520035,-87.2,0.2186,523.8,0.21645309562197906,long_nclose,113.37813148679263,0.0627278385254224,33.0
1699571460000.0,450669,1699571460000.0,0.1605884474759652,-0.003270256,1807.6184734302722,1808.6273334960035,-74.8,0.2186,449.0,0.21645309562197906,long_nclose,97.1874399342686,0.05376546066706125,22.0
1699573020000.0,450695,1699573020000.0,0.3101884474759653,-0.0033001759999999997,1807.925361701748,1809.5893933200034,-74.8,0.2206,374.2,0.21645309562197906,long_nclose,80.99674838174457,0.044800935977525456,26.0
1699573260000.0,450699,1699573260000.0,0.25835214275070373,-0.002748676,1808.1809651684987,1809.5679546440035,-62.3,0.2206,311.9,0.21645309562197906,long_nclose,67.51172052449526,0.037336816294935425,4.0
1699574580000.0,450721,1699574580000.0,0.3891821427507049,-0.002774842,1808.5673724692494,1810.1265998020035,-62.3,0.2227,249.6,0.21645309562197906,long_nclose,54.026692667245975,0.029872645879640614,22.0
1699574700000.0,450723,1699574700000.0,0.31172052846324516,-0.002222546,1808.8768704517126,1810.1443472560034,-49.9,0.2227,199.7,0.21645309562197906,long_nclose,43.225683195709216,0.023896420979121095,2.0
1699575300000.0,450733,1699575300000.0,0.4165105284632447,-0.0022435040000000003,1809.291137476176,1810.5265237520034,-49.9,0.2248,149.8,0.21645309562197906,long_nclose,32.424673724172465,0.017921202979749532,10.0
1699575420000.0,450735,1699575420000.0,0.312174223737983,-0.0016815040000000001,1809.6016301959137,1810.5735422480032,-37.4,0.2248,112.4,0.21645309562197906,long_nclose,24.329327947910446,0.013444576718952486,2.0
1699575540000.0,450737,1699575540000.0,0.2345480130223883,-0.001263376,1809.834914832936,1810.546988872003,-28.1,0.2248,84.3,0.21645309562197906,long_nclose,18.246995960932836,0.010082132801939672,2.0
1699576020000.0,450745,1699576020000.0,0.29355801302238804,-0.001275178,1810.1271976679584,1810.7311736940032,-28.1,0.2269,56.2,0.21645309562197906,long_nclose,12.164663973955223,0.006720336554042902,8.0
1699576200000.0,450748,1699576200000.0,0.3497580130223881,-0.0012864180000000001,1810.4756692629808,1810.8254272760032,-28.1,0.2289,28.1,0.21645309562197906,long_nclose,6.082331986977612,0.0033595215280930253,3.0
1699576260000.0,450749,1699576260000.0,0.174256661292293,-0.00064092,1810.649285004273,1810.8290163560032,-14.0,0.2289,14.1,0.21645309562197906,long_nclose,3.0519886482699046,0.0016855769217961512,1.0
1699576380000.0,450751,1699576380000.0,0.0871283306461465,-0.00032046,1810.7360928749192,1810.8251758960032,-7.0,0.2289,7.1,0.21645309562197906,long_nclose,1.5368169789160513,0.0008487249936439029,2.0
1699576800000.0,450758,1699576800000.0,0.04356416532307325,-0.00016023,1810.7794968102423,1810.8243056660033,-3.5,0.2289,3.6,0.21645309562197906,long_nclose,0.7792311442391247,0.00043032911826744794,7.0
1699576860000.0,450759,1699576860000.0,0.022404427880437672,-8.2404e-05,1810.8018188341227,1810.8240432620032,-1.8,0.2289,1.8,0.21645309562197906,long_nclose,0.3896155721195623,0.00021516190676813804,1.0
1699578660000.0,450789,1699578660000.0,0.006268142626812556,-2.7227999999999997e-05,1810.8080597487497,1810.8205960340033,-0.6,0.2269,1.2,0.21645309562197906,long_nclose,0.25974371474637487,0.00014344077681121786,30.0
1699578720000.0,450790,1699578720000.0,0.004178761751208371,-1.8152000000000002e-05,1810.812220358501,1810.8206578820034,-0.4,0.2269,0.8,0.21645309562197906,long_nclose,0.17316247649758326,9.562696482316698e-05,1.0
1699578840000.0,450792,1699578840000.0,0.0020893808756041856,-9.076000000000001e-06,1810.8143006633766,1810.8206888060033,-0.2,0.2269,0.6,0.21645309562197906,long_nclose,0.12987185737318743,7.172014122354234e-05,2.0
1699580460000.0,450819,1699580460000.0,0.0037340713134062786,-1.3734e-05,1810.81802100069,1810.8218450720033,-0.3,0.2289,0.3,0.21645309562197906,long_nclose,0.06493592868659372,3.5859996937024616e-05,27.0
1699584000000.0,450878,1699584000000.0,0.004364071313406284,-1.3860000000000001e-05,1810.8223712120032,1810.8223712120032,-0.3,0.231,0.0,0.21645309562197906,long_nclose,0.0,0.0,59.0
1699604220000.0,451215,1699604220000.0,0.0,-0.01810755,1810.8042636620032,1810.7253636620032,394.5,0.2295,394.5,0.2295,long_ientry_normal,90.53775,0.04999863972978771,337.0
1699604460000.0,451219,1699604460000.0,0.12385999999999886,-0.002608942,1810.925514720003,1811.703374720003,-56.3,0.2317,338.2,0.2295,long_nclose,77.6169,0.04286034923529186,4.0
1699605000000.0,451228,1699605000000.0,0.10625999999999902,-0.0022382219999999998,1811.0295364980032,1811.7832764980033,-48.3,0.2317,289.9,0.2295,long_nclose,66.53205,0.036737142414945564,9.0
1699605300000.0,451233,1699605300000.0,0.09107999999999916,-0.001918476,1811.1186980220032,1811.715098022003,-41.4,0.2317,248.5,0.2295,long_nclose,57.030750000000005,0.031489239254326964,5.0
1699605480000.0,451236,1699605480000.0,0.07809999999999928,-0.0016450699999999998,1811.1951529520031,1811.791552952003,-35.5,0.2317,213.0,0.2295,long_nclose,48.883500000000005,0.026989637157722353,3.0
1699606920000.0,451260,1699606920000.0,0.15619999999999956,-0.00166069,1811.349692262003,1812.1484422620028,-35.5,0.2339,177.5,0.2295,long_nclose,40.73625,0.02248944539755259,24.0
1699607100000.0,451263,1699607100000.0,0.12979999999999964,-0.00138001,1811.4781122520028,1812.158912252003,-29.5,0.2339,148.0,0.2295,long_nclose,33.966,0.018750433565975562,3.0
1699607700000.0,451273,1699607700000.0,0.1082399999999997,-0.001150788,1811.585201464003,1812.2145414640029,-24.6,0.2339,123.4,0.2295,long_nclose,28.320300000000003,0.015632883276543337,10.0
1699609680000.0,451306,1699609680000.0,0.1623599999999999,-0.001161612,1811.746399852003,1812.368839852003,-24.6,0.2361,98.8,0.2295,long_nclose,22.6746,0.01251532775329496,33.0
1699610280000.0,451316,1699610280000.0,0.13001999999999989,-0.0009302339999999999,1811.875489618003,1812.405459618003,-19.7,0.2361,79.1,0.2295,long_nclose,18.15345,0.010019148724081082,10.0
1699610700000.0,451323,1699610700000.0,0.10427999999999993,-0.0007460760000000001,1811.979023542003,1812.403133542003,-15.8,0.2361,63.3,0.2295,long_nclose,14.52735,0.008017394137158589,7.0
1699611060000.0,451329,1699611060000.0,0.08315999999999993,-0.000594972,1812.0615885700029,1812.4063485700028,-12.6,0.2361,50.7,0.2295,long_nclose,11.635650000000002,0.0064212221446525615,6.0
1699611480000.0,451336,1699611480000.0,0.06665999999999994,-0.000476922,1812.1277716480029,1812.407911648003,-10.1,0.2361,40.6,0.2295,long_nclose,9.3177,0.005141855969419975,7.0
1699613100000.0,451363,1699613100000.0,0.05345999999999995,-0.000382482,1812.1808491660029,1812.4115991660028,-8.1,0.2361,32.5,0.2295,long_nclose,7.45875,0.0041158971542120905,27.0
1699613400000.0,451368,1699613400000.0,0.07128000000000001,-0.000386046,1812.2517431200029,1812.454263120003,-8.1,0.2383,24.4,0.2295,long_nclose,5.5998,0.0030899680583886713,5.0
1699615680000.0,451406,1699615680000.0,0.03167999999999997,-0.00022665600000000002,1812.283196464003,1812.4125564640028,-4.8,0.2361,19.6,0.2295,long_nclose,4.498200000000001,0.00248206241098332,38.0
1699615740000.0,451407,1699615740000.0,0.025739999999999978,-0.00018415800000000002,1812.308752306003,1812.418652306003,-3.9,0.2361,15.7,0.2295,long_nclose,3.60315,0.001988154609646568,1.0
1699617960000.0,451444,1699617960000.0,0.020459999999999985,-0.00014638200000000002,1812.329065924003,1812.413485924003,-3.1,0.2361,12.6,0.2295,long_nclose,2.8917,0.0015955711655077868,37.0
1699618380000.0,451451,1699618380000.0,0.0,-0.01753804,1812.311527884003,1812.506427884003,377.0,0.2326,389.6,0.23249974332648868,long_ientry_partial,90.58189999999999,0.04998141798819793,7.0
1699618680000.0,451456,1699618680000.0,0.12789427104722997,-0.002610976,1812.4368111790502,1813.171696908003,-55.6,0.2348,334.0,0.23249974332648868,long_nclose,77.65491427104722,0.04284558434924422,5.0
1699618740000.0,451457,1699618740000.0,0.10972224332649047,-0.002239992,1812.5442934303767,1813.1169669160029,-47.7,0.2348,286.3,0.23249974332648868,long_nclose,66.56467651437372,0.036724441303663286,1.0
1699619280000.0,451466,1699619280000.0,0.09408049794661341,-0.001920664,1812.6364532643233,1813.250016252003,-40.9,0.2348,245.4,0.23249974332648868,long_nclose,57.055437012320326,0.03147649210605407,9.0
1699619400000.0,451468,1699619400000.0,0.08050898357289657,-0.0016436,1812.715318647896,1813.262412652003,-35.0,0.2348,210.4,0.23249974332648868,long_nclose,48.91794599589322,0.026986005741034453,2.0
1699621020000.0,451495,1699621020000.0,0.06900770020533992,-0.0014088000000000002,1812.7829175481013,1813.2159238520028,-30.0,0.2348,180.4,0.23249974332648868,long_nclose,41.942953696098556,0.02313732840820728,27.0
1699621740000.0,451507,1699621740000.0,0.05911659650924119,-0.0012068720000000001,1812.8408272726106,1813.1966769800028,-25.7,0.2348,154.7,0.23249974332648868,long_nclose,35.9677102926078,0.019840523090336966,12.0
1699621860000.0,451509,1699621860000.0,0.05083567248460041,-0.0010378160000000002,1812.8906251290953,1813.2088991640028,-22.1,0.2348,132.6,0.23249974332648868,long_nclose,30.829465965092396,0.017005695510669345,2.0
1699622100000.0,451513,1699622100000.0,0.043474851129364146,-0.000887544,1812.9332124362245,1813.2061216200027,-18.9,0.2348,113.7,0.23249974332648868,long_nclose,26.435220816221765,0.014581464245281294,4.0
1699623060000.0,451529,1699623060000.0,0.0,-0.012836591999999999,1812.9203758442245,1813.0713350280027,275.7,0.2328,389.4,0.23271232875249556,long_ientry_partial,90.61818081622177,0.049984644678078324,16.0
1699625400000.0,451568,1699625400000.0,0.0,-0.018128698000000002,1812.9022471462245,1810.8806163300026,400.9,0.2261,790.3,0.22935805493638084,long_rentry,181.26167081622177,0.09998424962049353,39.0
1699635360000.0,451734,1699635360000.0,0.2531155976826033,-0.005229528000000001,1813.150133215907,1814.5333468020026,-112.9,0.2316,677.4,0.22935805493638084,long_nclose,155.36714641390438,0.08568906874707408,166.0
1699635660000.0,451739,1699635660000.0,0.21679608765197284,-0.004479144,1813.362450159559,1814.7224176580028,-96.7,0.2316,580.7,0.22935805493638084,long_nclose,133.18822250155637,0.07344820804568719,5.0
1699635900000.0,451743,1699635900000.0,0.18585724577402843,-0.0038399280000000007,1813.5444674773332,1814.760067730003,-82.9,0.2316,497.8,0.22935805493638084,long_nclose,114.17443974733038,0.06295651515297482,4.0
1699638120000.0,451780,1699638120000.0,0.15940229402332232,-0.0032933519999999994,1813.7005764193566,1814.699884378003,-71.1,0.2316,426.7,0.22935805493638084,long_nclose,97.8670820413537,0.05395988914254238,37.0
1699638660000.0,451789,1699638660000.0,0.1365344543744069,-0.002820888,1813.834289985731,1814.6909734900028,-60.9,0.2316,365.8,0.22935805493638084,long_nclose,83.89917649572811,0.046255149634638414,9.0
1699641480000.0,451836,1699641480000.0,0.1170295323209202,-0.0024179040000000002,1813.948901614052,1814.6833355860028,-52.2,0.2316,313.6,0.22935805493638084,long_nclose,71.92668602804903,0.039651991279384256,47.0
1699642980000.0,451861,1699642980000.0,0.10043913885013839,-0.002075136,1814.047265616902,1814.6499004500029,-44.8,0.2316,268.8,0.22935805493638084,long_nclose,61.65144516689917,0.03398557817948222,25.0
1699643040000.0,451862,1699643040000.0,0.08609069044297576,-0.001778688,1814.1315776193449,1814.7633217620028,-38.4,0.2316,230.4,0.22935805493638084,long_nclose,52.84409585734215,0.029129141738819513,1.0
1699644660000.0,451889,1699644660000.0,0.07375999259307038,-0.001523928,1814.2038136839378,1814.6663478340026,-32.9,0.2316,197.5,0.22935805493638084,long_nclose,45.29821584993522,0.024968647683499393,27.0
1699644840000.0,451892,1699644840000.0,0.06322285079406033,-0.001306224,1814.265730310732,1814.6960816100027,-28.2,0.2316,169.3,0.22935805493638084,long_nclose,38.83031870072928,0.02140277361358678,3.0
1699646820000.0,451925,1699646820000.0,0.0,-0.010325991999999999,1814.255404318732,1814.4602256180026,223.7,0.2308,393.0,0.23017882621050706,long_ientry_partial,90.46027870072928,0.04986082912328315,33.0
1699649280000.0,451966,1699649280000.0,0.12460784959055372,-0.002607528,1814.3774046403225,1815.1594080900027,-56.1,0.2324,336.9,0.23017882621050706,long_nclose,77.54724655031983,0.04274041682396976,41.0
1699650480000.0,451986,1699650480000.0,0.10683845927461023,-0.002235688,1814.4820074115971,1815.1812424020027,-48.1,0.2324,288.8,0.23017882621050706,long_nclose,66.47564500959444,0.03663615551879931,20.0
1699652100000.0,452013,1699652100000.0,0.2126584592746106,-0.002256852,1814.6924090188716,1815.8769355500026,-48.1,0.2346,240.7,0.23017882621050706,long_nclose,55.40404346886905,0.030530817891514576,27.0
1699652340000.0,452017,1699652340000.0,0.17728906895866706,-0.0018814920000000002,1814.8678165958304,1815.7747640580026,-40.1,0.2346,200.6,0.23017882621050706,long_nclose,46.17387253782771,0.02544200305697007,4.0
1699652460000.0,452019,1699652460000.0,0.14766720456906432,-0.001567128,1815.0139166723993,1815.7698569300026,-33.4,0.2346,167.2,0.23017882621050706,long_nclose,38.485899742396775,0.02120418989015569,2.0
1699655160000.0,452064,1699655160000.0,0.12290863134790384,-0.001304376,1815.1355209277472,1815.7378925540024,-27.8,0.2346,139.4,0.23017882621050706,long_nclose,32.08692837374468,0.01767742849158971,45.0
1699655400000.0,452068,1699655400000.0,0.1025712319162363,-0.0010885439999999999,1815.2370036156635,1815.7856040100025,-23.2,0.2346,116.2,0.23017882621050706,long_nclose,26.746779605660922,0.014734593638398507,4.0
1699656540000.0,452087,1699656540000.0,0.08532865413721381,-0.0009055560000000001,1815.3214267138007,1815.7692184540026,-19.3,0.2346,96.9,0.23017882621050706,long_nclose,22.304328259798137,0.012286710183427248,19.0
1699656720000.0,452090,1699656720000.0,0.0711808980108364,-0.0007554120000000001,1815.3918521998116,1815.7652430420026,-16.1,0.2346,80.8,0.23017882621050706,long_nclose,18.598449157808968,0.010244867594438186,3.0
1699657200000.0,452098,1699657200000.0,0.059243728779205446,-0.0006287280000000001,1815.4504672005908,1815.7619343140027,-13.4,0.2346,67.4,0.23017882621050706,long_nclose,15.514052886588177,0.008545566605576805,8.0
1699659780000.0,452141,1699659780000.0,0.04951714644232097,-0.000525504,1815.499458843033,1815.7535488100025,-11.2,0.2346,56.2,0.23017882621050706,long_nclose,12.936050033030497,0.007125339514710889,43.0
1699660500000.0,452153,1699660500000.0,0.041116916242284376,-0.0004363560000000001,1815.5401394032754,1815.7521824540027,-9.3,0.2346,46.9,0.23017882621050706,long_nclose,10.79538694927278,0.005946102052483932,12.0
1699660740000.0,452157,1699660740000.0,0.03448515555804496,-0.000365976,1815.5742585828334,1815.7549464780027,-7.8,0.2346,39.1,0.23017882621050706,long_nclose,8.999992104830826,0.004957104928253317,4.0
1699660860000.0,452159,1699660860000.0,0.028737629631704134,-0.00030498,1815.602691232465,1815.7631214980026,-6.5,0.2346,32.6,0.23017882621050706,long_nclose,7.50382973446253,0.004132969052479642,2.0
1699662420000.0,452185,1699662420000.0,0.04303762963170418,-0.00030784000000000003,1815.6454210220968,1815.8208436580026,-6.5,0.2368,26.1,0.23017882621050706,long_nclose,6.007667364094234,0.0033088329332013997,26.0
1699663200000.0,452198,1699663200000.0,0.019011047294819658,-0.000201756,1815.6642303133915,1815.7758719020023,-4.3,0.2346,21.8,0.23017882621050706,long_nclose,5.017898411389054,0.0027636709076561713,13.0
1699663680000.0,452206,1699663680000.0,0.015916225642174597,-0.000168912,1815.6799776270338,1815.7604429900027,-3.6,0.2346,18.2,0.23017882621050706,long_nclose,4.189254637031229,0.0023072648752266852,8.0
1699664100000.0,452213,1699664100000.0,0.013263521368478831,-0.00014076,1815.6931003884024,1815.7709422300027,-3.0,0.2346,15.2,0.23017882621050706,long_nclose,3.4987181583997073,0.0019269325623649074,7.0
1699665780000.0,452241,1699665780000.0,0.01105293447373236,-0.0001173,1815.7040360228762,1815.7589149300027,-2.5,0.2346,12.7,0.23017882621050706,long_nclose,2.9232710928734393,0.0016099931678714454,28.0
1699666020000.0,452245,1699666020000.0,0.0,-0.017564196,1815.6864718268762,1815.6404707340027,377.4,0.2327,390.1,0.2326179212839616,long_ientry_partial,90.74425109287343,0.04997792983585428,4.0
1699676760000.0,452424,1699676760000.0,0.0,-0.01815583,1815.6683159968761,1812.9673549040026,401.5,0.2261,791.6,0.22931202765648487,long_rentry,181.52340109287343,0.09997608015383011,179.0
1699694640000.0,452722,1699694640000.0,0.2472408748172112,-0.0052319,1815.9103249716934,1817.4629430040027,-113.0,0.2315,678.6,0.22931202765648487,long_nclose,155.61114196769063,0.0856931864023166,298.0
1699695780000.0,452741,1699695780000.0,0.2120145200866174,-0.004486470000000001,1816.1178530217799,1817.5651065340026,-96.9,0.2315,581.7,0.22931202765648487,long_nclose,133.39080648777727,0.07344832069451473,19.0
1699696140000.0,452747,1699696140000.0,0.1818205017461084,-0.00384753,1816.295825993526,1817.4366090040028,-83.1,0.2315,498.6,0.22931202765648487,long_nclose,114.33497698952335,0.06294953462604659,6.0
1699696440000.0,452752,1699696440000.0,0.1557836308582782,-0.0032965600000000005,1816.4483130643841,1817.4689324440026,-71.2,0.2315,427.4,0.22931202765648487,long_nclose,98.00796062038162,0.05395582132201728,5.0
1699699920000.0,452810,1699699920000.0,0.3124236308582768,-0.003327888,1816.7574088072424,1818.4272645560025,-71.2,0.2337,356.2,0.22931202765648487,long_nclose,81.68094425123991,0.044959741931018725,58.0
1699701000000.0,452828,1699701000000.0,0.2602067599704468,-0.002771682,1817.014843885213,1818.3473228740027,-59.3,0.2337,296.9,0.22931202765648487,long_nclose,68.08274101121035,0.03746955686153512,18.0
1699701600000.0,452838,1699701600000.0,0.21676583376964706,-0.002308956,1817.2293007629826,1818.2658239180025,-49.4,0.2337,247.5,0.22931202765648487,long_nclose,56.754726844980006,0.03123146144581256,10.0
1699701780000.0,452841,1699701780000.0,0.18078446055282307,-0.001925688,1817.4081595355353,1818.3340282300026,-41.2,0.2337,206.3,0.22931202765648487,long_nclose,47.30707130553283,0.026029965287281878,3.0
1699702380000.0,452851,1699702380000.0,0.1505074513825687,-0.001603182,1817.5570638049178,1818.2601950480023,-34.3,0.2337,172.0,0.22931202765648487,long_nclose,39.4416687569154,0.021700374388437225,10.0
1699702560000.0,452854,1699702560000.0,0.12549600902453253,-0.001336764,1817.6812230499424,1818.3534782840024,-28.6,0.2337,143.4,0.22931202765648487,long_nclose,32.88334476593993,0.018090820518442706,3.0
1699703280000.0,452866,1699703280000.0,0.10487253901001144,-0.001117086,1817.7849785029525,1818.3451911980026,-23.9,0.2337,119.5,0.22931202765648487,long_nclose,27.402787304949943,0.01507482327613779,12.0
1699705020000.0,452895,1699705020000.0,0.08732064963595094,-0.000930126,1817.8713690265886,1818.3582110720026,-19.9,0.2337,99.6,0.22931202765648487,long_nclose,22.83947795458589,0.01256385811654853,29.0
1699707420000.0,452935,1699707420000.0,0.13110064963595108,-0.0009388819999999999,1818.0015307942247,1818.5345621900028,-19.9,0.2359,79.7,0.22931202765648487,long_nclose,18.276168604221844,0.010052889557379851,40.0
1699707720000.0,452940,1699707720000.0,0.10474876026189057,-0.0007501620000000001,1818.1055293924865,1818.5067020280028,-15.9,0.2359,63.8,0.22931202765648487,long_nclose,14.630107364483735,0.008046896688869503,5.0
1699708260000.0,452949,1699708260000.0,0.08366724876264216,-0.000599186,1818.188597455249,1818.5099128420027,-12.7,0.2359,51.1,0.22931202765648487,long_nclose,11.717844613246378,0.006444790507237129,9.0
1699708620000.0,452955,1699708620000.0,0.06719731790385433,-0.000481236,1818.255313537153,1818.5411216060027,-10.2,0.2359,40.9,0.22931202765648487,long_nclose,9.378861931150231,0.0051581655564668805,6.0
1699709100000.0,452963,1699709100000.0,0.05336257598247256,-0.000382158,1818.3082939551352,1818.5276594480026,-8.1,0.2359,32.8,0.22931202765648487,long_nclose,7.521434507132703,0.004136501236966962,8.0
1699709400000.0,452968,1699709400000.0,0.04282182023284835,-0.00030667,1818.350809105368,1818.5319627780025,-6.5,0.2359,26.3,0.22931202765648487,long_nclose,6.030906327365552,0.0033166902102530864,5.0
1699712520000.0,453020,1699712520000.0,0.0571218202328484,-0.00030953,1818.4076213956007,1818.5836032480022,-6.5,0.2381,19.8,0.22931202765648487,long_nclose,4.540378147598401,0.002496897887017064,52.0
1699712640000.0,453022,1699712640000.0,0.04306106448322418,-0.000233338,1818.450449122084,1818.5858599100022,-4.9,0.2381,14.9,0.22931202765648487,long_nclose,3.4167492120816245,0.0018789344596830623,2.0
1699713480000.0,453036,1699713480000.0,0.03251549767100601,-0.00017619400000000001,1818.482788425755,1818.5901737160023,-3.7,0.2381,11.2,0.22931202765648487,long_nclose,2.5682947097526303,0.0014123283025273949,14.0
1699714380000.0,453051,1699714380000.0,0.04065549767100604,-0.00017782200000000003,1818.5232661014259,1818.6011758940022,-3.7,0.2403,7.5,0.22931202765648487,long_nclose,1.7198402074236365,0.0009457345085887478,15.0
1699714620000.0,453055,1699714620000.0,0.027469930858787864,-0.00012015,1818.5506158822848,1818.6040557440024,-2.5,0.2403,5.0,0.22931202765648487,long_nclose,1.1465601382824244,0.0006304801902509386,4.0
1699715340000.0,453067,1699715340000.0,0.017580755749624234,-7.689600000000002e-05,1818.5681197420342,1818.6047988480022,-1.6,0.2403,3.4,0.22931202765648487,long_nclose,0.7796608940320485,0.00042872240284441156,12.0
1699717140000.0,453097,1699717140000.0,0.012086769577866661,-5.2866000000000005e-05,1818.580153645612,1818.6061159820022,-1.1,0.2403,2.3,0.22931202765648487,long_nclose,0.5274176636099152,0.00029001617693486247,30.0
1699717260000.0,453099,1699717260000.0,0.007691580640460601,-3.3642e-05,1818.5878115842524,1818.6050723400022,-0.7,0.2403,1.6,0.22931202765648487,long_nclose,0.3668992442503758,0.00020174953439875613,2.0
1699717680000.0,453106,1699717680000.0,0.005493986171757573,-2.4030000000000002e-05,1818.5932815404242,1818.605588310002,-0.5,0.2403,1.1,0.22931202765648487,long_nclose,0.25224323042213337,0.00013870238770951186,7.0
1699717800000.0,453108,1699717800000.0,0.0032963917030545435,-1.4418000000000002e-05,1818.5965635141272,1818.605273892002,-0.3,0.2403,0.8,0.22931202765648487,long_nclose,0.1834496221251879,0.00010087428174322667,2.0
1699718280000.0,453116,1699718280000.0,0.0021975944687030293,-9.612000000000002e-06,1818.598751496596,1818.605584280002,-0.2,0.2403,0.6,0.22931202765648487,long_nclose,0.13758721659389092,7.565562028493917e-05,8.0
1699719120000.0,453130,1699719120000.0,0.003956391703054537,-1.455e-05,1818.6026933382989,1818.606619730002,-0.3,0.2425,0.3,0.22931202765648487,long_nclose,0.06879360829694546,3.78277281502675e-05,14.0
1699720680000.0,453156,1699720680000.0,0.0013187972343515126,-4.85e-06,1818.604007285533,1818.6066648800017,-0.1,0.2425,0.2,0.22931202765648487,long_nclose,0.045862405531296974,2.5218467213074972e-05,26.0
1699721040000.0,453162,1699721040000.0,0.0013187972343515126,-4.85e-06,1818.6053212327672,1818.6066400300015,-0.1,0.2425,0.1,0.22931202765648487,long_nclose,0.022931202765648487,1.2609224496332303e-05,6.0
1699721100000.0,453163,1699721100000.0,0.0013187972343515126,-4.85e-06,1818.6066351800014,1818.6066351800014,-0.1,0.2425,0.0,0.22931202765648487,long_nclose,0.0,0.0,1.0
1699739400000.0,453468,1699739400000.0,0.0,-0.018187960000000003,1818.5884472200014,1818.5120272200013,382.1,0.238,382.1,0.238,long_ientry_normal,90.9398,0.05000570642523095,305.0
1699749360000.0,453634,1699749360000.0,0.0,-0.018184806,1818.5702624140015,1816.7853924140015,393.1,0.2313,775.2,0.23460246388028896,long_rentry,181.86383,0.10000374126792926,166.0
1699770420000.0,453985,1699770420000.0,0.25433724845201167,-0.005244966,1818.8193546964535,1820.4789674480014,-110.7,0.2369,664.5,0.23460246388028896,long_nclose,155.893337248452,0.08571128124731738,351.0
1699772100000.0,454013,1699772100000.0,0.4978772484520125,-0.005293674,1819.3119382709053,1821.5257737740012,-110.7,0.2391,553.8,0.23460246388028896,long_nclose,129.92284449690402,0.07141317646735401,28.0
1699772520000.0,454020,1699772520000.0,0.41512258384932926,-0.004413786,1819.7226470687547,1821.8905599880013,-92.3,0.2391,461.5,0.23460246388028896,long_nclose,108.26903708075335,0.05949754884633395,7.0
1699774080000.0,454046,1699774080000.0,0.627412583849329,-0.004456244000000001,1820.345603408604,1822.8183337440012,-92.3,0.2414,369.2,0.23460246388028896,long_nclose,86.61522966460268,0.04758175013712525,26.0
1699774140000.0,454047,1699774140000.0,0.5016581656346747,-0.0035630640000000003,1820.8436985102385,1822.8221506800012,-73.8,0.2414,295.4,0.23460246388028896,long_nclose,69.30156783023736,0.03806014095934643,1.0
1699774380000.0,454051,1699774380000.0,0.40105463106295136,-0.0028485200000000002,1821.2419046213015,1822.8961221600011,-59.0,0.2414,236.4,0.23460246388028896,long_nclose,55.46002246130031,0.03045176059290836,4.0
1699775280000.0,454066,1699775280000.0,0.5317543846749229,-0.0028793520000000004,1821.7707796539764,1823.3837728080011,-59.1,0.2436,177.3,0.23460246388028896,long_nclose,41.59501684597524,0.022832190147366243,15.0
1699775460000.0,454069,1699775460000.0,0.39859085010319933,-0.002158296,1822.1672122080795,1823.3771845120011,-44.3,0.2436,133.0,0.23460246388028896,long_nclose,31.20212769607843,0.017123635793154287,3.0
1699776600000.0,454088,1699776600000.0,0.2987181991744068,-0.0016175040000000003,1822.4643129032538,1823.342307008001,-33.2,0.2436,99.8,0.23460246388028896,long_nclose,23.41332589525284,0.01284706961309686,19.0
1699777080000.0,454096,1699777080000.0,0.13527096878224967,-0.0009607719999999999,1822.5986231000359,1823.1417462360007,-19.9,0.2414,79.9,0.23460246388028896,long_nclose,18.74473686403509,0.01028462143362777,8.0
1699777140000.0,454097,1699777140000.0,0.10808082430340553,-0.0007676520000000001,1822.7059362723394,1823.1345785840008,-15.9,0.2414,64.0,0.23460246388028896,long_nclose,15.014557688338494,0.00823750962211992,1.0
1699777200000.0,454098,1699777200000.0,0.0870084623323013,-0.000617984,1822.7923267506717,1823.1506006000009,-12.8,0.2414,51.2,0.23460246388028896,long_nclose,12.011646150670796,0.0065896953670432,1.0
1699777980000.0,454111,1699777980000.0,0.11516846233230141,-0.0006236160000000001,1822.906871597004,1823.248536984001,-12.8,0.2436,38.4,0.23460246388028896,long_nclose,9.008734613003096,0.004941960970891927,13.0
1699778040000.0,454112,1699778040000.0,0.08637634674922605,-0.00046771200000000006,1822.9927802317532,1823.2663092720009,-9.6,0.2436,28.8,0.23460246388028896,long_nclose,6.756550959752322,0.003706296060532602,1.0
1699778160000.0,454114,1699778160000.0,0.06478226006191955,-0.00035078400000000004,1823.0572117078152,1823.253718488001,-7.2,0.2436,21.6,0.23460246388028896,long_nclose,5.067413219814242,0.0027796238029563305,2.0
1699778340000.0,454117,1699778340000.0,0.04858669504643966,-0.000263088,1823.1055353148615,1823.2545354000008,-5.4,0.2436,16.2,0.23460246388028896,long_nclose,3.8005599148606812,0.0020846625942607874,3.0
1699780260000.0,454149,1699780260000.0,0.06100669504643964,-0.000265572,1823.166276437908,1823.2904498280009,-5.4,0.2459,10.8,0.23460246388028896,long_nclose,2.533706609907121,0.0013897287607016638,32.0
1699780560000.0,454154,1699780560000.0,0.040671130030959755,-0.00017704800000000002,1823.2067705199388,1823.2888327800008,-3.6,0.2459,7.2,0.23460246388028896,long_nclose,1.6891377399380805,0.0009264652628820456,5.0
1699781700000.0,454173,1699781700000.0,0.027114086687306502,-0.00011803200000000001,1823.233766574626,1823.2884747480007,-2.4,0.2459,4.8,0.23460246388028896,long_nclose,1.126091826625387,0.0006176343633329124,19.0
1699782840000.0,454192,1699782840000.0,0.018076057791537672,-7.8688e-05,1823.2517639444177,1823.2882360600008,-1.6,0.2459,3.2,0.23460246388028896,long_nclose,0.7507278844169247,0.0004117521777644148,19.0
1699782960000.0,454194,1699782960000.0,0.011297536119711044,-4.918000000000001e-05,1823.2630123005374,1823.2891868800007,-1.0,0.2459,2.2,0.23460246388028896,long_nclose,0.5161254205366358,0.0002830778757944552,2.0
1699783560000.0,454204,1699783560000.0,0.00790827528379773,-3.4426000000000005e-05,1823.2708861498213,1823.2882824540009,-0.7,0.2459,1.5,0.23460246388028896,long_nclose,0.35190369582043346,0.0001930068090779117,10.0
1699783800000.0,454208,1699783800000.0,0.005648768059855522,-2.4590000000000003e-05,1823.2765103278812,1823.2879078640008,-0.5,0.2459,1.0,0.23460246388028896,long_nclose,0.23460246388028896,0.00012867080914572866,4.0
1699784820000.0,454225,1699784820000.0,0.003389260835913313,-1.4754000000000001e-05,1823.2798848347172,1823.287723110001,-0.3,0.2459,0.7,0.23460246388028896,long_nclose,0.16422172471620228,9.006939970222356e-05,17.0
1699785060000.0,454229,1699785060000.0,0.002259507223942209,-9.836e-06,1823.2821345059413,1823.2879832740011,-0.2,0.2459,0.5,0.23460246388028896,long_nclose,0.11730123194014448,6.43352061209824e-05,4.0
1699786620000.0,454255,1699786620000.0,0.0011297536119711045,-4.918e-06,1823.2832593415533,1823.287898356001,-0.1,0.2459,0.4,0.23460246388028896,long_nclose,0.09384098555211559,5.146813314460235e-05,26.0
1699786860000.0,454259,1699786860000.0,0.0011297536119711045,-4.918e-06,1823.2843841771653,1823.2878334380011,-0.1,0.2459,0.3,0.23460246388028896,long_nclose,0.07038073916408669,3.8601076044343455e-05,4.0
1699787820000.0,454275,1699787820000.0,0.0011297536119711045,-4.918e-06,1823.2855090127773,1823.2878285200013,-0.1,0.2459,0.2,0.23460246388028896,long_nclose,0.046920492776057796,2.5734034820176363e-05,16.0
1699789020000.0,454295,1699789020000.0,0.0011297536119711045,-4.918e-06,1823.2866338483893,1823.2876936020014,-0.1,0.2459,0.1,0.23460246388028896,long_nclose,0.023460246388028898,1.286700947207167e-05,20.0
1699789620000.0,454305,1699789620000.0,0.0011297536119711045,-4.918e-06,1823.2877586840013,1823.2877586840013,-0.1,0.2459,0.0,0.23460246388028896,long_nclose,0.0,0.0,10.0
1699792020000.0,454345,1699792020000.0,0.0,-0.018233376000000003,1823.2695253080014,1823.2695253080014,378.6,0.2408,378.6,0.2408,long_ientry_normal,91.16688,0.05000186683019306,40.0
1699801260000.0,454499,1699801260000.0,0.12420000000000131,-0.00262548,1823.3910998280014,1824.2999798280014,-54.0,0.2431,324.6,0.2408,long_nclose,78.16368,0.04286720496078603,154.0
1699804440000.0,454552,1699804440000.0,0.10649000000000111,-0.002251106,1823.4953387220014,1824.2467487220015,-46.3,0.2431,278.3,0.2408,long_nclose,67.01464,0.03675065056484722,53.0
1699804680000.0,454556,1699804680000.0,0.09131000000000097,-0.0019302140000000002,1823.5847185080015,1824.1812185080016,-39.7,0.2431,238.6,0.2408,long_nclose,57.454879999999996,0.03150655926038234,4.0
1699804860000.0,454559,1699804860000.0,0.07820000000000082,-0.00165308,1823.6612654280013,1824.1727654280014,-34.0,0.2431,204.6,0.2408,long_nclose,49.26768,0.027015806572191024,3.0
1699805340000.0,454567,1699805340000.0,0.0671600000000007,-0.001419704,1823.7270057240014,1824.1304257240015,-29.2,0.2431,175.4,0.2408,long_nclose,42.23632,0.023159343403610234,8.0
1699805400000.0,454568,1699805400000.0,0.057500000000000606,-0.0012155000000000002,1823.7832902240013,1824.0389702240013,-25.0,0.2431,150.4,0.2408,long_nclose,36.216319999999996,0.019857797905118334,1.0
1699805460000.0,454569,1699805460000.0,0.04922000000000051,-0.001040468,1823.8314697560015,1824.1668697560015,-21.4,0.2431,129.0,0.2408,long_nclose,31.0632,0.017031836830930295,1.0
1699806480000.0,454586,1699806480000.0,0.04232000000000044,-0.0008946080000000001,1823.8728951480016,1824.1383351480015,-18.4,0.2431,110.6,0.2408,long_nclose,26.632479999999997,0.014602157897542994,17.0
1699806660000.0,454589,1699806660000.0,0.036340000000000386,-0.0007681960000000002,1823.9084669520016,1824.1170269520017,-15.8,0.2431,94.8,0.2408,long_nclose,22.82784,0.012515891237759542,3.0
1699808640000.0,454622,1699808640000.0,0.0,-0.013673484000000003,1823.8947934680016,1823.9799934680016,283.8,0.2409,378.6,0.24087496038034864,long_ientry_partial,91.19526,0.05000028528323113,33.0
1699810980000.0,454661,1699810980000.0,0.12555213946117338,-0.00262656,1824.0177190474628,1824.7724269080018,-54.0,0.2432,324.6,0.24087496038034864,long_nclose,78.18801213946118,0.04286581831030264,39.0
1699811040000.0,454662,1699811040000.0,0.10764933438985791,-0.0022520319999999997,1824.1231163498528,1824.7145148760019,-46.3,0.2432,278.3,0.24087496038034864,long_nclose,67.03550147385103,0.03674943915408072,1.0
1699811100000.0,454663,1699811100000.0,0.09230407290015896,-0.0019310080000000003,1824.213489414753,1824.696663868002,-39.7,0.2432,238.6,0.24087496038034864,long_nclose,57.472765546751184,0.03150550408723799,1.0
1699811160000.0,454664,1699811160000.0,0.0790513470681462,-0.0016537600000000002,1824.2908870018211,1824.7256701080019,-34.0,0.2432,204.6,0.24087496038034864,long_nclose,49.28301689381933,0.02701488959077946,1.0
1699812420000.0,454685,1699812420000.0,0.0,-0.008383320000000001,1824.2825036818213,1824.211906788002,174.0,0.2409,378.6,0.24088646828795385,long_ientry_partial,91.19961689381934,0.04999204712524379,21.0
1699814280000.0,454716,1699814280000.0,0.1249307124504922,-0.00262656,1824.4048078342719,1825.123320228002,-54.0,0.2432,324.6,0.24088646828795385,long_nclose,78.19174760626983,0.04285877085529624,31.0
1699814820000.0,454725,1699814820000.0,0.10711651826773683,-0.0022520319999999997,1824.5096723205397,1825.097868196002,-46.3,0.2432,278.3,0.24088646828795385,long_nclose,67.03870412453756,0.036743408457392844,9.0
1699814940000.0,454727,1699814940000.0,0.09184720896823223,-0.0019310080000000003,1824.599588521508,1825.1038771880021,-39.7,0.2432,238.6,0.24088646828795385,long_nclose,57.475511333505786,0.031500342154564875,2.0
1699815060000.0,454729,1699815060000.0,0.07866007820956916,-0.0016537600000000002,1824.6765948397176,1825.1908634280023,-34.0,0.2432,204.6,0.24088646828795385,long_nclose,49.28537141171535,0.027010469444885193,2.0
1699816260000.0,454749,1699816260000.0,0.06755512599174764,-0.001420288,1824.7427296777093,1825.3765431400022,-29.2,0.2432,175.4,0.24088646828795385,long_nclose,42.25148653770711,0.0231547636006582,20.0
1699817760000.0,454774,1699817760000.0,0.057838292801153796,-0.001216,1824.7993519705103,1825.177387140002,-25.0,0.2432,150.4,0.24088646828795385,long_nclose,36.22932483050826,0.019853867654756677,25.0
1699818540000.0,454787,1699818540000.0,0.04950957863778765,-0.001040896,1824.8478206531481,1825.159166244002,-21.4,0.2432,129.0,0.24088646828795385,long_nclose,31.074354409146046,0.017028463446351345,13.0
1699819680000.0,454806,1699819680000.0,0.04256898350164919,-0.000894976,1824.88949466065,1825.2006712680022,-18.4,0.2432,110.6,0.24088646828795385,long_nclose,26.642043392647693,0.014599263939322505,19.0
1699820460000.0,454819,1699820460000.0,0.0365538010503292,-0.0007685120000000001,1824.9252799497003,1825.1730427560024,-15.8,0.2432,94.8,0.24088646828795385,long_nclose,22.836037193698026,0.012513409422618907,13.0
1699820940000.0,454827,1699820940000.0,0.03123267811262305,-0.00065664,1824.955855987813,1825.1602061160024,-13.5,0.2432,81.3,0.24088646828795385,long_nclose,19.584069871810648,0.010731256763035603,8.0
1699821840000.0,454842,1699821840000.0,0.062282678112623,-0.00066285,1825.0174758159255,1825.3370532660022,-13.5,0.2455,67.8,0.24088646828795385,long_nclose,16.33210254992327,0.008949011593777503,15.0
1699822320000.0,454850,1699822320000.0,0.05213290834612148,-0.0005548300000000001,1825.0690538942715,1825.318418436002,-11.3,0.2455,56.5,0.24088646828795385,long_nclose,13.610085458269392,0.007457298905610528,8.0
1699823160000.0,454864,1699823160000.0,0.0433671980932338,-0.00046154000000000003,1825.1119595523646,1825.343386896002,-9.4,0.2455,47.1,0.24088646828795385,long_nclose,11.345752656362627,0.006216469404510033,14.0
1699823460000.0,454869,1699823460000.0,0.03598554735395996,-0.00038298,1825.1475621197185,1825.336733916002,-7.8,0.2455,39.3,0.24088646828795385,long_nclose,9.466838203716586,0.005186889213890104,5.0
1699823940000.0,454877,1699823940000.0,0.029987956128299964,-0.00031915000000000003,1825.1772309258467,1825.3285547660018,-6.5,0.2455,32.8,0.24088646828795385,long_nclose,7.9010761598448855,0.004328936404623541,8.0
1699824000000.0,454878,1699824000000.0,0.0249130712450492,-0.00026514,1825.2018788570917,1825.3365096260018,-5.4,0.2455,27.4,0.24088646828795385,long_nclose,6.600289231089935,0.0036161968204979694,1.0
1699824180000.0,454881,1699824180000.0,0.020760892704207667,-0.00022095,1825.2224187997958,1825.3326486760018,-4.5,0.2455,22.9,0.24088646828795385,long_nclose,5.516300123794143,0.003022261871745732,3.0
1699824420000.0,454885,1699824420000.0,0.01753142050577536,-0.00018658,1825.2397636403016,1825.3336120960016,-3.8,0.2455,19.1,0.24088646828795385,long_nclose,4.600931544299919,0.00252072721400925,4.0
1699830120000.0,454980,1699830120000.0,0.01430194830734306,-0.00015221,1825.253913378609,1825.3293298860017,-3.1,0.2455,16.0,0.24088646828795385,long_nclose,3.8541834926072616,0.002111587579326447,95.0
1699830360000.0,454984,1699830360000.0,0.011995182451319987,-0.00012766,1825.2657809010602,1825.3329622260017,-2.6,0.2455,13.4,0.24088646828795385,long_nclose,3.2278786750585815,0.0017684430995386917,4.0
1699830900000.0,454993,1699830900000.0,0.004395710252887688,-9.2416e-05,1825.2700841953133,1825.2932398100018,-1.9,0.2432,11.5,0.24088646828795385,long_nclose,2.7701943853114694,0.0015176901266821202,9.0
1699831140000.0,454997,1699831140000.0,0.0,-0.0176928,1825.2523913953132,1825.0451670100017,364.8,0.2425,376.3,0.24245068930457475,long_ientry_partial,91.23419438531148,0.04998442671019735,4.0
1699836480000.0,455086,1699836480000.0,0.1261579843443353,-0.0026291520000000005,1825.3759202276576,1826.1338078580018,-53.7,0.2448,322.6,0.24245068930457475,long_nclose,78.21459236965582,0.04284848479862769,89.0
1699837080000.0,455096,1699837080000.0,0.10806829198956097,-0.00225216,1825.4817363596474,1826.214535698002,-46.0,0.2448,276.6,0.24245068930457475,long_nclose,67.06186066164538,0.036736527857780324,10.0
1699838160000.0,455114,1699838160000.0,0.21433322305910335,-0.002278262,1825.6937913207066,1826.8115574360022,-46.1,0.2471,230.5,0.24245068930457475,long_nclose,55.88488388470448,0.030610217414541,18.0
1699838520000.0,455120,1699838520000.0,0.178533530704329,-0.0018977279999999998,1825.870427123411,1826.686719708002,-38.4,0.2471,192.1,0.24245068930457475,long_nclose,46.57477741540881,0.025508259909102965,6.0
1699838640000.0,455122,1699838640000.0,0.14877794225360752,-0.00158144,1826.0176236256646,1826.7779882680022,-32.0,0.2471,160.1,0.24245068930457475,long_nclose,38.81635535766242,0.021257382653618796,2.0
1699839600000.0,455138,1699839600000.0,0.12367166449831125,-0.0013145720000000002,1826.1399807181629,1826.787363696002,-26.6,0.2471,133.5,0.24245068930457475,long_nclose,32.36716702216073,0.017724362515425432,16.0
1699840140000.0,455147,1699840140000.0,0.10321469743844021,-0.001097124,1826.2420982916015,1826.7706965720022,-22.2,0.2471,111.3,0.24245068930457475,long_nclose,26.98476171959917,0.014776114155315257,9.0
1699840500000.0,455153,1699840500000.0,0.08601224786536685,-0.00091427,1826.3271962694666,1826.730812302002,-18.5,0.2471,92.8,0.24245068930457475,long_nclose,22.499423967464537,0.012319492374325267,6.0
1699840860000.0,455159,1699840860000.0,0.07159938470954862,-0.0007610679999999999,1826.3980345861762,1826.7191912340022,-15.4,0.2471,77.4,0.24245068930457475,long_nclose,18.765683352174086,0.010274695327530836,6.0
1699842300000.0,455183,1699842300000.0,0.059976107970985536,-0.000637518,1826.457373176147,1826.763703716002,-12.9,0.2471,64.5,0.24245068930457475,long_nclose,15.638069460145072,0.008561967933010669,24.0
1699843740000.0,455207,1699843740000.0,0.04974762444105001,-0.000528794,1826.506592006588,1826.762104922002,-10.7,0.2471,53.8,0.24245068930457475,long_nclose,13.04384708458612,0.007141418017142898,24.0
1699843980000.0,455211,1699843980000.0,0.041378865189284596,-0.00043983799999999996,1826.5475310337774,1826.751795084002,-8.9,0.2471,44.9,0.24245068930457475,long_nclose,10.886035949775406,0.005959897437552144,4.0
1699844820000.0,455225,1699844820000.0,0.0,-0.016079004,1826.5314520297775,1826.5365560800021,330.3,0.2434,375.2,0.24328639645462533,long_ientry_partial,91.28105594977542,0.049975080280351664,14.0
1699851060000.0,455329,1699851060000.0,0.0,-0.018264264000000002,1826.5131877657775,1823.6248118160022,386.3,0.2364,761.5,0.23979300846982982,long_rentry,182.6023759497754,0.09997320423026224,104.0
1699864620000.0,455555,1699864620000.0,0.25076997932950007,-0.005263254000000001,1826.758694491107,1828.395258562002,-108.7,0.2421,652.8,0.23979300846982982,long_nclose,156.5368759291049,0.08569105290215272,226.0
1699865160000.0,455564,1699865160000.0,0.5012406784825166,-0.005318144,1827.2546170255894,1829.652020418002,-108.8,0.2444,544.0,0.23979300846982982,long_nclose,130.44739660758742,0.07138983007191964,9.0
1699865640000.0,455572,1699865640000.0,0.4173934326334192,-0.004428528,1827.6675819302227,1829.8017318900017,-90.6,0.2444,453.4,0.23979300846982982,long_nclose,108.72215004022084,0.05948682961559017,8.0
1699866120000.0,455580,1699866120000.0,0.34782786052784936,-0.0036904400000000006,1828.0117193507506,1829.866071450002,-75.5,0.2444,377.9,0.23979300846982982,long_nclose,90.61777790074868,0.049571770761367505,8.0
1699866480000.0,455586,1699866480000.0,0.28977976724770493,-0.003074552,1828.2984245659982,1829.7496268980017,-62.9,0.2444,315.0,0.23979300846982982,long_nclose,75.53479766799639,0.04131426065519192,6.0
1699872480000.0,455686,1699872480000.0,0.10381461885765872,-0.0021789,1828.400060284856,1829.049947998002,-45.0,0.2421,270.0,0.23979300846982982,long_nclose,64.74411228685405,0.035410254950859726,100.0
1699873560000.0,455704,1699873560000.0,0.08881917391155246,-0.00186417,1828.4870152887675,1829.0210838280018,-38.5,0.2421,231.5,0.23979300846982982,long_nclose,55.5120814607656,0.030359571053338186,18.0
1699873620000.0,455705,1699873620000.0,0.0761307204956164,-0.00159786,1828.5615481492632,1829.039335968002,-33.0,0.2421,198.5,0.23979300846982982,long_nclose,47.59891218126122,0.026030795752780306,1.0
1699873860000.0,455709,1699873860000.0,0.0,-0.00873378,1828.5528143692632,1828.6750021880018,181.5,0.2406,380.0,0.24017845310858216,long_ientry_partial,91.26781218126122,0.049912592878944506,4.0
1699886760000.0,455924,1699886760000.0,0.0,-0.018284555999999997,1828.5345298132631,1826.4217376320019,391.7,0.2334,771.7,0.23673784136485837,long_rentry,182.69059218126122,0.09991093370269484,215.0
1699886760000.0,455924,1699886760000.0,0.0,-0.018285344000000002,1828.516244469263,1828.155532288002,398.2,0.2296,1169.9,0.23430832736239096,long_rentry,274.1173121812612,0.14991242927722814,0.0
1699887120000.0,455930,1699887120000.0,0.38293849774447114,-0.007907172,1828.8912757950075,1830.7882451160017,-167.1,0.2366,1002.8,0.23430832736239096,long_nclose,234.96439067900565,0.12847367899268267,6.0
1699887480000.0,455936,1699887480000.0,0.32816752170561503,-0.006776223999999999,1829.212667092713,1831.7843088920017,-143.2,0.2366,859.6,0.23430832736239096,long_nclose,201.41143820071127,0.11010826779415846,6.0
1699887720000.0,455940,1699887720000.0,0.643207521705616,-0.006839232,1829.8490353824186,1833.2817896600018,-143.2,0.2388,716.4,0.23430832736239096,long_nclose,167.85848572241687,0.09173351597681732,4.0
1699887900000.0,455943,1699887900000.0,0.5363057129305208,-0.005702544,1830.379638551349,1832.5835671160016,-119.4,0.2388,597.0,0.23430832736239096,long_nclose,139.8820714353474,0.07642243635645818,3.0
1699888380000.0,455951,1699888380000.0,0.1952505087242905,-0.004031664,1830.5708573960733,1831.8972754520016,-85.2,0.2366,511.8,0.23430832736239096,long_nclose,119.9190019440717,0.06550907410088048,8.0
1699890360000.0,455984,1699890360000.0,0.16752126980922108,-0.003459092,1830.7349195738825,1831.8280163600016,-73.1,0.2366,438.7,0.23430832736239096,long_nclose,102.79106321388092,0.05614743134839331,33.0
1699890840000.0,455992,1699890840000.0,0.3283412698092216,-0.003491256,1831.0597695876918,1832.7750451040017,-73.1,0.2388,365.6,0.23430832736239096,long_nclose,85.66312448369014,0.046783357870933566,8.0
1699891200000.0,455998,1699891200000.0,0.2735428636303912,-0.002908584,1831.3304038673223,1832.7904265200018,-60.9,0.2388,304.7,0.23430832736239096,long_nclose,71.39374734732053,0.0389846349935295,6.0
1699891380000.0,456001,1699891380000.0,0.0,-0.0037778399999999998,1831.3266260273222,1832.7189986800017,79.2,0.2385,383.9,0.23517308504121004,long_ientry_partial,90.28294734732053,0.04929920532153807,3.0
1699891500000.0,456003,1699891500000.0,0.28926986586667824,-0.003063366,1831.6128325271886,1833.0614453140015,-63.9,0.2397,320.0,0.23517308504121004,long_nclose,75.25538721318722,0.04108695127962864,2.0
1699891620000.0,456005,1699891620000.0,0.2412845673035047,-0.002555202,1831.851561892492,1833.0855601120013,-53.3,0.2397,266.7,0.23517308504121004,long_nclose,62.720661780490715,0.03423894331028317,2.0
1699891920000.0,456010,1699891920000.0,0.2009950241702741,-0.0021285360000000003,1832.0504283806622,1833.0789915760013,-44.4,0.2397,222.3,0.23517308504121004,long_nclose,52.27897680466099,0.028535773903816637,5.0
1699892100000.0,456013,1699892100000.0,0.1674958534752284,-0.0017737800000000002,1832.2161504541375,1833.0549877960013,-37.0,0.2397,185.3,0.23517308504121004,long_nclose,43.577572658136226,0.023784078449114742,3.0
1699892160000.0,456014,1699892160000.0,0.13942898073073068,-0.0014765520000000001,1832.3541028828683,1833.0689612440015,-30.8,0.2397,154.5,0.23517308504121004,long_nclose,36.33424163886695,0.01982926857952935,1.0
1699893300000.0,456033,1699893300000.0,0.1163417144409019,-0.001232058,1832.4692125393094,1833.0393991860014,-25.7,0.2397,128.8,0.23517308504121004,long_nclose,30.290293353307856,0.01652976931128554,19.0
1699893780000.0,456041,1699893780000.0,0.0,-0.012178144,1832.4570343953094,1832.8984210420015,255.2,0.2386,384.0,0.23745055560757253,long_ientry_partial,91.18101335330785,0.049758882004781395,8.0
1699910040000.0,456312,1699910040000.0,0.0,-0.01832552,1832.4387088753094,1830.7439955220016,397.0,0.2308,781.0,0.23406992746902416,long_rentry,182.80861335330786,0.09976247089077799,271.0
1699911300000.0,456333,1699911300000.0,0.0,-0.018323440000000003,1832.4203854353095,1829.3864320820016,403.6,0.227,1184.6,0.23166116271594453,long_rentry,274.4258133533079,0.14976138419684484,21.0
1699920420000.0,456485,1699920420000.0,0.0,-0.026307628000000007,1832.3940778073095,1823.0241944540016,586.7,0.2242,1771.3,0.22918983421967362,long_rentry,405.9639533533079,0.2215483875821597,152.0
1699942020000.0,456845,1699942020000.0,0.5591719424225724,-0.01170884,1832.941540909732,1836.2972356140017,-253.0,0.2314,1518.3,0.22918983421967362,long_nclose,347.97892529573045,0.1898472578252661,360.0
1699942140000.0,456847,1699942140000.0,0.47938495775279033,-0.010038132,1833.4108877354847,1836.4173374820016,-216.9,0.2314,1301.4,0.22918983421967362,long_nclose,298.2676502534833,0.162684563645133,2.0
1699942740000.0,456857,1699942740000.0,0.41086981856267274,-0.008603452000000001,1833.8131541020473,1836.3901440300015,-185.9,0.2314,1115.5,0.22918983421967362,long_nclose,255.66126007204593,0.13941510862224898,10.0
1699943220000.0,456865,1699943220000.0,0.35207940880599126,-0.007372404000000001,1834.1578611068533,1836.3668416260014,-159.3,0.2314,956.2,0.22918983421967362,long_nclose,219.15131948085192,0.1194833466235024,8.0
1699945200000.0,456898,1699945200000.0,0.3019086455925825,-0.006321848,1834.453447904446,1836.1829397780016,-136.6,0.2314,819.6,0.22918983421967362,long_nclose,187.84398812644451,0.10239779501683438,33.0
1699945260000.0,456899,1699945260000.0,0.25858939629818567,-0.00541476,1834.7066225407443,1836.1892250180017,-117.0,0.2314,702.6,0.22918983421967362,long_nclose,161.0287775227427,0.08776813444960825,1.0
1699945500000.0,456903,1699945500000.0,0.2216796277667352,-0.004641884,1834.923660284511,1836.3150731340015,-100.3,0.2314,602.3,0.22918983421967362,long_nclose,138.04103715050942,0.07522985295699207,4.0
1699946220000.0,456915,1699946220000.0,0.19007425710806808,-0.00398008,1835.109754461619,1836.4057530540017,-86.0,0.2314,516.3,0.22918983421967362,long_nclose,118.33071140761749,0.06448154456153121,12.0
1699961160000.0,457164,1699961160000.0,0.0,-0.018351144,1835.091403317619,1831.8747719100015,412.2,0.2226,928.5,0.22626433107982497,long_rentry,210.08643140761748,0.11448281596644565,249.0
1699968660000.0,457289,1699968660000.0,0.29644969881521077,-0.0060598200000000005,1835.3817931964343,1837.2407520900015,-132.6,0.2285,795.9,0.22626433107982497,long_nclose,180.0837811064327,0.09811788575760323,125.0
1699968780000.0,457291,1699968780000.0,0.25419555622390244,-0.00519609,1835.6307926626582,1837.6335060000017,-113.7,0.2285,682.2,0.22626433107982497,long_nclose,154.3575266626566,0.08408963680477087,2.0
1699969500000.0,457303,1699969500000.0,0.21775415282504926,-0.00445118,1835.8440956354834,1836.9175948200018,-97.4,0.2285,584.8,0.22626433107982497,long_nclose,132.31938081548162,0.07207549983686323,12.0
1699969560000.0,457304,1699969560000.0,0.18667835483461614,-0.0038159500000000002,1836.026958040318,1837.2980888700017,-83.5,0.2285,501.3,0.22626433107982497,long_nclose,113.42630917031626,0.06177812840579516,1.0
1699970280000.0,457316,1699970280000.0,0.1600738946845331,-0.00327212,1836.1837598150025,1836.9295767500018,-71.6,0.2285,429.7,0.22626433107982497,long_nclose,97.22578306500078,0.05294991993328401,12.0
1699970700000.0,457323,1699970700000.0,0.13704650480673017,-0.00280141,1836.3180049098091,1837.1784653400016,-61.3,0.2285,368.4,0.22626433107982497,long_nclose,83.35577956980751,0.04539288911121989,7.0
1699971000000.0,457328,1699971000000.0,0.11759618520120729,-0.00240382,1836.4331972750103,1837.1708015200015,-52.6,0.2285,315.8,0.22626433107982497,long_nclose,71.45427575500872,0.038909270351372476,5.0
1699973160000.0,457364,1699973160000.0,0.2280561852012068,-0.002425912,1836.6588275482115,1837.8262956080016,-52.6,0.2306,263.2,0.22626433107982497,long_nclose,59.55277194020993,0.03242451512876127,36.0
1699973580000.0,457371,1699973580000.0,0.18990229870366648,-0.002020056,1836.8467097909152,1837.7101955520016,-43.8,0.2306,219.4,0.22626433107982497,long_nclose,49.642394238913596,0.027025877540191853,7.0
1699973640000.0,457372,1699973640000.0,0.15825191558638874,-0.0016833800000000002,1837.0032783265015,1837.7596921720015,-36.5,0.2306,182.9,0.22626433107982497,long_nclose,41.38374615449999,0.02252785645118735,1.0
1699974060000.0,457379,1699974060000.0,0.13180433517332105,-0.001402048,1837.1336806136746,1837.7186201240013,-30.4,0.2306,152.5,0.22626433107982497,long_nclose,34.505310489673306,0.018782144627682826,7.0
1699975200000.0,457398,1699975200000.0,0.0,-0.011433672,1837.1222469416746,1837.2146564520012,251.4,0.2274,403.9,0.22697120695635875,long_ientry_partial,91.6736704896733,0.04990069149850308,19.0
1699978320000.0,457450,1699978320000.0,0.12860135861809935,-0.002644968,1837.2482033322929,1838.0890514840014,-57.7,0.2292,346.2,0.22697120695635875,long_nclose,78.5774318482914,0.042769088959114104,52.0
1699978500000.0,457453,1699978500000.0,0.11010237635587707,-0.002264496,1837.3560412126487,1838.0769069880014,-49.4,0.2292,296.8,0.22697120695635875,long_nclose,67.36505422464728,0.03666412644779864,3.0
1699978620000.0,457455,1699978620000.0,0.09450082505038841,-0.0019436159999999998,1837.448598421699,1838.0410433720012,-42.4,0.2292,254.4,0.22697120695635875,long_nclose,57.74147504969767,0.03142481106644043,2.0
1699978740000.0,457457,1699978740000.0,0.08090518748417687,-0.0016639919999999998,1837.5278396171832,1838.0575593800013,-36.3,0.2292,218.1,0.22697120695635875,long_nclose,49.502420237181845,0.026939684487988388,2.0
1699978860000.0,457459,1699978860000.0,0.06931546365724245,-0.0014256240000000001,1837.5957294568404,1838.0686137560015,-31.1,0.2292,187.0,0.22697120695635875,long_nclose,42.44361570083909,0.02309736304915371,2.0
1699979160000.0,457464,1699979160000.0,0.059508774265221005,-0.001223928,1837.6540143031057,1838.0273198280013,-26.7,0.2292,160.3,0.22697120695635875,long_nclose,36.38348447510431,0.019798876280256724,5.0
1699979520000.0,457470,1699979520000.0,0.051039360699384306,-0.001049736,1837.7040039278052,1838.0377200920016,-22.9,0.2292,137.4,0.22697120695635875,long_nclose,31.185843835803695,0.016970003748780448,6.0
1699981740000.0,457507,1699981740000.0,0.0,-0.012125750000000001,1837.6918781778052,1838.0876543420015,266.5,0.2275,403.9,0.2273201134830495,long_ientry_partial,91.81459383580369,0.04996190869975658,37.0
1699987800000.0,457608,1699987800000.0,0.0,-0.01837888,1837.6734992978052,1834.9984254620015,416.0,0.2209,819.9,0.22406268305379157,long_rentry,183.7089938358037,0.09996824457990001,101.0
1699987860000.0,457609,1699987860000.0,0.0,-0.018374888,1837.6551244098052,1832.2346705740015,422.8,0.2173,1242.7,0.22176183619200426,long_rentry,275.5834338358037,0.14996471871963032,1.0
1699987980000.0,457611,1699987980000.0,0.0,-0.026429570000000003,1837.6286948398053,1827.9238510040016,615.5,0.2147,1858.2,0.2194227122138649,long_rentry,407.73128383580377,0.22187903627144198,2.0
1699993020000.0,457695,1699993020000.0,0.5778521784402558,-0.011762528,1838.1947844902456,1841.6627684760017,-265.4,0.2216,1592.8,0.2194227122138649,long_nclose,349.496496014244,0.19013028377793145,84.0
1699993080000.0,457696,1699993080000.0,0.49533297134573556,-0.010082800000000001,1838.6800346615914,1841.9257456760017,-227.5,0.2216,1365.3,0.2194227122138649,long_nclose,299.57782898558975,0.16293091964786954,1.0
1699993920000.0,457710,1699993920000.0,0.42457111829634475,-0.0086424,1839.0959633798877,1841.8781032760016,-195.0,0.2216,1170.3,0.2194227122138649,long_nclose,256.79040010388604,0.13962860297510363,14.0
1699994100000.0,457713,1699994100000.0,0.36382478906317545,-0.007405872,1839.4523822969509,1841.7369574040017,-167.1,0.2216,1003.2,0.2194227122138649,long_nclose,220.12486489294926,0.11966869434156058,3.0
1699994220000.0,457715,1699994220000.0,0.3120053397531601,-0.006351056000000001,1839.758036580704,1841.9742463480015,-143.3,0.2216,859.9,0.2194227122138649,long_nclose,188.6815902327024,0.10255782906287937,2.0
1699996680000.0,457756,1699996680000.0,0.26737094013739043,-0.005442496,1840.0199650248414,1841.9196838520015,-122.8,0.2216,737.1,0.2194227122138649,long_nclose,161.7364811728398,0.087899307750531,41.0
1699997760000.0,457774,1699997760000.0,0.5252509401373927,-0.005494072,1840.5397218929788,1843.2286897800016,-122.8,0.2237,614.3,0.2194227122138649,long_nclose,134.7913721129772,0.07323469877321934,18.0
1699998120000.0,457780,1699998120000.0,0.43756654052162275,-0.004576902,1840.9727115315004,1843.0602828780015,-102.3,0.2237,512.0,0.2194227122138649,long_nclose,112.34442865349882,0.06102449425230197,6.0
1699998840000.0,457792,1699998840000.0,0.3648526481573257,-0.0038163220000000005,1841.3337478576577,1843.2015365560017,-85.3,0.2237,426.7,0.2194227122138649,long_nclose,93.62767130165615,0.050847746320073384,12.0
1700002200000.0,457848,1700002200000.0,0.5439826481573249,-0.0038521479999999997,1841.8738783578149,1844.0852244080013,-85.3,0.2258,341.4,0.2194227122138649,long_nclose,74.91091394981346,0.04067103335902827,56.0
1700002320000.0,457850,1700002320000.0,0.43493102701441455,-0.003079912,1842.3057294728294,1844.0753244960015,-68.2,0.2258,273.2,0.2194227122138649,long_nclose,59.94628497682788,0.03253872797430932,2.0
1700002620000.0,457855,1700002620000.0,0.34819991312297704,-0.002465736,1842.6514636499523,1844.0673987600014,-54.6,0.2258,218.6,0.2194227122138649,long_nclose,47.96580488995087,0.02603086141691683,5.0
1700002860000.0,457859,1700002860000.0,0.27868747625410434,-0.0019734920000000003,1842.9281776342066,1844.1135252680017,-43.7,0.2258,174.9,0.2194227122138649,long_nclose,38.37703236620497,0.020823943565435155,4.0
1700003280000.0,457866,1700003280000.0,0.22256734373611536,-0.0015760840000000002,1843.1491688939427,1844.0279891840016,-34.9,0.2258,140.0,0.2194227122138649,long_nclose,30.719179709941084,0.01666668125856324,7.0
1700003580000.0,457871,1700003580000.0,0.1785640580117831,-0.0012644800000000001,1843.3264684719545,1844.0519247040017,-28.0,0.2258,112.0,0.2194227122138649,long_nclose,24.575343767952866,0.01333206254469121,5.0
1700003700000.0,457873,1700003700000.0,0.14285124640942648,-0.0010115839999999998,1843.468308134364,1844.0486731200017,-22.4,0.2258,89.6,0.2194227122138649,long_nclose,19.66027501436229,0.01066482940206278,2.0
1700003940000.0,457877,1700003940000.0,0.11415345137181847,-0.0008083639999999999,1843.5816532217357,1844.0747547560015,-17.9,0.2258,71.7,0.2194227122138649,long_nclose,15.732608465734113,0.008533719370791483,4.0
1700005560000.0,457904,1700005560000.0,0.09119521534173208,-0.0006457880000000001,1843.6722026490775,1844.0497389680015,-14.3,0.2258,57.4,0.2194227122138649,long_nclose,12.594863681075845,0.006831400757129675,27.0
1700006640000.0,457922,1700006640000.0,0.07270108076194026,-0.0005148240000000001,1843.7443889058395,1844.0469441440018,-11.4,0.2258,46.0,0.2194227122138649,long_nclose,10.093444761837786,0.005474427378638797,18.0
1700006880000.0,457926,1700006880000.0,0.05867104763244301,-0.00041547199999999996,1843.802644481472,1844.0483686720017,-9.2,0.2258,36.8,0.2194227122138649,long_nclose,8.074755809470227,0.004379403529785625,4.0
1700007300000.0,457933,1700007300000.0,0.04655420083878631,-0.000329668,1843.8488690143108,1844.0635490040017,-7.3,0.2258,29.5,0.2194227122138649,long_nclose,6.472970010309014,0.003510575144789036,7.0
1700007780000.0,457941,1700007780000.0,0.06188420083878624,-0.000332734,1843.9104204811495,1844.1030562700016,-7.3,0.2279,22.2,0.2194227122138649,long_nclose,4.8711842111478,0.0026417683619775383,8.0
1700008080000.0,457946,1700008080000.0,0.04662508282374306,-0.00025069000000000003,1843.9567948739732,1844.0966955800016,-5.5,0.2279,16.7,0.2194227122138649,long_nclose,3.6643592939715437,0.001987226221437573,5.0
1700009100000.0,457963,1700009100000.0,0.03475687992315391,-0.00018687799999999997,1843.9913648758964,1844.0994387020016,-4.1,0.2279,12.6,0.2194227122138649,long_nclose,2.7647261738946973,0.0014993162259633293,17.0
1700009340000.0,457967,1700009340000.0,0.026279592137018814,-0.000141298,1844.0175031700333,1844.0989874040015,-3.1,0.2279,9.5,0.2194227122138649,long_nclose,2.0845157660317164,0.0011304208134945816,4.0
1700010120000.0,457980,1700010120000.0,0.01949776190811073,-0.00010483399999999999,1844.0368960979413,1844.0993725700014,-2.3,0.2279,7.2,0.2194227122138649,long_nclose,1.5798435279398273,0.0008567309750053493,13.0
1700010480000.0,457986,1700010480000.0,0.015259118015043182,-8.2044e-05,1844.0520731719564,1844.1000105260016,-1.8,0.2279,5.4,0.2194227122138649,long_nclose,1.1848826459548705,0.000642542942898978,6.0
1700011500000.0,458003,1700011500000.0,0.011020474121975632,-5.9254e-05,1844.0630343920784,1844.0982012720015,-1.3,0.2279,4.1,0.2194227122138649,long_nclose,0.8996331200768459,0.0004878537790186889,17.0
1700011620000.0,458005,1700011620000.0,0.008477287786135101,-4.558e-05,1844.0714660998644,1844.0986756920015,-1.0,0.2279,3.1,0.2194227122138649,long_nclose,0.6802104078629811,0.0003688633658551196,2.0
1700012160000.0,458014,1700012160000.0,0.0059341014502945705,-3.1905999999999996e-05,1844.0773682953147,1844.1017937860015,-0.7,0.2279,2.4,0.2194227122138649,long_nclose,0.5266145093132757,0.000285570724074383,9.0
1700013480000.0,458036,1700013480000.0,0.008461830228908096,-3.680000000000001e-05,1844.0857933255436,1844.1039969860014,-0.8,0.23,1.6,0.2194227122138649,long_nclose,0.35107633954218387,0.00019037961292954172,22.0
1700013600000.0,458038,1700013600000.0,0.00528864389306756,-2.3000000000000003e-05,1844.0910589694365,1844.1031339860012,-0.5,0.23,1.1,0.2194227122138649,long_nclose,0.2413649834352514,0.00013088561015535605,2.0
1700014020000.0,458045,1700014020000.0,0.003173186335840536,-1.3800000000000002e-05,1844.0942183557722,1844.103080186001,-0.3,0.23,0.8,0.2194227122138649,long_nclose,0.17553816977109193,9.518937157538781e-05,7.0
1700014920000.0,458060,1700014920000.0,0.002115457557227024,-9.200000000000002e-06,1844.0963246133294,1844.1032709860012,-0.2,0.23,0.6,0.2194227122138649,long_nclose,0.13165362732831892,7.139194714024718e-05,15.0
1700017020000.0,458095,1700017020000.0,0.003803186335840533,-1.3926e-05,1844.1001138736651,1844.1040070600009,-0.3,0.2321,0.3,0.2194227122138649,long_nclose,0.06582681366415946,3.5695900221970864e-05,35.0
1700017440000.0,458102,1700017440000.0,0.00443318633584053,-1.4051999999999999e-05,1844.1045330080008,1844.1045330080008,-0.3,0.2342,0.0,0.2194227122138649,long_nclose,0.0,0.0,7.0
1700070240000.0,458982,1700070240000.0,0.0,-0.018442726,1844.0860902820007,1844.0860902820007,392.9,0.2347,392.9,0.2347,long_ientry_normal,92.21363,0.050005056968841693,880.0
1700071920000.0,459010,1700071920000.0,0.1290299999999998,-0.00265914,1844.2124611420006,1845.0881411420007,-56.1,0.237,336.8,0.2347,long_nclose,79.04696,0.04286217649296837,28.0
1700072160000.0,459014,1700072160000.0,0.25245000000000023,-0.002683824,1844.4622273180005,1845.6973073180004,-56.1,0.2392,280.7,0.2347,long_nclose,65.88028999999999,0.0357178851506194,4.0
1700072220000.0,459015,1700072220000.0,0.2101500000000002,-0.002234128,1844.6701431900005,1845.4891431900005,-46.7,0.2392,234.0,0.2347,long_nclose,54.919799999999995,0.029772152058051317,1.0
1700072400000.0,459018,1700072400000.0,0.17550000000000016,-0.00186576,1844.8437774300005,1845.6627774300005,-39.0,0.2392,195.0,0.2347,long_nclose,45.7665,0.024807791618949988,3.0
1700072760000.0,459024,1700072760000.0,0.0639399999999999,-0.0013177199999999999,1844.9063997100004,1845.2407997100004,-27.8,0.237,167.2,0.2347,long_nclose,39.241839999999996,0.021270369058380627,6.0
1700072940000.0,459027,1700072940000.0,0.05473999999999992,-0.00112812,1844.9600115900005,1845.2754915900005,-23.8,0.237,143.4,0.2347,long_nclose,33.65598,0.018242118955735534,3.0
1700073000000.0,459028,1700073000000.0,0.04691999999999993,-0.00096696,1845.0059646300006,1845.2273646300005,-20.4,0.237,123.0,0.2347,long_nclose,28.8681,0.015646616083319406,1.0
1700073660000.0,459039,1700073660000.0,0.04024999999999994,-0.0008295,1845.0453851300006,1845.3196851300006,-17.5,0.237,105.5,0.2347,long_nclose,24.760849999999998,0.013420184782205434,11.0
1700074860000.0,459059,1700074860000.0,0.03449999999999995,-0.0007109999999999999,1845.0791741300006,1845.3597241300006,-15.0,0.237,90.5,0.2347,long_nclose,21.24035,0.01151189081629266,20.0
1700075220000.0,459065,1700075220000.0,0.06750000000000006,-0.0007176000000000001,1845.1459565300008,1845.531006530001,-15.0,0.2392,75.5,0.2347,long_nclose,17.71985,0.009603495017447899,6.0
1700075340000.0,459067,1700075340000.0,0.05625000000000005,-0.000598,1845.2016085300008,1845.4725085300008,-12.5,0.2392,63.0,0.2347,long_nclose,14.7861,0.008013270708006536,2.0
1700075880000.0,459076,1700075880000.0,0.02069999999999997,-0.0004266,1845.2218819300008,1845.3460819300008,-9.0,0.237,54.0,0.2347,long_nclose,12.6738,0.006868442285511974,9.0
1700076300000.0,459083,1700076300000.0,0.017709999999999972,-0.00036498,1845.2392269500008,1845.3457169500007,-7.7,0.237,46.3,0.2347,long_nclose,10.86661,0.005888997936577274,7.0
1700076360000.0,459084,1700076360000.0,0.015179999999999976,-0.00031284,1845.2540941100008,1845.3652541100007,-6.6,0.237,39.7,0.2347,long_nclose,9.317590000000001,0.005049488864293262,1.0
1700078400000.0,459118,1700078400000.0,0.029700000000000025,-0.000315744,1845.2834783660007,1845.4423583660007,-6.6,0.2392,33.1,0.2347,long_nclose,7.76857,0.004209960199112102,34.0
1700078760000.0,459124,1700078760000.0,0.024750000000000022,-0.00026312,1845.3079652460008,1845.4238852460007,-5.5,0.2392,27.6,0.2347,long_nclose,6.47772,0.0035103734021634946,6.0
1700078820000.0,459125,1700078820000.0,0.020700000000000017,-0.000220064,1845.328445182001,1845.429645182001,-4.6,0.2392,23.0,0.2347,long_nclose,5.3980999999999995,0.0029252787026038587,1.0
1700082240000.0,459182,1700082240000.0,0.007359999999999989,-0.00015168,1845.335653502001,1845.383173502001,-3.2,0.237,19.8,0.2347,long_nclose,4.64706,0.002518273567836292,57.0
1700082960000.0,459194,1700082960000.0,0.0,-0.017521938,1845.3181315640009,1845.377081564001,371.7,0.2357,391.5,0.23564942528735633,long_ientry_partial,92.25675,0.04999503794058953,12.0
1700087580000.0,459271,1700087580000.0,0.12580712643678124,-0.002659722,1845.4412789684375,1846.2301318420007,-55.9,0.2379,335.6,0.23564942528735633,long_nclose,79.08394712643678,0.042853678427873375,77.0
1700088120000.0,459280,1700088120000.0,0.10780252873563186,-0.002279082,1845.546802415173,1846.2518327600005,-47.9,0.2379,287.7,0.23564942528735633,long_nclose,67.79633965517242,0.03673509637710125,9.0
1700088240000.0,459282,1700088240000.0,0.0924986206896549,-0.001955538,1845.6373454978627,1846.2169972220006,-41.1,0.2379,246.6,0.23564942528735633,long_nclose,58.11114827586207,0.03148568076909309,2.0
1700092320000.0,459350,1700092320000.0,0.07922022988505724,-0.0016748160000000002,1845.7148909117477,1846.2118024060005,-35.2,0.2379,211.4,0.23564942528735633,long_nclose,49.81628850574713,0.02699024034049963,68.0
1700092560000.0,459354,1700092560000.0,0.06796735632183888,-0.0014369159999999999,1845.7814213520694,1846.1892254900004,-30.2,0.2379,181.2,0.23564942528735633,long_nclose,42.699675862068965,0.023133657847087145,4.0
1700092740000.0,459357,1700092740000.0,0.05806482758620673,-0.0012275640000000002,1845.8382586156556,1846.2035379260005,-25.8,0.2379,155.4,0.23564942528735633,long_nclose,36.619920689655174,0.01983918174776561,3.0
1700093100000.0,459363,1700093100000.0,0.0499627586206895,-0.0010562759999999999,1845.8871650982762,1846.2002616500004,-22.2,0.2379,133.2,0.23564942528735633,long_nclose,31.38850344827586,0.017004562381582364,6.0
1700093700000.0,459373,1700093700000.0,0.04276091954022976,-0.0009040200000000001,1845.9290219978166,1846.1974576300004,-19.0,0.2379,114.2,0.23564942528735633,long_nclose,26.91116436781609,0.014578656084344246,10.0
1700094180000.0,459381,1700094180000.0,0.03668436781609185,-0.0007755540000000001,1845.9649308116327,1846.2048420760004,-16.3,0.2379,97.9,0.23564942528735633,long_nclose,23.070078735632187,0.012497571514258805,8.0
1700095020000.0,459395,1700095020000.0,0.03128298850574703,-0.0006613620000000001,1845.9955524381385,1846.2098007140005,-13.9,0.2379,84.0,0.23564942528735633,long_nclose,19.794551724137932,0.010722968263923415,14.0
1700095500000.0,459403,1700095500000.0,0.027006896551724058,-0.00057096,1846.0219883746902,1846.2128297540005,-12.0,0.2379,72.0,0.23564942528735633,long_nclose,16.966758620689657,0.009190984033525978,8.0
1700096160000.0,459414,1700096160000.0,0.02295586206896545,-0.000485316,1846.044458920759,1846.1959044380005,-10.2,0.2379,61.8,0.23564942528735633,long_nclose,14.56313448275862,0.007888831935972208,11.0
1700097780000.0,459441,1700097780000.0,0.01980505747126431,-0.00041870400000000005,1846.0638452742305,1846.1884257340007,-8.8,0.2379,53.0,0.23564942528735633,long_nclose,12.489419540229886,0.006765432068994666,27.0
1700098980000.0,459461,1700098980000.0,0.016879310344827536,-0.00035685000000000003,1846.0803677345755,1846.1964188840006,-7.5,0.2379,45.5,0.23564942528735633,long_nclose,10.722048850574714,0.005808007624138443,20.0
1700100780000.0,459491,1700100780000.0,0.014628735632183865,-0.00030927,1846.0946872002078,1846.1863596140008,-6.5,0.2379,39.0,0.23564942528735633,long_nclose,9.190327586206896,0.004978253634511549,30.0
1700101200000.0,459498,1700101200000.0,0.012378160919540193,-0.00026169,1846.1068036711274,1846.1922479240009,-5.5,0.2379,33.5,0.23564942528735633,long_nclose,7.894255747126437,0.004276164158773531,7.0
1700101800000.0,459508,1700101800000.0,0.010577701149425257,-0.00022362600000000002,1846.117157746277,1846.184854298001,-4.7,0.2379,28.8,0.23564942528735633,long_nclose,6.786703448275863,0.0036762040912728467,10.0
1700102400000.0,459518,1700102400000.0,0.009227356321839053,-0.00019507799999999998,1846.1261900245988,1846.1867192200011,-4.1,0.2379,24.7,0.23564942528735633,long_nclose,5.820540804597701,0.0031528401666411246,10.0
1700105640000.0,459572,1700105640000.0,0.00787701149425285,-0.00016653000000000002,1846.1339005060931,1846.1816126900012,-3.5,0.2379,21.2,0.23564942528735633,long_nclose,4.995767816091954,0.0027060701364740826,54.0
1700105700000.0,459573,1700105700000.0,0.0067517241379310144,-0.00014274,1846.1405094902311,1846.1832899500012,-3.0,0.2379,18.2,0.23564942528735633,long_nclose,4.288819540229885,0.0023231273666239755,1.0
1700105820000.0,459575,1700105820000.0,0.005851494252873546,-0.000123708,1846.146237276484,1846.1829062420013,-2.6,0.2379,15.6,0.23564942528735633,long_nclose,3.6761310344827587,0.0019912458505486263,2.0
1700106120000.0,459580,1700106120000.0,0.0049512643678160774,-0.00010467600000000001,1846.1510838648517,1846.1879415660012,-2.2,0.2379,13.4,0.23564942528735633,long_nclose,3.157702298850575,0.0017104246377496026,5.0
1700106540000.0,459587,1700106540000.0,0.004276091954022975,-9.040199999999999e-05,1846.1552695548057,1846.1811511640012,-1.9,0.2379,11.5,0.23564942528735633,long_nclose,2.709968390804598,0.001467898413256485,7.0
1700106600000.0,459588,1700106600000.0,0.0036009195402298745,-7.612800000000001e-05,1846.158794346346,1846.1840450360012,-1.6,0.2379,9.9,0.23564942528735633,long_nclose,2.3329293103448276,0.0012636666561344353,1.0
1700108040000.0,459612,1700108040000.0,0.00315080459770114,-6.661199999999999e-05,1846.1618785389437,1846.1818584240011,-1.4,0.2379,8.5,0.23564942528735633,long_nclose,2.0030201149425286,0.0010849645083819642,24.0
1700108340000.0,459617,1700108340000.0,0.0027006896551724055,-5.7096000000000004e-05,1846.164522132599,1846.1824113280013,-1.2,0.2379,7.3,0.23564942528735633,long_nclose,1.7202408045977011,0.0009317917141049613,5.0
1700109060000.0,459629,1700109060000.0,0.0022505747126436715,-4.758e-05,1846.1667251273116,1846.1834237480011,-1.0,0.2379,6.3,0.23564942528735633,long_nclose,1.484591379310345,0.0008041480539673184,12.0
1700111280000.0,459666,1700111280000.0,0.0,-0.018161416,1846.1485637113115,1846.076532332001,383.8,0.2366,390.1,0.23658464849861663,long_ientry_partial,92.29167137931036,0.049991465038857145,37.0
1700117520000.0,459770,1700117520000.0,0.12896507862705386,-0.002661346,1846.2748674439385,1847.0825609860012,-55.7,0.2389,334.4,0.23658464849861663,long_nclose,79.11390645793739,0.04285055700696725,104.0
1700117760000.0,459774,1700117760000.0,0.25707507862705364,-0.0026869680000000005,1846.5292555545655,1847.899164018001,-55.7,0.2412,278.7,0.23658464849861663,long_nclose,65.93614153656445,0.0357081488626412,4.0
1700119620000.0,459805,1700119620000.0,0.21415230966418833,-0.002238336,1846.7411695282296,1847.999155682001,-46.4,0.2412,232.3,0.23658464849861663,long_nclose,54.958613846228644,0.029759781583397756,31.0
1700119980000.0,459811,1700119980000.0,0.1786141031035364,-0.0018668880000000001,1846.917916743333,1847.8501687940009,-38.7,0.2412,193.6,0.23658464849861663,long_nclose,45.80278794933218,0.02479957963161468,6.0
1700120100000.0,459813,1700120100000.0,0.1486143183445445,-0.0015533280000000003,1847.0649777336776,1847.8098954660009,-32.2,0.2412,161.4,0.23658464849861663,long_nclose,38.184762267676724,0.020673210053784294,2.0
1700120220000.0,459815,1700120220000.0,0.12415295538721262,-0.001297656,1847.1878330330649,1847.8623978100009,-26.9,0.2412,134.5,0.23658464849861663,long_nclose,31.820635223063938,0.01722652924300327,2.0
1700122140000.0,459847,1700122140000.0,0.10338387363098746,-0.001080576,1847.2901363306958,1847.829937234001,-22.4,0.2412,112.1,0.23658464849861663,long_nclose,26.521139096694924,0.01435678054849268,32.0
1700123160000.0,459864,1700123160000.0,0.0,-0.013144032000000002,1847.2769922986959,1847.390813202001,276.6,0.2376,388.7,0.2373071754481475,long_ientry_partial,92.24129909669493,0.04993365882931971,17.0
1700133300000.0,460033,1700133300000.0,0.12725176262781412,-0.00265956,1847.4015845013237,1848.165553642001,-55.5,0.2396,333.2,0.2373071754481475,long_nclose,79.07075085932274,0.04280106259661275,169.0
1700133360000.0,460034,1700133360000.0,0.10913844866817933,-0.0022809920000000003,1847.5084419579919,1848.077592650001,-47.6,0.2396,285.6,0.2373071754481475,long_nclose,67.77492930799093,0.03668450317670158,1.0
1700133600000.0,460038,1700133600000.0,0.09354724171558228,-0.001955136,1847.6000340637074,1848.112357514001,-40.8,0.2396,244.8,0.2373071754481475,long_nclose,58.09279654970651,0.03144230108176292,4.0
1700134080000.0,460046,1700134080000.0,0.0800195768596525,-0.0016724080000000002,1847.678381232567,1848.1596451060009,-34.9,0.2396,209.9,0.2373071754481475,long_nclose,49.81077612656616,0.026958574951414384,8.0
1700134140000.0,460047,1700134140000.0,0.06855545410038996,-0.001432808,1847.7455038786675,1848.0682122980008,-29.9,0.2396,180.0,0.2373071754481475,long_nclose,42.71529158066655,0.023117518885042005,1.0
1700134680000.0,460056,1700134680000.0,0.05892559098260943,-0.0012315440000000002,1847.8031979256502,1848.172410754001,-25.7,0.2396,154.3,0.2373071754481475,long_nclose,36.616497171649165,0.019816232168423,9.0
1700135580000.0,460071,1700135580000.0,0.0,-0.011157888,1847.7920400376502,1847.697602866001,235.2,0.2372,389.5,0.23724245743683992,long_ientry_partial,92.40593717164914,0.05000884037240809,15.0
1700140680000.0,460156,1700140680000.0,0.0,-0.018476880000000005,1847.7735631576502,1846.095735986001,400.8,0.2305,790.3,0.23382302565057467,long_rentry,184.79033717164916,0.1000070251334595,85.0
1700161980000.0,460511,1700161980000.0,0.0,-0.018479664,1847.75508349365,1842.683866322001,407.4,0.2268,1197.7,0.23143412972501387,long_rentry,277.18865717164914,0.15001374351386096,355.0
1700162520000.0,460520,1700162520000.0,0.0,-0.026575360000000003,1847.7285081336502,1841.690090962001,593.2,0.224,1790.9,0.22897172213504335,long_rentry,410.06545717164914,0.22192949633376996,9.0
1700181720000.0,460840,1700181720000.0,0.5699934778559073,-0.011828192000000001,1848.286673419506,1851.553792770001,-255.8,0.2312,1535.1,0.22897172213504335,long_nclose,351.49449064950505,0.1901731455971637,320.0
1700181780000.0,460841,1700181780000.0,0.48866133578499005,-0.010140432,1848.765194323291,1851.6971623380011,-219.3,0.2312,1315.8,0.22897172213504335,long_nclose,301.28099198529003,0.1629633622000163,1.0
1700181900000.0,460843,1700181900000.0,0.4186934108253517,-0.008688496,1849.1751992381164,1851.801263842001,-187.9,0.2312,1127.9,0.22897172213504335,long_nclose,258.2572053961154,0.13966075551008938,2.0
1700182200000.0,460848,1700182200000.0,0.35897556404451386,-0.007449264,1849.5267255381611,1851.8743845780011,-161.1,0.2312,966.8,0.22897172213504335,long_nclose,221.3698609601599,0.11969000388234315,5.0
1700183160000.0,460864,1700183160000.0,0.30772517315051123,-0.006385744,1849.8280649673115,1851.757508834001,-138.1,0.2312,828.7,0.22897172213504335,long_nclose,189.74886613331043,0.10257648790546568,16.0
1700183280000.0,460866,1700183280000.0,0.2636052714243699,-0.005470192,1850.086200046736,1851.8112486420011,-118.3,0.2312,710.4,0.22897172213504335,long_nclose,162.6615114047348,0.08792104465220363,2.0
1700184960000.0,460894,1700184960000.0,0.5243080992108665,-0.005526912,1850.6049812339468,1853.344921730001,-118.4,0.2334,592.0,0.22897172213504335,long_nclose,135.55125950394566,0.07324699807819753,28.0
1700185320000.0,460900,1700185320000.0,0.4366281974847249,-0.004602648,1851.0370067834315,1853.271259082001,-98.6,0.2334,493.4,0.22897172213504335,long_nclose,112.97464770143038,0.06103316534862139,6.0
1700185440000.0,460902,1700185440000.0,0.36400444049943603,-0.0038370960000000003,1851.3971741279308,1853.300321986001,-82.2,0.2334,411.2,0.22897172213504335,long_nclose,94.15317214192983,0.050855199228808955,2.0
1700185680000.0,460906,1700185680000.0,0.30333703374953,-0.00319758,1851.6973135816804,1853.317694406001,-68.5,0.2334,342.7,0.22897172213504335,long_nclose,78.46860917567936,0.042376585309129154,4.0
1700188080000.0,460946,1700188080000.0,0.4540370337495305,-0.0032277200000000003,1852.1481228954299,1854.047856686001,-68.5,0.2356,274.2,0.22897172213504335,long_nclose,62.78404620942889,0.03389796174146143,40.0
1700189280000.0,460966,1700189280000.0,0.20237229842851856,-0.0021332760000000004,1852.3483619178585,1853.451623410001,-45.7,0.2334,228.5,0.22897172213504335,long_nclose,52.320038507857404,0.028245247807322276,20.0
1700190720000.0,460990,1700190720000.0,0.1682745588683524,-0.00177384,1852.514862636727,1853.3774995700012,-38.0,0.2334,190.5,0.22897172213504335,long_nclose,43.61911306672576,0.02354589101900196,24.0
1700192160000.0,461014,1700192160000.0,0.14037640831912557,-0.001479756,1852.653759289046,1853.3728498140013,-31.7,0.2334,158.8,0.22897172213504335,long_nclose,36.360709475044885,0.019626284346298074,24.0
1700192340000.0,461017,1700192340000.0,0.11690653563485535,-0.001232352,1852.769433472681,1853.368977462001,-26.4,0.2334,132.4,0.22897172213504335,long_nclose,30.31585601067974,0.016362454746383717,3.0
1700192460000.0,461019,1700192460000.0,0.09742211302904613,-0.0010269600000000002,1852.86582862571,1853.3657505020012,-22.0,0.2334,110.4,0.22897172213504335,long_nclose,25.278478123708787,0.013642908047183372,2.0
1700193600000.0,461038,1700193600000.0,0.08148031271520222,-0.000858912,1852.9464500264253,1853.3630515900013,-18.4,0.2334,92.0,0.22897172213504335,long_nclose,21.06539843642399,0.011368595372048432,19.0
1700194920000.0,461060,1700194920000.0,0.06775265133383664,-0.0007142040000000001,1853.0134884737593,1853.3684773860014,-15.3,0.2334,76.7,0.22897172213504335,long_nclose,17.562131087757827,0.009477605639138081,22.0
1700195700000.0,461073,1700195700000.0,0.056239128884949356,-0.000592836,1853.0691347666443,1853.3717445500015,-12.7,0.2334,64.0,0.22897172213504335,long_nclose,14.654190216642775,0.00790806448702097,13.0
1700196060000.0,461079,1700196060000.0,0.046939745368540405,-0.000494808,1853.1155797040128,1853.3467097420014,-10.6,0.2334,53.4,0.22897172213504335,long_nclose,12.227089962011314,0.006598125932309238,6.0
1700196480000.0,461086,1700196480000.0,0.03941167299811412,-0.000415452,1853.154575925011,1853.3694342900014,-8.9,0.2334,44.5,0.22897172213504335,long_nclose,10.189241635009429,0.005498322572429459,7.0
1700197320000.0,461100,1700197320000.0,0.03276925620067916,-0.000345432,1853.1869997492117,1853.3587088580016,-7.4,0.2334,37.1,0.22897172213504335,long_nclose,8.494850891210108,0.004583914571146733,14.0
1700197800000.0,461108,1700197800000.0,0.027012494976235518,-0.00028474800000000003,1853.2137274961879,1853.3603041100016,-6.1,0.2334,31.0,0.22897172213504335,long_nclose,7.098123386186344,0.00383016987240666,8.0
1700198040000.0,461112,1700198040000.0,0.022584217111278875,-0.000238068,1853.236073645299,1853.3533560420015,-5.1,0.2334,25.9,0.22897172213504335,long_nclose,5.930367603297623,0.003200006565613976,4.0
1700198160000.0,461114,1700198160000.0,0.01904159481931356,-0.000200724,1853.2549145161183,1853.3570453180014,-4.3,0.2334,21.6,0.22897172213504335,long_nclose,4.945789198116937,0.0026687042129918074,2.0
1700198580000.0,461121,1700198580000.0,0.01594180031384391,-0.00016804800000000001,1853.2706882684322,1853.3521972700014,-3.6,0.2334,18.0,0.22897172213504335,long_nclose,4.12149099843078,0.00222390124902996,7.0
1700199060000.0,461129,1700199060000.0,0.013284833594869927,-0.00014004,1853.2838330620273,1853.3517572300016,-3.0,0.2334,15.0,0.22897172213504335,long_nclose,3.4345758320256503,0.0018532378962972905,8.0
1700205720000.0,461240,1700205720000.0,0.0,-0.017839328,1853.2659937340272,1853.3883779020016,384.8,0.2318,399.8,0.2316938865233258,long_ientry_partial,92.63121583202565,0.049982687938599106,111.0
1700223300000.0,461533,1700223300000.0,0.0,-0.018533960000000002,1853.2474597740272,1850.4078139420017,411.5,0.2252,811.3,0.22840011812156497,long_rentry,185.30101583202566,0.09998719537142657,293.0
1700232360000.0,461684,1700232360000.0,0.0,-0.018530690000000002,1853.2289290840272,1848.6145432520016,418.3,0.2215,1229.6,0.2260527536044451,long_rentry,277.9544658320257,0.149983880280461,151.0
1700234760000.0,461724,1700234760000.0,0.0,-0.02664984,1853.2022792440273,1843.9165734120015,609.0,0.2188,1838.6,0.22365042196890333,long_rentry,411.20366583202565,0.22188817186204143,40.0
1700237100000.0,461763,1700237100000.0,0.0,-0.039319708,1853.1629595360273,1838.6381137040016,910.6,0.2159,2749.2,0.22108329908046914,long_rentry,607.8022058320257,0.3279809812215327,39.0
1700286540000.0,462587,1700286540000.0,0.0,-0.057867999999999996,1853.1050915360272,1831.1522057040015,1361.6,0.2125,4110.8,0.21824029527878408,long_rentry,897.1422058320256,0.4841291570184992,824.0
1700290980000.0,462661,1700290980000.0,0.0,-0.08489703,1853.020194506027,1813.5944586740015,2035.9,0.2085,6146.7,0.21501413048172607,long_rentry,1321.6273558320256,0.7132287925142344,74.0
1700373660000.0,464039,1700373660000.0,1.831602023996324,-0.038127101999999996,1854.8136694280233,1866.3301415720014,-878.1,0.2171,5268.6,0.21501413048172607,long_nclose,1132.823447856022,0.6107478430463344,1378.0
1700385720000.0,464240,1700385720000.0,1.5698253994529476,-0.032677892,1856.3508169354761,1866.2222036800013,-752.6,0.2171,4516.0,0.21501413048172607,long_nclose,971.0038132554749,0.5230712882484354,201.0
1700389320000.0,464300,1700389320000.0,1.345594426238502,-0.028010242,1857.6684011197146,1865.3555034380013,-645.1,0.2171,3870.9,0.21501413048172607,long_nclose,832.2981976817135,0.44803378104512276,60.0
1700399040000.0,464462,1700399040000.0,1.1532772566536469,-0.024006918,1858.7976714583683,1866.0503865200012,-552.9,0.2171,3318.0,0.21501413048172607,long_nclose,713.4168849383672,0.38380556199999827,162.0
1700400720000.0,464490,1700400720000.0,0.9887021516618353,-0.02058108,1859.76579253003,1867.120005440001,-474.0,0.2171,2844.0,0.21501413048172607,long_nclose,611.5001870900289,0.3288049439054057,28.0
1700403840000.0,464542,1700403840000.0,0.8472801983228638,-0.017637204,1860.5954355243528,1865.924148236001,-406.2,0.2171,2437.8,0.21501413048172607,long_nclose,524.1614472883518,0.2817170445979476,52.0
1700404620000.0,464555,1700404620000.0,0.7262997662629769,-0.015118844,1861.3066164466159,1865.8742093920011,-348.2,0.2171,2089.6,0.21501413048172607,long_nclose,449.2935270546148,0.2413860903327966,13.0
1700407380000.0,464601,1700407380000.0,0.6226320512047633,-0.012960870000000001,1861.9162876278208,1865.1149585220012,-298.5,0.2171,1791.1,0.21501413048172607,long_nclose,385.11180910581953,0.20683626415689838,46.0
1700407620000.0,464605,1700407620000.0,0.5335654227744672,-0.011106836,1862.4387462145953,1865.6411816860013,-255.8,0.2171,1535.3,0.21501413048172607,long_nclose,330.111194528594,0.17724673909385993,4.0
1700407680000.0,464606,1700407680000.0,0.45743118535746935,-0.009522006000000001,1862.8866553939529,1865.7632596800013,-219.3,0.2171,1316.0,0.21501413048172607,long_nclose,282.9585957139515,0.15189254531114402,1.0
1700408100000.0,464613,1700408100000.0,0.39214346943549583,-0.00816296,1863.2706359033884,1865.8490967200014,-188.0,0.2171,1128.0,0.21501413048172607,long_nclose,242.535939183387,0.130166780128425,7.0
1700417880000.0,464776,1700417880000.0,0.7869434694354993,-0.008241920000000002,1864.049337452824,1868.0780548000014,-188.0,0.2192,940.0,0.21501413048172607,long_nclose,202.1132826528225,0.10842700275788042,163.0
1700423580000.0,464871,1700423580000.0,1.1629434694354996,-0.00831712,1865.2039638022595,1870.1565376800015,-188.0,0.2212,752.0,0.21501413048172607,long_nclose,161.690626122258,0.08668790612724632,95.0
1700425200000.0,464898,1700425200000.0,0.9303547755483997,-0.0066536960000000015,1866.127664881808,1869.9092439840015,-150.4,0.2212,601.6,0.21501413048172607,long_nclose,129.3525008978064,0.06931599768443442,27.0
1700426040000.0,464912,1700426040000.0,0.7441601030483542,-0.005322072000000001,1866.8665029128565,1870.0362819120016,-120.3,0.2212,481.3,0.21501413048172607,long_nclose,103.48630100085477,0.05543315541812226,14.0
1700426760000.0,464924,1700426760000.0,0.5950806476579525,-0.004255888,1867.4573276725146,1869.878016024002,-96.2,0.2212,385.1,0.21501413048172607,long_nclose,82.80194164851271,0.04433940225649601,12.0
1700427840000.0,464942,1700427840000.0,0.47631195290709294,-0.00340648,1867.9302331454217,1869.8669095440018,-77.0,0.2212,308.1,0.21501413048172607,long_nclose,66.24585360141981,0.03546484361456473,18.0
1700428140000.0,464947,1700428140000.0,0.3810495623256744,-0.0027251840000000003,1868.3085575237474,1869.7840743600018,-61.6,0.2212,246.5,0.21501413048172607,long_nclose,53.000983163745474,0.028368431408349847,5.0
1700428740000.0,464957,1700428740000.0,0.30496336725090495,-0.0021810320000000003,1868.6113398589982,1869.8706333280018,-49.3,0.2212,197.2,0.21501413048172607,long_nclose,42.40078653099638,0.02269106776061621,10.0
1700431020000.0,464995,1700431020000.0,0.243723259019993,-0.001743056,1868.8533200620184,1869.845230272002,-39.4,0.2212,157.8,0.21501413048172607,long_nclose,33.92922979001638,0.01815510582119437,38.0
1700434920000.0,465060,1700434920000.0,0.19485488982562893,-0.00139356,1869.046781391844,1869.865946712002,-31.5,0.2212,126.3,0.21501413048172607,long_nclose,27.156284679842003,0.014529483665261298,65.0
1700436720000.0,465090,1700436720000.0,0.26100488982562864,-0.00140679,1869.3063794916698,1870.0918799220021,-31.5,0.2233,94.8,0.21501413048172607,long_nclose,20.38333956966763,0.010904226184265512,30.0
1700436780000.0,465091,1700436780000.0,0.196375107583092,-0.001058442,1869.5016961572528,1870.097931480002,-23.7,0.2233,71.1,0.21501413048172607,long_nclose,15.287504677250723,0.008177315221844452,1.0
1700436900000.0,465093,1700436900000.0,0.14665989047344846,-0.000790482,1869.6475655657264,1870.0953709980022,-17.7,0.2233,53.4,0.21501413048172607,long_nclose,11.481754567724172,0.006141133109356881,2.0
1700437320000.0,465100,1700437320000.0,0.11020206459304321,-0.000593978,1869.7571736523194,1870.0974570200021,-13.3,0.2233,40.1,0.21501413048172607,long_nclose,8.622066632317216,0.004611329617457847,7.0
1700438100000.0,465113,1700438100000.0,0.08285869518273925,-0.00044660000000000007,1869.839585747502,1870.092000420002,-10.0,0.2233,30.1,0.21501413048172607,long_nclose,6.471925327499955,0.0034612195489019375,13.0
1700438700000.0,465123,1700438700000.0,0.06214402138705444,-0.00033495,1869.901394818889,1870.084135470002,-7.5,0.2233,22.6,0.21501413048172607,long_nclose,4.859319348887009,0.0025987035264806906,10.0
1700438820000.0,465125,1700438820000.0,0.046400869302333975,-0.000250096,1869.9475455921913,1870.090105374002,-5.6,0.2233,17.0,0.21501413048172607,long_nclose,3.655240218189343,0.001954728744560463,2.0
1700438940000.0,465127,1700438940000.0,0.03480065197675049,-0.00018757200000000003,1869.982158672168,1870.0856578020018,-4.2,0.2233,12.8,0.21501413048172607,long_nclose,2.752180870166094,0.001471768517898778,2.0
1700439000000.0,465128,1700439000000.0,0.026514782458476563,-0.00014291200000000003,1870.0085305426264,1870.0919148900018,-3.2,0.2233,9.6,0.21501413048172607,long_nclose,2.06413565262457,0.0011038108216680773,1.0
1700439660000.0,465139,1700439660000.0,0.01988608684385742,-0.000107184,1870.0283094454703,1870.0894077060018,-2.4,0.2233,7.2,0.21501413048172607,long_nclose,1.5481017394684278,0.0008278493601669029,11.0
1700439960000.0,465144,1700439960000.0,0.014914565132893066,-8.0388e-05,1870.043143622603,1870.0862673180018,-1.8,0.2233,5.4,0.21501413048172607,long_nclose,1.1610763046013208,0.0006208820949190035,5.0
1700440740000.0,465157,1700440740000.0,0.010771630373756103,-5.8058e-05,1870.053857194977,1870.0878292600019,-1.3,0.2233,4.1,0.21501413048172607,long_nclose,0.8815579349750768,0.0004714077787563758,13.0
1700440980000.0,465161,1700440980000.0,0.008285869518273925,-4.466e-05,1870.0620984044951,1870.0880946000018,-1.0,0.2233,3.1,0.21501413048172607,long_nclose,0.6665438044933508,0.0003564287009837986,4.0
1700441580000.0,465171,1700441580000.0,0.005800108662791747,-3.1262e-05,1870.0678672511578,1870.0882333380016,-0.7,0.2233,2.4,0.21501413048172607,long_nclose,0.5160339131561426,0.00027594394951808293,10.0
1700442060000.0,465179,1700442060000.0,0.004971521710964355,-2.6796e-05,1870.072811976869,1870.0877265420017,-0.6,0.2233,1.8,0.21501413048172607,long_nclose,0.38702543486710694,0.00020695741491368952,8.0
1700442120000.0,465180,1700442120000.0,0.0033143478073095704,-1.7864000000000004e-05,1870.0761084606763,1870.0878486780018,-0.4,0.2233,1.4,0.21501413048172607,long_nclose,0.3010197826744165,0.00016096659452122307,1.0
1700442720000.0,465190,1700442720000.0,0.0024857608554821773,-1.3398e-05,1870.0785808235319,1870.0874752800019,-0.3,0.2233,1.1,0.21501413048172607,long_nclose,0.2365155435298987,0.00012647358563175654,10.0
1700443380000.0,465201,1700443380000.0,0.0016571739036547852,-8.932000000000002e-06,1870.0802290654356,1870.087956348002,-0.2,0.2233,0.9,0.21501413048172607,long_nclose,0.19351271743355347,0.00010347829704090321,11.0
1700444880000.0,465226,1700444880000.0,0.0016571739036547852,-8.932000000000002e-06,1870.0818773073393,1870.0876074160021,-0.2,0.2233,0.7,0.21501413048172607,long_nclose,0.15050989133720824,8.04830489849577e-05,25.0
1700446800000.0,465258,1700446800000.0,0.0008285869518273926,-4.466000000000001e-06,1870.082701428291,1870.087732950002,-0.1,0.2233,0.6,0.21501413048172607,long_nclose,0.12900847828903564,6.898544015754189e-05,32.0
1700446920000.0,465260,1700446920000.0,0.0008285869518273926,-4.466000000000001e-06,1870.083525549243,1870.087668484002,-0.1,0.2233,0.5,0.21501413048172607,long_nclose,0.10750706524086304,5.748784146381283e-05,2.0
1700447040000.0,465262,1700447040000.0,0.0008285869518273926,-4.466000000000001e-06,1870.0843496701948,1870.0877840180021,-0.1,0.2233,0.4,0.21501413048172607,long_nclose,0.08600565219269043,4.5990252903757125e-05,2.0
1700447760000.0,465274,1700447760000.0,0.0008285869518273926,-4.466000000000001e-06,1870.0851737911466,1870.087689552002,-0.1,0.2233,0.3,0.21501413048172607,long_nclose,0.06450423914451782,3.449267447736139e-05,12.0
1700450280000.0,465316,1700450280000.0,0.0008285869518273926,-4.466000000000001e-06,1870.0859979120985,1870.087675086002,-0.1,0.2233,0.2,0.21501413048172607,long_nclose,0.04300282609634522,2.2995106184612223e-05,42.0
1700452320000.0,465350,1700452320000.0,0.0008285869518273926,-4.466000000000001e-06,1870.0868220330503,1870.0876706200022,-0.1,0.2233,0.1,0.21501413048172607,long_nclose,0.02150141304817261,1.1497548025496225e-05,34.0
1700455560000.0,465404,1700455560000.0,0.0008285869518273926,-4.466000000000001e-06,1870.0876461540022,1870.0876461540022,-0.1,0.2233,0.0,0.21501413048172607,long_nclose,0.0,0.0,54.0
1700457960000.0,465444,1700457960000.0,0.0,-0.01869985,1870.068946304002,1870.0266963040021,422.5,0.2213,422.5,0.2213,long_ientry_normal,93.49925,0.049997755529169984,40.0
1700467020000.0,465595,1700467020000.0,0.12662999999999944,-0.002694204,1870.1928821000022,1871.1346021000022,-60.3,0.2234,362.2,0.2213,long_nclose,80.15486,0.042859140769478124,151.0
1700468220000.0,465615,1700468220000.0,0.10856999999999953,-0.002309956,1870.2991421440022,1871.075392144002,-51.7,0.2234,310.5,0.2213,long_nclose,68.71365,0.03673939021392624,20.0
1700472480000.0,465686,1700472480000.0,0.22230999999999992,-0.002332704,1870.5191194400022,1871.7095994400022,-51.7,0.2256,258.8,0.2213,long_nclose,57.27244,0.030618473451982826,71.0
1700480400000.0,465818,1700480400000.0,0.18532999999999994,-0.001944672,1870.7025047680022,1871.6515847680023,-43.1,0.2256,215.7,0.2213,long_nclose,47.73441,0.02551683652442634,132.0
1700483280000.0,465866,1700483280000.0,0.0,-0.009070040000000001,1870.693434728002,1871.2301447280022,203.0,0.2234,418.7,0.2223181514210652,long_ientry_partial,93.08461,0.049759414488742486,48.0
1700483760000.0,465874,1700483760000.0,0.1304745450203012,-0.00268502,1870.8212242530224,1871.496619708002,-59.8,0.2245,358.9,0.2223181514210652,long_nclose,79.78998454502029,0.04264971099891101,8.0
1700485440000.0,465902,1700485440000.0,0.11171064724146192,-0.00229888,1870.9306360202638,1871.6327608280021,-51.2,0.2245,307.7,0.2223181514210652,long_nclose,68.40729519226176,0.03656324498366964,28.0
1700485800000.0,465908,1700485800000.0,0.09578315261523784,-0.00197111,1871.024448062879,1871.679159718002,-43.9,0.2245,263.8,0.2223181514210652,long_nclose,58.647528344877,0.031345142713445746,6.0
1700485920000.0,465910,1700485920000.0,0.0820375065679486,-0.0016882400000000001,1871.104797329447,1871.643571478002,-37.6,0.2245,226.2,0.2223181514210652,long_nclose,50.288365851444944,0.026876295717492425,2.0
1700487780000.0,465941,1700487780000.0,0.0,-0.008605367999999999,1871.096191961447,1871.257146110002,192.6,0.2234,418.8,0.22281567777326872,long_ientry_partial,93.31520585144494,0.04987194472007544,31.0
1700491500000.0,466003,1700491500000.0,0.13062246915853107,-0.0026910000000000002,1871.2241234306055,1872.0082951100019,-59.8,0.225,359.0,0.22281567777326872,long_nclose,79.99082832060347,0.04274786078214534,62.0
1700491800000.0,466008,1700491800000.0,0.111837298008642,-0.0023040000000000005,1871.333656728614,1871.9752111100017,-51.2,0.225,307.8,0.22281567777326872,long_nclose,68.58266561861211,0.03664908466323714,5.0
1700491860000.0,466009,1700491860000.0,0.09589174575350358,-0.0019755,1871.4275729743674,1872.0304056100017,-43.9,0.225,263.9,0.22281567777326872,long_nclose,58.80105736436561,0.03142042909569282,1.0
1700492460000.0,466019,1700492460000.0,0.0823489479477696,-0.0016965000000000005,1871.5082254223153,1872.002319110002,-37.7,0.225,226.2,0.22281567777326872,long_nclose,50.40090631231338,0.026930635744836316,10.0
1700492520000.0,466020,1700492520000.0,0.07055360792342062,-0.0014535,1871.5773255302386,1871.9814756100018,-32.3,0.225,193.9,0.22281567777326872,long_nclose,43.203959920236805,0.02308425055747918,1.0
1700492580000.0,466021,1700492580000.0,0.0605057256804567,-0.0012465,1871.636584755919,1871.9497591100019,-27.7,0.225,166.2,0.22281567777326872,long_nclose,37.03196564591726,0.01978587400328393,1.0
1700492640000.0,466022,1700492640000.0,0.051768436773531545,-0.0010665,1871.6872866926926,1871.9985526100018,-23.7,0.225,142.5,0.22281567777326872,long_nclose,31.751234082690793,0.016963963108813884,1.0
1700492700000.0,466023,1700492700000.0,0.04434174120264517,-0.0009135,1871.7307149338953,1872.0587391100019,-20.3,0.225,122.2,0.22281567777326872,long_nclose,27.228075823893438,0.014547004869156652,1.0
1700492820000.0,466025,1700492820000.0,0.03800720674512442,-0.000783,1871.7679391406405,1871.996856110002,-17.4,0.225,104.8,0.22281567777326872,long_nclose,23.35108303063856,0.012475415644398432,2.0
1700492880000.0,466026,1700492880000.0,0.03254640117829621,-0.0006705000000000001,1871.7998150418186,1871.9961856100017,-14.9,0.225,89.9,0.22281567777326872,long_nclose,20.031129431816858,0.010701534037372118,1.0
1700492940000.0,466027,1700492940000.0,0.0279593245021605,-0.0005760000000000001,1871.827198366321,1872.0033196100019,-12.8,0.225,77.1,0.22281567777326872,long_nclose,17.179088756319018,0.00917771083319681,1.0
1700493840000.0,466042,1700493840000.0,0.02402754449404418,-0.000495,1871.850730910815,1872.0083346100018,-11.0,0.225,66.1,0.22281567777326872,long_nclose,14.728116300813062,0.007868210887545813,15.0
1700494080000.0,466046,1700494080000.0,0.020532628931274118,-0.00042300000000000004,1871.8708405397463,1871.9833516100018,-9.4,0.225,56.7,0.22281567777326872,long_nclose,12.633648929744338,0.006749209751085965,4.0
1700494320000.0,466050,1700494320000.0,0.01769301003652344,-0.0003645,1871.8881690497828,1872.004047110002,-8.1,0.225,48.6,0.22281567777326872,long_nclose,10.82884193978086,0.005784983376051707,4.0
1700494740000.0,466057,1700494740000.0,0.015071823364445895,-0.00031050000000000007,1871.9029303731472,1871.998186610002,-6.9,0.225,41.7,0.22281567777326872,long_nclose,9.291413763145306,0.004963619433670711,7.0
1700494980000.0,466061,1700494980000.0,0.012887501137714606,-0.00026550000000000006,1871.915552374285,1871.997331110002,-5.9,0.225,35.8,0.22281567777326872,long_nclose,7.9768012642830195,0.004261304017782998,4.0
1700495160000.0,466064,1700495160000.0,0.011140043356329572,-0.0002295,1871.9264629176414,1871.999661610002,-5.1,0.225,30.7,0.22281567777326872,long_nclose,6.84044130763935,0.003654225442690537,3.0
1700497500000.0,466103,1700497500000.0,0.009392585574944542,-0.00019350000000000001,1871.9356620032163,1871.985408110002,-4.3,0.225,26.4,0.22281567777326872,long_nclose,5.882333893214294,0.0031423803780304214,39.0
1700498700000.0,466123,1700498700000.0,0.0,-0.01754028,1871.9181217232162,1871.894307830002,392.4,0.2235,418.8,0.22345686220920316,long_ientry_partial,93.58373389321429,0.04999349747576816,20.0
1700501940000.0,466177,1700501940000.0,0.12815963988965068,-0.002698176,1872.043583187106,1872.920669654002,-59.8,0.2256,359.0,0.22345686220920316,long_nclose,80.22101353310393,0.04285210785345591,54.0
1700502180000.0,466181,1700502180000.0,0.1097286548887979,-0.002310144,1872.1510016979948,1872.810659510002,-51.2,0.2256,307.8,0.22345686220920316,long_nclose,68.78002218799274,0.03673850139524587,4.0
1700502240000.0,466182,1700502240000.0,0.09408374901598102,-0.001980768,1872.2431046790107,1872.861458742002,-43.9,0.2256,263.9,0.22345686220920316,long_nclose,58.97026593700871,0.031497120106696266,1.0
1700504700000.0,466223,1700504700000.0,0.08079629471304065,-0.001701024,1872.3221999497237,1872.8295977180019,-37.7,0.2256,226.2,0.22345686220920316,long_nclose,50.54594223172175,0.026996391023446194,41.0
1700505000000.0,466228,1700505000000.0,0.06922335064273774,-0.0014573759999999998,1872.3899659243664,1872.8443003420018,-32.3,0.2256,193.9,0.22345686220920316,long_nclose,43.328285582364494,0.02314063115638097,5.0
1700505120000.0,466230,1700505120000.0,0.059364916805072304,-0.001249824,1872.4480810171715,1872.787650518002,-27.7,0.2256,166.2,0.22345686220920316,long_nclose,37.13853049916956,0.01983421109278222,2.0
1700505780000.0,466241,1700505780000.0,0.0,-0.0112918,1872.4367892171715,1872.460578718002,252.5,0.2236,418.7,0.22354318246756522,long_ientry_partial,93.59753049916955,0.04998701747272377,11.0
1700531040000.0,466662,1700531040000.0,0.1289776884396008,-0.0026993720000000002,1872.563067533611,1873.3730393460019,-59.8,0.2257,358.9,0.22354318246756522,long_nclose,80.22964818760916,0.04284483101190347,421.0
1700572500000.0,467353,1700572500000.0,0.0,-0.018726914,1872.5443406196111,1870.224682432002,430.9,0.2173,789.8,0.22013701973614733,long_rentry,173.86421818760914,0.09284918622011308,691.0
1700576040000.0,467412,1700576040000.0,0.0,-0.018724176000000002,1872.5256164436112,1867.9767282560022,438.3,0.2136,1228.1,0.217804004712653,long_rentry,267.48509818760914,0.1428472304136642,59.0
1700579400000.0,467468,1700579400000.0,0.0,-0.025653876000000003,1872.4999625676112,1864.939304380002,608.2,0.2109,1836.3,0.21551733278201224,long_rentry,395.75447818760904,0.21135086039998752,56.0
1700579580000.0,467471,1700579580000.0,0.0,-0.037849228,1872.4621133396113,1861.038225152002,909.4,0.2081,2745.7,0.21306064689791643,long_rentry,585.0006181876091,0.3124232068675809,3.0
1700581920000.0,467510,1700581920000.0,0.7998342866371821,-0.016872444000000004,1873.2450751822485,1876.8679427080021,-392.2,0.2151,2353.5,0.21306064689791643,long_nclose,501.4382324742463,0.26768426572559456,39.0
1700585520000.0,467570,1700585520000.0,0.6856305129205014,-0.014463324000000001,1873.916242371169,1878.231959384002,-336.2,0.2151,2017.3,0.21306064689791643,long_nclose,429.8072429871668,0.22936310239955449,60.0
1700588700000.0,467623,1700588700000.0,0.0,-0.041082992000000006,1873.875159379169,1860.332996392002,999.1,0.2056,3016.4,0.2105895116652854,long_rentry,635.2222029871668,0.3389885392352506,53.0
1700605500000.0,467903,1700605500000.0,0.0,-0.060443194000000006,1873.814716185169,1846.104053198002,1493.9,0.2023,4510.3,0.20784386248967185,long_rentry,937.4381729871669,0.5002832803531734,280.0
1700607240000.0,467932,1700607240000.0,0.0,-0.08863718400000001,1873.726079001169,1827.0849660140022,2233.8,0.1984,6744.1,0.20471583947260075,long_rentry,1380.6240929871667,0.7368334723307789,29.0
1700679300000.0,469133,1700679300000.0,1.9115402520964355,-0.039826956,1875.5977922972654,1889.3799090580023,-963.4,0.2067,5780.7,0.20471583947260075,long_nclose,1183.4008532392631,0.6309459619217257,1201.0
1700681700000.0,469173,1700681700000.0,1.638519763526299,-0.034138572,1877.2021734887917,1888.0244704860022,-825.8,0.2067,4954.9,0.20471583947260075,long_nclose,1014.3465130027894,0.5403501696983549,40.0
1700685600000.0,469238,1700685600000.0,3.2901197635263,-0.034468892,1880.457824360318,1897.7346415940024,-825.8,0.2087,4129.1,0.20471583947260075,long_nclose,845.2921727663158,0.4495140288795692,65.0
1700685720000.0,469240,1700685720000.0,2.7415008589034238,-0.028721294,1883.1706039252215,1897.5683003000024,-688.1,0.2087,3441.0,0.20471583947260075,long_nclose,704.4272036252191,0.3740644645561763,2.0
1700687460000.0,469269,1700687460000.0,4.049479274956172,-0.028986984000000004,1887.1910962161776,1903.9395733160022,-688.2,0.2106,2752.8,0.20471583947260075,long_nclose,563.5417629001754,0.2986140428651226,29.0
1700688300000.0,469283,1700688300000.0,3.239230370333294,-0.023187060000000002,1890.4071395265107,1903.5860562560022,-550.5,0.2106,2202.3,0.20471583947260075,long_nclose,450.84569327050866,0.23849131959130865,14.0
1700688420000.0,469285,1700688420000.0,2.591384296266635,-0.018549648,1892.9799741747772,1903.875846608002,-440.4,0.2106,1761.9,0.20471583947260075,long_nclose,360.68883756677525,0.1905402288917575,2.0
1700692140000.0,469347,1700692140000.0,1.16974953084442,-0.012254864,1894.1374688416217,1899.987411744002,-293.6,0.2087,1468.3,0.20471583947260075,long_nclose,300.58426709761966,0.15869189646591222,62.0
1700692200000.0,469348,1700692200000.0,0.9749240810545964,-0.010213778,1895.1021791446763,1900.099557966002,-244.7,0.2087,1223.6,0.20471583947260075,long_nclose,250.49030117867426,0.13217772842819958,1.0
1700692620000.0,469355,1700692620000.0,0.812370331536707,-0.008510786000000001,1895.9060386902129,1900.1726271800019,-203.9,0.2087,1019.7,0.20471583947260075,long_nclose,208.748741510211,0.1101050037555791,7.0
1700698380000.0,469451,1700698380000.0,0.6769088736051325,-0.007091626000000001,1896.575855937818,1899.791635554002,-169.9,0.2087,849.8,0.20471583947260075,long_nclose,173.9675203838161,0.09172716178957825,96.0
1700702100000.0,469513,1700702100000.0,0.5641571306797337,-0.005910384,1897.1341026844977,1900.0265051700019,-141.6,0.2087,708.2,0.20471583947260075,long_nclose,144.97975751449584,0.0764204055524306,62.0
1700712720000.0,469690,1700712720000.0,0.8331971306797356,-0.005964192,1897.9613356231775,1901.4086209780019,-141.6,0.2106,566.6,0.20471583947260075,long_nclose,115.9919946451756,0.0611139924023219,177.0
1700718660000.0,469789,1700718660000.0,0.6666753877543364,-0.004772196,1898.623238814932,1901.335858782002,-113.3,0.2106,453.3,0.20471583947260075,long_nclose,92.79769003292992,0.04887630580717619,99.0
1700719260000.0,469799,1700719260000.0,0.5331049437823732,-0.0038160719999999998,1899.1525276867142,1901.286712710002,-90.6,0.2106,362.7,0.20471583947260075,long_nclose,74.25043497671228,0.03909661488177252,10.0
1700721180000.0,469831,1700721180000.0,0.24064329585491467,-0.002521096,1899.390649886569,1900.6555216140018,-60.4,0.2087,302.3,0.20471583947260075,long_nclose,61.88559827256721,0.03258181684545146,32.0
1700728680000.0,469956,1700728680000.0,0.3554032958549154,-0.002544048,1899.7435091344241,1901.191077566002,-60.4,0.2106,241.9,0.20471583947260075,long_nclose,49.520761568422124,0.026067077650385108,125.0
1700737980000.0,470111,1700737980000.0,0.0,-0.008870134,1899.734639000424,1900.752787432002,211.9,0.2093,453.8,0.20685639393658467,long_ientry_partial,93.87143156842212,0.04941291780509623,155.0
1700738460000.0,470119,1700738460000.0,0.1324256729093135,-0.002707344,1899.8643573293332,1900.6593200880018,-64.8,0.2089,389.0,0.20685639393658467,long_nclose,80.46713724133144,0.042354148563766555,8.0
1700738880000.0,470126,1700738880000.0,0.11342013651955092,-0.00231879,1899.975458675853,1900.757051298002,-55.5,0.2089,333.5,0.20685639393658467,long_nclose,68.98660737785099,0.036309209712597934,7.0
1700740080000.0,470146,1700740080000.0,0.0,-0.0050459039999999995,1899.9704127718528,1900.661185394002,120.6,0.2092,454.1,0.20747880946454741,long_ientry_partial,94.21612737785098,0.04958820766077077,20.0
1700741220000.0,470165,1700741220000.0,0.130973146697327,-0.00271512,1900.09867079855,1900.9244502740019,-64.8,0.2095,389.3,0.20747880946454741,long_nclose,80.77150052454832,0.042509108482562466,19.0
1700741460000.0,470169,1700741460000.0,0.1123781937711633,-0.00232964,1900.2087193523212,1901.0166706340017,-55.6,0.2095,333.7,0.20747880946454741,long_nclose,69.23567871831948,0.036435828345171575,4.0
1700742900000.0,470193,1700742900000.0,0.0,-0.005047674000000001,1900.2036716783211,1900.7446629600017,120.7,0.2091,454.4,0.207909438200527,long_ientry_partial,94.47404871831947,0.04971785399976464,24.0
1700760360000.0,470484,1700760360000.0,0.12918746078579704,-0.0027245020000000006,1900.3301346371068,1901.1444084580014,-64.9,0.2099,389.5,0.207909438200527,long_nclose,80.98072617910528,0.042614030427176076,291.0
1700762820000.0,470525,1700762820000.0,0.11067523605069822,-0.0023340880000000002,1900.4384757851574,1901.1699043700014,-55.6,0.2099,333.9,0.207909438200527,long_nclose,69.42096141515597,0.03652891808900839,41.0
1700763900000.0,470543,1700763900000.0,0.09494979783486161,-0.002002446,1900.5314231369923,1901.1297419240016,-47.7,0.2099,286.2,0.207909438200527,long_nclose,59.50368121299083,0.03130896994840255,18.0
1700765520000.0,470570,1700765520000.0,0.08121492141849797,-0.001712784,1900.6109252744109,1901.1975691400016,-40.8,0.2099,245.4,0.207909438200527,long_nclose,51.02097613440933,0.02684451375919714,27.0
1700766480000.0,470586,1700766480000.0,0.0,-0.00878604,1900.602139234411,1900.6278031000015,211.0,0.2082,456.4,0.208043768918513,long_ientry_partial,94.95117613440934,0.04995847062060921,16.0
1700773740000.0,470707,1700773740000.0,0.13406626651295261,-0.0027397040000000004,1900.7334657969238,1901.7334633960015,-65.2,0.2101,391.2,0.208043768918513,long_nclose,81.38672240092228,0.042818587595499155,121.0
1700774040000.0,470712,1700774040000.0,0.11473769434697478,-0.002344716,1900.845858775271,1901.5690586800017,-55.8,0.2101,335.4,0.208043768918513,long_nclose,69.77788009526925,0.036708857676775355,5.0
1700774820000.0,470725,1700774820000.0,0.09849346880322746,-0.0020127580000000003,1900.9423394860742,1901.5622559220017,-47.9,0.2101,287.5,0.208043768918513,long_nclose,59.81258356407249,0.03146470164910053,13.0
1700776140000.0,470747,1700776140000.0,0.08430547434096713,-0.0017228200000000001,1901.0249221404151,1901.5564331020016,-41.0,0.2101,246.5,0.208043768918513,long_nclose,51.282789038413455,0.026976389652310702,22.0
1700780460000.0,470819,1700780460000.0,0.1663054743409672,-0.0017392200000000003,1901.1894883947562,1902.0230438820017,-41.0,0.2121,205.5,0.208043768918513,long_nclose,42.75299451275442,0.022487497839498542,72.0
1700780580000.0,470821,1700780580000.0,0.13872310298685558,-0.0014507640000000002,1901.326760733743,1902.0387231180016,-34.2,0.2121,171.3,0.208043768918513,long_nclose,35.63789761574128,0.018743699584803732,2.0
1700780820000.0,470825,1700780820000.0,0.11560258582237964,-0.0012089700000000002,1901.4411543495653,1902.0775041480017,-28.5,0.2121,142.8,0.208043768918513,long_nclose,29.70865020156366,0.01562428063240602,4.0
1700781180000.0,470831,1700781180000.0,0.09653829973939072,-0.0010095960000000002,1901.5366830533048,1902.0312745520018,-23.8,0.2121,119.0,0.208043768918513,long_nclose,24.757208501303047,0.013019579754596321,6.0
1700781300000.0,470833,1700781300000.0,0.0803133754134427,-0.000839916,1901.6161565127184,1902.018534636002,-19.8,0.2121,99.2,0.208043768918513,long_nclose,20.63794187671649,0.010852843149252271,2.0
1700785380000.0,470901,1700785380000.0,0.06692781284453558,-0.0006999300000000001,1901.6823843955628,1902.034374706002,-16.5,0.2121,82.7,0.208043768918513,long_nclose,17.205219689561027,0.009047367652316762,68.0
1700785980000.0,470911,1700785980000.0,0.05557036581637197,-0.0005811540000000001,1901.7373736073791,1902.0310535520018,-13.7,0.2121,69.0,0.208043768918513,long_nclose,14.355020055377397,0.007548371428462574,10.0
1700787660000.0,470939,1700787660000.0,0.04664665743710056,-0.0004878300000000001,1901.7835324348162,1902.0110157220017,-11.5,0.2121,57.5,0.208043768918513,long_nclose,11.962516712814498,0.006290156849501753,28.0
1700787780000.0,470941,1700787780000.0,0.03853419527412655,-0.00040299000000000004,1901.8216636400903,1902.0259627320017,-9.5,0.2121,48.0,0.208043768918513,long_nclose,9.986100908088623,0.005250808263996324,2.0
1700788560000.0,470954,1700788560000.0,0.05813981838227526,-0.000411072,1901.8793923864725,1902.1119516600018,-9.6,0.2141,38.4,0.208043768918513,long_nclose,7.988880726470899,0.004200519106759171,13.0
1700788740000.0,470957,1700788740000.0,0.04602735621930125,-0.000325432,1901.925094310692,1902.1177862280017,-7.6,0.2141,30.8,0.208043768918513,long_nclose,6.407748082690201,0.0033690854081782537,3.0
1700791620000.0,471005,1700791620000.0,0.020686778515583724,-0.000216342,1901.9455647472075,1902.0549498860019,-5.1,0.2121,25.7,0.208043768918513,long_nclose,5.346724861205784,0.0028111871129794562,48.0
1700793420000.0,471035,1700793420000.0,0.030886778515583732,-0.000218382,1901.9762331437232,1902.1030515040018,-5.1,0.2141,20.6,0.208043768918513,long_nclose,4.285701639721368,0.002253288745168835,30.0
1700795880000.0,471076,1700795880000.0,0.024830547434096725,-0.000175562,1902.0008881291571,1902.1024659420016,-4.1,0.2141,16.5,0.208043768918513,long_nclose,3.4327221871554645,0.001804795259865495,41.0
1700796720000.0,471090,1700796720000.0,0.01998556256890712,-0.000141306,1902.0207323857262,1902.1033146360019,-3.3,0.2141,13.2,0.208043768918513,long_nclose,2.7461777497243713,0.001443821143989219,14.0
1700797680000.0,471106,1700797680000.0,0.01574620081186622,-0.00011133200000000001,1902.0363672545382,1902.101623304002,-2.6,0.2141,10.6,0.208043768918513,long_nclose,2.2052639505362377,0.001159422600167939,16.0
1700798460000.0,471119,1700798460000.0,0.012718085271122715,-8.992200000000001e-05,1902.0489954178095,1902.1013233820022,-2.1,0.2141,8.5,0.208043768918513,long_nclose,1.7683720358073605,0.0009297194972724217,13.0
1700798700000.0,471123,1700798700000.0,0.010295592838527911,-7.279400000000001e-05,1902.0592182166479,1902.1010805880019,-1.7,0.2141,6.8,0.208043768918513,long_nclose,1.4146976286458883,0.0007437716003249862,4.0
1700799000000.0,471128,1700799000000.0,0.00787310040593311,-5.5666000000000005e-05,1902.0670356510539,1902.101444922002,-1.3,0.2141,5.5,0.208043768918513,long_nclose,1.1442407290518215,0.0006015774983767395,5.0
1700799180000.0,471131,1700799180000.0,0.006661854189635708,-4.7102000000000004e-05,1902.0736504032434,1902.100297820002,-1.1,0.2141,4.4,0.208043768918513,long_nclose,0.9153925832414573,0.00048126032503914464,3.0
1700799240000.0,471132,1700799240000.0,0.004844984865189606,-3.4256000000000005e-05,1902.0784611321087,1902.100623564002,-0.8,0.2141,3.6,0.208043768918513,long_nclose,0.7489575681066468,0.00039375745186708575,1.0
1700799780000.0,471141,1700799780000.0,0.0042393617570409044,-2.9974e-05,1902.0826705198658,1902.1005235900022,-0.7,0.2141,2.9,0.208043768918513,long_nclose,0.6033269298636877,0.00031719280093056633,9.0
1700800320000.0,471150,1700800320000.0,0.0030281155407435034,-2.1410000000000003e-05,1902.0856772254065,1902.100452180002,-0.5,0.2141,2.4,0.208043768918513,long_nclose,0.4993050454044312,0.0002625039720254731,9.0
1700800500000.0,471153,1700800500000.0,0.002422492432594803,-1.7128000000000003e-05,1902.088082589839,1902.1003950520019,-0.4,0.2141,2.0,0.208043768918513,long_nclose,0.416087537837026,0.0002187530333876499,3.0
1700800860000.0,471159,1700800860000.0,0.002422492432594803,-1.7128000000000003e-05,1902.0904879542713,1902.1003379240017,-0.4,0.2141,1.6,0.208043768918513,long_nclose,0.3328700302696208,0.00017500220540381747,6.0
1700803740000.0,471207,1700803740000.0,0.001816869324446102,-1.2846e-05,1902.092291977596,1902.1002950780019,-0.3,0.2141,1.3,0.208043768918513,long_nclose,0.27045689959406694,0.00014218915703237208,48.0
1700805420000.0,471235,1700805420000.0,0.0012112462162974015,-8.564000000000001e-06,1902.0934946598124,1902.1003765140022,-0.2,0.2141,1.1,0.208043768918513,long_nclose,0.22884814581036433,0.00012031382603056197,28.0
1700808000000.0,471278,1700808000000.0,0.0012112462162974015,-8.564000000000001e-06,1902.094697342029,1902.1002379500023,-0.2,0.2141,0.9,0.208043768918513,long_nclose,0.1872393920266617,9.843852269201342e-05,43.0
1700808120000.0,471280,1700808120000.0,0.0006056231081487007,-4.282000000000001e-06,1902.0952986831371,1902.1002236680024,-0.1,0.2141,0.8,0.208043768918513,long_nclose,0.1664350151348104,8.750088139644585e-05,2.0
1700808600000.0,471288,1700808600000.0,0.0006056231081487007,-4.282000000000001e-06,1902.0959000242453,1902.1002093860025,-0.1,0.2141,0.7,0.208043768918513,long_nclose,0.1456306382429591,7.656324701667398e-05,8.0
1700808900000.0,471293,1700808900000.0,0.0006056231081487007,-4.282000000000001e-06,1902.0965013653536,1902.1000151040025,-0.1,0.2141,0.6,0.208043768918513,long_nclose,0.1248262613511078,6.562561955269126e-05,5.0
1700809740000.0,471307,1700809740000.0,0.0006056231081487007,-4.282000000000001e-06,1902.0971027064618,1902.1001808220026,-0.1,0.2141,0.5,0.208043768918513,long_nclose,0.1040218844592565,5.468799900449116e-05,14.0
1700811900000.0,471343,1700811900000.0,0.0008056231081486981,-4.322e-06,1902.09790400757,1902.1011665000026,-0.1,0.2161,0.4,0.208043768918513,long_nclose,0.0832175075674052,4.3750380772762794e-05,36.0
1700813760000.0,471374,1700813760000.0,0.0008056231081486981,-4.322e-06,1902.098705308678,1902.1011521780026,-0.1,0.2161,0.3,0.208043768918513,long_nclose,0.0624131306755539,3.281277175646114e-05,31.0
1700813940000.0,471377,1700813940000.0,0.0008056231081486981,-4.322e-06,1902.0995066097862,1902.1011578560026,-0.1,0.2161,0.2,0.208043768918513,long_nclose,0.0416087537837026,2.187517195557456e-05,3.0
1700817120000.0,471430,1700817120000.0,0.0010056231081486983,-4.362e-06,1902.1005078708943,1902.1015434940025,-0.1,0.2181,0.1,0.208043768918513,long_nclose,0.0208043768918513,1.0937580220268469e-05,53.0
1700818320000.0,471450,1700818320000.0,0.0010056231081486983,-4.362e-06,1902.1015091320023,1902.1015091320023,-0.1,0.2181,0.0,0.208043768918513,long_nclose,0.0,0.0,20.0
1700844600000.0,471888,1700844600000.0,0.0,-0.019021122,1902.0824880100024,1902.3025380100023,440.1,0.2161,440.1,0.2161,long_ientry_normal,95.10561,0.05000078103841933,438.0
1700845860000.0,471909,1700845860000.0,0.13188000000000116,-0.002740592,1902.2116274180023,1903.0039574180023,-62.8,0.2182,377.3,0.2161,long_nclose,81.53453,0.042863017355577945,21.0
1700845980000.0,471911,1700845980000.0,0.113190000000001,-0.002352196,1902.3224652220024,1903.0339452220023,-53.9,0.2182,323.4,0.2161,long_nclose,69.88673999999999,0.03673758854119622,2.0
1700851140000.0,471997,1700851140000.0,0.0,-0.005031138,1902.3174340840023,1902.3381440840024,116.3,0.2163,439.7,0.21615289970434387,long_ientry_partial,95.04243,0.049961393559831674,86.0
1700860380000.0,472151,1700860380000.0,0.13483789856720454,-0.002741848,1902.4495301345696,1903.2210822360023,-62.8,0.2183,376.9,0.21615289970434387,long_nclose,81.4680278985672,0.04282270126388297,154.0
1700873100000.0,472363,1700873100000.0,0.11551399590629945,-0.002348908,1902.562695222476,1903.2887333280023,-53.8,0.2183,323.1,0.21615289970434387,long_nclose,69.83900189447351,0.036707858337518225,212.0
1700873700000.0,472373,1700873700000.0,0.0989813236297473,-0.0020127260000000003,1902.6596638201056,1903.2821106020024,-46.1,0.2183,277.0,0.21615289970434387,long_nclose,59.87435321810325,0.031468766777705916,10.0
1700873820000.0,472375,1700873820000.0,0.08481046167841688,-0.00172457,1902.742749711784,1903.2289360320024,-39.5,0.2183,237.5,0.21615289970434387,long_nclose,51.33631367978167,0.02698016517869154,2.0
1700874000000.0,472378,1700874000000.0,0.07278670002274258,-0.001480074,1902.8140563378067,1903.2715659580024,-33.9,0.2183,203.6,0.21615289970434387,long_nclose,44.00873037980441,0.02312823485469961,3.0
1700876700000.0,472423,1700876700000.0,0.14058670002274265,-0.001493634,1902.9531494038295,1903.6738823240023,-33.9,0.2203,169.7,0.21615289970434387,long_nclose,36.681147079827156,0.019275906551519086,45.0
1700879460000.0,472469,1700879460000.0,0.21177670002274232,-0.001507872,1903.1634182318521,1904.079674452002,-33.9,0.2224,135.8,0.21615289970434387,long_nclose,29.3535637798499,0.015423564523492703,46.0
1700879760000.0,472474,1700879760000.0,0.28296670002274293,-0.0015221100000000001,1903.444862821875,1904.3463823420022,-33.9,0.2245,101.9,0.21615289970434387,long_nclose,22.02598047987264,0.011571640928552517,5.0
1700879940000.0,472477,1700879940000.0,0.2120163475096658,-0.00114046,1903.6557387093847,1904.3019418820024,-25.4,0.2245,76.5,0.21615289970434387,long_nclose,16.535696827382306,0.008686285283174656,3.0
1700881980000.0,472511,1700881980000.0,0.15942961564703217,-0.0008575900000000001,1903.8143107350318,1904.3049142920024,-19.1,0.2245,57.4,0.21615289970434387,long_nclose,12.407176443029337,0.006517009759338939,34.0
1700882100000.0,472513,1700882100000.0,0.11936353422788273,-0.00064207,1903.9330321992597,1904.3272722220024,-14.3,0.2245,43.1,0.21615289970434387,long_nclose,9.31618997725722,0.0048931290227660785,2.0
1700883240000.0,472532,1700883240000.0,0.1493935342278826,-0.000648076,1904.0817776574875,1904.3768941460023,-14.3,0.2266,28.8,0.21615289970434387,long_nclose,6.225203511485104,0.003269399237223788,19.0
1700883300000.0,472533,1700883300000.0,0.1002921628382988,-0.000435072,1904.1816347483257,1904.3802990740023,-9.6,0.2266,19.2,0.21615289970434387,long_nclose,4.150135674323402,0.0021794851912180753,1.0
1700883360000.0,472534,1700883360000.0,0.06686144189219921,-0.000290048,1904.248206142218,1904.3908890260022,-6.4,0.2266,12.8,0.21615289970434387,long_nclose,2.7667571162156017,0.0014529393318010392,1.0
1700883600000.0,472538,1700883600000.0,0.04387782124175573,-0.000190344,1904.2918936194596,1904.3808786820023,-4.2,0.2266,8.6,0.21615289970434387,long_nclose,1.8589149374573573,0.000976171218123575,4.0
1700883720000.0,472540,1700883720000.0,0.02925188082783715,-0.00012689599999999999,1904.3210186042875,1904.3827717860022,-2.8,0.2266,5.8,0.21615289970434387,long_nclose,1.2536868182851943,0.0006583379619493172,2.0
1700888640000.0,472622,1700888640000.0,0.011685940413918587,-6.285999999999999e-05,1904.3326416847012,1904.371568926002,-1.4,0.2245,4.4,0.21615289970434387,long_nclose,0.9510727586991131,0.000499425750460135,82.0
1700890320000.0,472650,1700890320000.0,0.00918181032522175,-4.9390000000000007e-05,1904.3417741050264,1904.369649536002,-1.1,0.2245,3.3,0.21615289970434387,long_nclose,0.7133045690243347,0.0003745675165685859,28.0
1700896560000.0,472754,1700896560000.0,0.006677680236524908,-3.592e-05,1904.348415865263,1904.3695336160022,-0.8,0.2245,2.5,0.21615289970434387,long_nclose,0.5403822492608596,0.00028376228045188395,104.0
1700896800000.0,472758,1700896800000.0,0.005008260177393681,-2.694e-05,1904.3533971854404,1904.369446676002,-0.6,0.2245,1.9,0.21615289970434387,long_nclose,0.41069050943825336,0.00021565876903165024,4.0
1700897760000.0,472774,1700897760000.0,0.003338840118262454,-1.796e-05,1904.3567180655587,1904.369388716002,-0.4,0.2245,1.5,0.21615289970434387,long_nclose,0.32422934955651583,0.00017025662602008056,16.0
1700898060000.0,472779,1700898060000.0,0.0025041300886968405,-1.347e-05,1904.3592087256472,1904.369465246002,-0.3,0.2245,1.2,0.21615289970434387,long_nclose,0.25938347964521263,0.0001362051226768221,5.0
1700902500000.0,472853,1700902500000.0,0.0025041300886968405,-1.347e-05,1904.3616993857358,1904.369301776002,-0.3,0.2245,0.9,0.21615289970434387,long_nclose,0.1945376097339095,0.00010215370840353429,74.0
1700902680000.0,472856,1700902680000.0,0.001669420059131227,-8.98e-06,1904.363359825795,1904.369272796002,-0.2,0.2245,0.7,0.21615289970434387,long_nclose,0.1513070297930407,7.945281503782019e-05,3.0
1700904840000.0,472892,1700904840000.0,0.0008347100295656135,-4.49e-06,1904.3641900458244,1904.3693183060018,-0.1,0.2245,0.6,0.21615289970434387,long_nclose,0.12969173982260632,6.810238319986765e-05,36.0
1700905500000.0,472903,1700905500000.0,0.0008347100295656135,-4.49e-06,1904.365020265854,1904.3692438160017,-0.1,0.2245,0.5,0.21615289970434387,long_nclose,0.10807644985217194,5.675196125850086e-05,11.0
1700908020000.0,472945,1700908020000.0,0.0,-0.019019648,1904.3460006178539,1904.3063141680018,427.6,0.2224,428.1,0.22239270369038114,long_ientry_partial,95.20631644985217,0.04999423236059153,42.0
1700965080000.0,473896,1700965080000.0,0.1348658045177121,-0.002744612,1904.4781218103715,1905.3615995560017,-61.1,0.2246,367.0,0.22239270369038114,long_nclose,81.61812225436988,0.04285589911465341,951.0
1700966460000.0,473919,1700966460000.0,0.11566232662402805,-0.0023538079999999998,1904.5914303289956,1905.3173057480017,-52.4,0.2246,314.6,0.22239270369038114,long_nclose,69.96474458099391,0.03673477863381352,23.0
1700966700000.0,473923,1700966700000.0,0.09910760430188663,-0.002016908,1904.6885210252974,1905.3377688400017,-44.9,0.2246,269.7,0.22239270369038114,long_nclose,59.97931218529579,0.03149035210912533,4.0
1700967300000.0,473933,1700967300000.0,0.08498090792032595,-0.0017294200000000002,1904.7717725132177,1905.3052194200015,-38.5,0.2246,231.2,0.22239270369038114,long_nclose,51.41719309321611,0.026993886530234854,10.0
1700968500000.0,473953,1700968500000.0,0.07284077821742224,-0.00148236,1904.843130931435,1905.3004370600015,-33.0,0.2246,198.2,0.22239270369038114,long_nclose,44.07823387143354,0.023140086002714593,20.0
1700969220000.0,473965,1700969220000.0,0.06246648556221362,-0.001271236,1904.9043261809973,1905.2793458240014,-28.3,0.2246,169.9,0.22239270369038114,long_nclose,37.784520356995756,0.019835390070611664,12.0
1700969760000.0,473974,1700969760000.0,0.05341657069277631,-0.001087064,1904.95665568769,1905.3073987600014,-24.2,0.2246,145.7,0.22239270369038114,long_nclose,32.40261692768853,0.017009634749926197,9.0
1700970180000.0,473981,1700970180000.0,0.0459117632400722,-0.0009343360000000001,1905.0016331149302,1905.3023044240017,-20.8,0.2246,124.9,0.22239270369038114,long_nclose,27.776848690928606,0.014581010434888592,7.0
1700971620000.0,474005,1700971620000.0,0.03928987431121563,-0.000799576,1905.0401234132414,1905.2979448480016,-17.8,0.2246,107.1,0.22239270369038114,long_nclose,23.81825856523982,0.01250275953378078,24.0
1700972100000.0,474013,1700972100000.0,0.03377163353716849,-0.0006872760000000001,1905.0732077707785,1905.2850175720016,-15.3,0.2246,91.8,0.22239270369038114,long_nclose,20.415650198776987,0.010716464918776723,8.0
1700972820000.0,474025,1700972820000.0,0.028915581656007012,-0.0005884519999999999,1905.1015349004344,1905.2988591200015,-13.1,0.2246,78.7,0.22239270369038114,long_nclose,17.502305780432994,0.009187072426219902,12.0
1700973360000.0,474034,1700973360000.0,0.024721718667731183,-0.000503104,1905.1257535151021,1905.2882460160015,-11.2,0.2246,67.5,0.22239270369038114,long_nclose,15.011507499100727,0.007879536283315341,9.0
1700979600000.0,474138,1700979600000.0,0.021190044572341016,-0.000431232,1905.1465123276746,1905.2801047840014,-9.6,0.2246,57.9,0.22239270369038114,long_nclose,12.876537543673068,0.006758817476951282,104.0
1700981220000.0,474165,1700981220000.0,0.018099829738874616,-0.000368344,1905.1642438134136,1905.2838864400017,-8.2,0.2246,49.7,0.22239270369038114,long_nclose,11.052917373411944,0.005801556169922763,27.0
1700981940000.0,474177,1700981940000.0,0.015671803798293877,-0.000318932,1905.179596685212,1905.2736275080017,-7.1,0.2246,42.6,0.22239270369038114,long_nclose,9.473929177210238,0.004972722358403249,12.0
1700989200000.0,474298,1700989200000.0,0.0,-0.017150688,1905.162445997212,1905.1968368200019,384.2,0.2232,426.8,0.22311942168980842,long_ientry_partial,95.22736917721024,0.04998385800501423,121.0
1701016020000.0,474745,1701016020000.0,0.0,-0.019052384,1905.143393613212,1901.406824436002,439.4,0.2168,866.2,0.21991374876149877,long_rentry,190.48928917721025,0.09998685128678769,447.0
1701069840000.0,475642,1701069840000.0,0.0,-0.019051956000000002,1905.124341657212,1898.6078324800017,446.6,0.2133,1312.8,0.2176638247845904,long_rentry,285.7490691772103,0.14998972136834152,897.0
1701097020000.0,476095,1701097020000.0,0.0,-0.027399428,1905.096942229212,1895.7585330520017,650.2,0.2107,1963.0,0.21535721302965372,long_rentry,422.74620917721023,0.22190272831079244,453.0
1701151260000.0,476999,1701151260000.0,0.0,-0.040424076,1905.056518153212,1890.7115289760018,972.2,0.2079,2935.2,0.2128872271658525,long_rentry,624.8665891772102,0.3280042262383714,904.0
1701186540000.0,477587,1701186540000.0,0.8858856493580409,-0.0180299,1905.9243739025699,1911.2398990760016,-419.3,0.215,2515.9,0.2128872271658525,long_nclose,535.6029748265684,0.2810200562836961,588.0
1701186600000.0,477588,1701186600000.0,0.7593305565926064,-0.015454200000000001,1906.6682502591625,1911.8713948760017,-359.4,0.215,2156.5,0.2128872271658525,long_nclose,459.09130538316094,0.24078195319020984,1.0
1701186960000.0,477594,1701186960000.0,0.6507340329174257,-0.013244,1907.30574029208,1911.5809008760016,-308.0,0.215,1848.5,0.2128872271658525,long_nclose,393.52203941607837,0.20632352281172048,6.0
1701187500000.0,477603,1701187500000.0,0.5577720282149363,-0.011352000000000001,1907.8521603202948,1911.0413988760015,-264.0,0.215,1584.5,0.2128872271658525,long_nclose,337.3198114442933,0.17680605366595242,9.0
1701187620000.0,477605,1701187620000.0,0.47812049236757614,-0.0097309,1908.3205499126625,1911.4617579760015,-226.3,0.215,1358.2,0.2128872271658525,long_nclose,289.1434319366609,0.15151722384894614,2.0
1701187740000.0,477607,1701187740000.0,0.4098779298246123,-0.008342,1908.722085842487,1911.2981959760016,-194.0,0.215,1164.2,0.2128872271658525,long_nclose,247.8433098664855,0.1298477718180174,2.0
1701189000000.0,477628,1701189000000.0,0.351354122318727,-0.0071509,1909.066289064806,1911.1746250760018,-166.3,0.215,997.9,0.2128872271658525,long_nclose,212.44016398880422,0.11127961622164113,21.0
1701189060000.0,477629,1701189060000.0,0.30107012886601675,-0.0061275,1909.361231693672,1911.5106575760017,-142.5,0.215,855.4,0.2128872271658525,long_nclose,182.10373411767023,0.09537416550357927,1.0
1701190260000.0,477649,1701190260000.0,0.5860701288660171,-0.0061845,1909.9411173225378,1912.8731130760016,-142.5,0.217,712.9,0.2128872271658525,long_nclose,151.76730424653624,0.0794617712923486,20.0
1701190320000.0,477650,1701190320000.0,0.4885974126967215,-0.00515592,1910.4245588152344,1912.9867771560014,-118.8,0.217,594.1,0.2128872271658525,long_nclose,126.47630165923299,0.06620324318782225,1.0
1701191280000.0,477666,1701191280000.0,0.17916313633570682,-0.0036464,1910.6000755515702,1911.8798307560014,-84.8,0.215,509.3,0.2128872271658525,long_nclose,108.42346479556869,0.05674838297296098,16.0
1701192060000.0,477679,1701192060000.0,0.34876313633570694,-0.00368032,1910.9451583679058,1912.6910304360015,-84.8,0.217,424.5,0.2128872271658525,long_nclose,90.3706279319044,0.047291063030342466,13.0
1701192120000.0,477680,1701192120000.0,0.2907730393742274,-0.0030683800000000003,1911.23286302728,1912.8648620560014,-70.7,0.217,353.8,0.2128872271658525,long_nclose,75.31950097127861,0.039408856151613554,1.0
1701193260000.0,477699,1701193260000.0,0.24224231993128703,-0.0025562600000000003,1911.4725490872115,1912.8623457960016,-58.9,0.217,294.9,0.2128872271658525,long_nclose,62.7804432912099,0.03284402034504212,19.0
1701193860000.0,477709,1701193860000.0,0.20193714615664166,-0.00213094,1911.6723552933684,1912.6832748560018,-49.1,0.217,245.8,0.2128872271658525,long_nclose,52.32768043736655,0.027372724354397155,10.0
1701193920000.0,477710,1701193920000.0,0.16821240891663225,-0.00177506,1911.838792642285,1912.7224797960018,-40.9,0.217,204.9,0.2128872271658525,long_nclose,43.62059284628318,0.02281604129707856,1.0
1701194400000.0,477718,1701194400000.0,0.14024555364442934,-0.0014799400000000001,1911.9775582559294,1912.7141798560017,-34.1,0.217,170.8,0.2128872271658525,long_nclose,36.36113839992761,0.019017555014137075,8.0
1701194520000.0,477720,1701194520000.0,0.11680274848978865,-0.00123256,1912.093128444419,1912.6503072960018,-28.4,0.217,142.4,0.2128872271658525,long_nclose,30.3151411484174,0.0158544271183487,2.0
1701200460000.0,477819,1701200460000.0,0.09747271616929545,-0.00102858,1912.1895725805884,1912.7371087160018,-23.7,0.217,118.7,0.2128872271658525,long_nclose,25.269713864586695,0.013215067285658317,99.0
1701201120000.0,477830,1701201120000.0,0.0810216248327055,-0.00085498,1912.269739225421,1912.6868037360016,-19.7,0.217,99.0,0.2128872271658525,long_nclose,21.075835489419397,0.011021371649146275,11.0
1701205080000.0,477896,1701205080000.0,0.06786075176343355,-0.0007161,1912.3368838771844,1912.6596876360015,-16.5,0.217,82.5,0.2128872271658525,long_nclose,17.563196241182833,0.00918415389529808,66.0
1701205440000.0,477902,1701205440000.0,0.05634498782782058,-0.0005945799999999999,1912.392634285012,1912.7031130560015,-13.7,0.217,68.8,0.2128872271658525,long_nclose,14.646641229010653,0.00765880445596184,6.0
1701205860000.0,477909,1701205860000.0,0.046885610309281366,-0.0004947600000000001,1912.4390251353213,1912.6808382960014,-11.4,0.217,57.4,0.2128872271658525,long_nclose,12.219726839319934,0.006389603369684053,7.0
1701206040000.0,477912,1701206040000.0,0.039071341924401135,-0.00041230000000000005,1912.4776841772457,1912.6842659960014,-9.5,0.217,47.9,0.2128872271658525,long_nclose,10.197298181244335,0.005331982833374208,3.0
1701206160000.0,477914,1701206160000.0,0.03249090538976516,-0.00034286000000000006,1912.5098322226354,1912.6783431360013,-7.9,0.217,40.0,0.2128872271658525,long_nclose,8.515489086634101,0.004452520422725237,2.0
1701206400000.0,477918,1701206400000.0,0.02714430070537342,-0.00028644,1912.5366900833408,1912.6807366960013,-6.6,0.217,33.4,0.2128872271658525,long_nclose,7.110433387339474,0.003717802342934205,4.0
1701216060000.0,478079,1701216060000.0,0.022620250587811183,-0.0002387,1912.5590716339286,1912.6710279960014,-5.5,0.217,27.9,0.2128872271658525,long_nclose,5.939553637927284,0.0031055530393908474,161.0
1701216120000.0,478080,1701216120000.0,0.018918755037078443,-0.00019963999999999998,1912.5777907489658,1912.6736183560015,-4.6,0.217,23.3,0.2128872271658525,long_nclose,4.960272392964364,0.002593500989584283,1.0
1701217980000.0,478111,1701217980000.0,0.01562853676976045,-0.00016492,1912.5932543657354,1912.6773534360013,-3.8,0.217,19.5,0.2128872271658525,long_nclose,4.151300929734124,0.002170509030217615,31.0
1701218160000.0,478114,1701218160000.0,0.013160873069271961,-0.00013888,1912.6062763588047,1912.6749445560013,-3.2,0.217,16.3,0.2128872271658525,long_nclose,3.470061802803396,0.0018143105801208888,3.0
1701218400000.0,478118,1701218400000.0,0.011104486652198218,-0.00011718000000000003,1912.617263665457,1912.6759173760013,-2.7,0.217,13.6,0.2128872271658525,long_nclose,2.895266289455594,0.0015137719105948716,4.0
1701219180000.0,478131,1701219180000.0,0.009048100235124474,-9.548000000000001e-05,1912.626216285692,1912.6742418960011,-2.2,0.217,11.4,0.2128872271658525,long_nclose,2.426914389690719,0.0012688911032516176,13.0
1701219660000.0,478139,1701219660000.0,0.007814268384880226,-8.246e-05,1912.633948094077,1912.6749194360013,-1.9,0.217,9.5,0.2128872271658525,long_nclose,2.022428658075599,0.0010574049781407109,8.0
1701238260000.0,478449,1701238260000.0,0.006169159251221232,-6.510000000000001e-05,1912.640052153328,1912.6737543360011,-1.5,0.217,8.0,0.2128872271658525,long_nclose,1.70309781732682,0.0008904434555835027,310.0
1701240120000.0,478480,1701240120000.0,0.005346604684391735,-5.6420000000000005e-05,1912.6453423380124,1912.6728979160011,-1.3,0.217,6.7,0.2128872271658525,long_nclose,1.4263444220112118,0.0007457443313916486,31.0
1701240180000.0,478481,1701240180000.0,0.004524050117562237,-4.774000000000001e-05,1912.6498186481301,1912.6739701760014,-1.1,0.217,5.6,0.2128872271658525,long_nclose,1.192168472128774,0.0006233072361209352,1.0
1701240540000.0,478487,1701240540000.0,0.0037014955507327393,-3.906e-05,1912.6534810836808,1912.6732811160014,-0.9,0.217,4.7,0.2128872271658525,long_nclose,1.0005699676795068,0.0005231318571687114,6.0
1701241080000.0,478496,1701241080000.0,0.0028789409839032414,-3.0379999999999997e-05,1912.6563296446648,1912.6731807360013,-0.7,0.217,4.0,0.2128872271658525,long_nclose,0.85154890866341,0.000445217938771892,9.0
1701241680000.0,478506,1701241680000.0,0.0024676637004884924,-2.6039999999999998e-05,1912.6587712683654,1912.6727546960014,-0.6,0.217,3.4,0.2128872271658525,long_nclose,0.7238165723638985,0.00037843476486080417,10.0
1701241860000.0,478509,1701241860000.0,0.002056386417073744,-2.1700000000000002e-05,1912.6608059547825,1912.6733129960016,-0.5,0.217,2.9,0.2128872271658525,long_nclose,0.6173729587809723,0.0003227822501819843,3.0
1701242640000.0,478522,1701242640000.0,0.0016451091336589952,-1.736e-05,1912.6624337039163,1912.6729656360017,-0.4,0.217,2.5,0.2128872271658525,long_nclose,0.5322180679146313,0.00027826032369129475,13.0
1701244320000.0,478550,1701244320000.0,0.0016451091336589952,-1.736e-05,1912.6640614530502,1912.6729082760019,-0.4,0.217,2.1,0.2128872271658525,long_nclose,0.4470631770482903,0.00023373847298027682,28.0
1701244440000.0,478552,1701244440000.0,0.0012338318502442462,-1.3019999999999999e-05,1912.6652822649003,1912.6725052560018,-0.3,0.217,1.8,0.2128872271658525,long_nclose,0.38319700889853453,0.00020034713467730655,2.0
1701245100000.0,478563,1701245100000.0,0.0012338318502442462,-1.3019999999999999e-05,1912.6665030767504,1912.6726722360015,-0.3,0.217,1.5,0.2128872271658525,long_nclose,0.31933084074877877,0.00016695583900021115,11.0
1701245340000.0,478567,1701245340000.0,0.0008225545668294976,-8.68e-06,1912.6673169513172,1912.6729235560015,-0.2,0.217,1.3,0.2128872271658525,long_nclose,0.2767533953156083,0.00014469499889648214,4.0
1701246360000.0,478584,1701246360000.0,0.0008225545668294976,-8.68e-06,1912.668130825884,1912.6726548760016,-0.2,0.217,1.1,0.2128872271658525,long_nclose,0.23417594988243778,0.00012243417773752594,17.0
1701246480000.0,478586,1701246480000.0,0.0004112772834147488,-4.34e-06,1912.6685377631673,1912.6727505360013,-0.1,0.217,1.0,0.2128872271658525,long_nclose,0.2128872271658525,0.00011130377426233007,2.0
1701248700000.0,478623,1701248700000.0,0.001222554566829498,-8.76e-06,1912.6697515577341,1912.6747217760014,-0.2,0.219,0.8,0.2128872271658525,long_nclose,0.17030978173268202,8.904296290249624e-05,37.0
1701249180000.0,478631,1701249180000.0,0.000611277283414749,-4.38e-06,1912.6703584550175,1912.6747073960014,-0.1,0.219,0.7,0.2128872271658525,long_nclose,0.14902105901609675,7.791256781773431e-05,8.0
1701251520000.0,478670,1701251520000.0,0.000611277283414749,-4.38e-06,1912.670965352301,1912.6744530160015,-0.1,0.219,0.6,0.2128872271658525,long_nclose,0.1277323362995115,6.67821797964001e-05,39.0
1701253200000.0,478698,1701253200000.0,0.0004112772834147488,-4.34e-06,1912.6713722895843,1912.6735286760013,-0.1,0.217,0.5,0.2128872271658525,long_nclose,0.10644361358292626,5.565180465659752e-05,28.0
1701253500000.0,478703,1701253500000.0,0.0004112772834147488,-4.34e-06,1912.6717792268676,1912.6733843360012,-0.1,0.217,0.4,0.2128872271658525,long_nclose,0.08515489086634101,4.452143425296e-05,5.0
1701253860000.0,478709,1701253860000.0,0.0004112772834147488,-4.34e-06,1912.6721861641508,1912.673389996001,-0.1,0.217,0.3,0.2128872271658525,long_nclose,0.06386616814975575,3.3391068585484506e-05,6.0
1701253920000.0,478710,1701253920000.0,0.0004112772834147488,-4.34e-06,1912.6725931014341,1912.673395656001,-0.1,0.217,0.2,0.2128872271658525,long_nclose,0.042577445433170505,2.226070765416803e-05,1.0
1701254040000.0,478712,1701254040000.0,0.0,-0.019116206,1912.653476895434,1912.786869450001,442.3,0.2161,442.5,0.216098547899284,long_ientry_partial,95.62360744543318,0.049995259779438334,2.0
1701285120000.0,479230,1701285120000.0,0.13281177276525089,-0.0027580480000000004,1912.7835306201994,1913.504751402001,-63.2,0.2182,379.3,0.216098547899284,long_nclose,81.96617921819843,0.04285178009224169,518.0
1701287520000.0,479270,1701287520000.0,0.11368855864873532,-0.002360924,1912.8948582548483,1913.740850478001,-54.1,0.2182,325.2,0.216098547899284,long_nclose,70.27524777684715,0.036737642674705036,40.0
1701287760000.0,479274,1701287760000.0,0.22771870385880644,-0.0023880520000000003,1913.120188906707,1914.312982426001,-54.2,0.2203,271.0,0.216098547899284,long_nclose,58.56270648070597,0.03061109637558781,4.0
1701287940000.0,479277,1701287940000.0,0.33611870385880654,-0.002409732,1913.4538978785658,1914.646612694001,-54.2,0.2223,216.8,0.216098547899284,long_nclose,46.85016518456477,0.024484606206873996,3.0
1701288000000.0,479278,1701288000000.0,0.2685228759610022,-0.001925118,1913.720495636527,1914.9005475760011,-43.3,0.2223,173.5,0.216098547899284,long_nclose,37.493098060525774,0.019591731470720915,1.0
1701288360000.0,479284,1701288360000.0,0.21519038789484476,-0.0015427620000000003,1913.9341432624217,1914.794904814001,-34.7,0.2223,138.8,0.216098547899284,long_nclose,29.994478448420622,0.015671635596245303,6.0
1701288420000.0,479285,1701288420000.0,0.17178022318983285,-0.001231542,1914.1046919436117,1914.9047732720012,-27.7,0.2223,111.1,0.216098547899284,long_nclose,24.008548671610452,0.0125429652686509,1.0
1701288720000.0,479290,1701288720000.0,0.22995022318983258,-0.001243176,1914.3333989908017,1915.0340800960014,-27.7,0.2244,83.4,0.216098547899284,long_nclose,18.02261889480029,0.009414566399092996,5.0
1701289260000.0,479299,1701289260000.0,0.17267020369489236,-0.0009335039999999999,1914.5051356904967,1915.0498465920016,-20.8,0.2244,62.6,0.216098547899284,long_nclose,13.52776909849518,0.0070659351319087346,9.0
1701290100000.0,479313,1701290100000.0,0.07751815125894984,-0.00055575,1914.5820980917556,1914.8677408420015,-12.5,0.2223,50.1,0.216098547899284,long_nclose,10.826537249754129,0.005654778272785914,14.0
1701291660000.0,479339,1701291660000.0,0.034872052435942685,-0.0003656980000000001,1914.6166044461916,1914.7922251440016,-8.3,0.2203,41.8,0.216098547899284,long_nclose,9.032919302190072,0.004717873688765417,26.0
1701291780000.0,479341,1701291780000.0,0.028990019494940303,-0.000304014,1914.6452904516866,1914.8093711300016,-6.9,0.2203,34.9,0.216098547899284,long_nclose,7.5418393216850115,0.003939026909734181,2.0
1701291900000.0,479343,1701291900000.0,0.024368422184152715,-0.000255548,1914.6694033258707,1914.7712955820016,-5.8,0.2203,29.1,0.216098547899284,long_nclose,6.288467743869165,0.00328436216348671,2.0
1701292260000.0,479349,1701292260000.0,0.02016697008343673,-0.000211488,1914.689358807954,1914.7890240940014,-4.8,0.2203,24.3,0.216098547899284,long_nclose,5.251194713952602,0.002742583119186439,6.0
1701294240000.0,479382,1701294240000.0,0.016805808402863942,-0.00017624,1914.7059883763568,1914.7912778540012,-4.0,0.2203,20.3,0.216098547899284,long_nclose,4.386800522355466,0.002291109208926332,33.0
1701294300000.0,479383,1701294300000.0,0.01386479193236275,-0.00014539799999999998,1914.719707770289,1914.7962324560012,-3.3,0.2203,17.0,0.216098547899284,long_nclose,3.673675314287828,0.0019186491366748719,1.0
1701294720000.0,479390,1701294720000.0,0.011764065882004758,-0.000123368,1914.731348468171,1914.7938490880013,-2.8,0.2203,14.2,0.216098547899284,long_nclose,3.068599380169833,0.0016026265943913137,7.0
1701295200000.0,479398,1701295200000.0,0.009663339831646765,-0.000101338,1914.7409104700027,1914.7944777500013,-2.3,0.2203,11.9,0.216098547899284,long_nclose,2.57157272000148,0.0013430395234884534,8.0
1701295320000.0,479400,1701295320000.0,0.007982758991360372,-8.3714e-05,1914.748809514994,1914.792824036001,-1.9,0.2203,10.0,0.216098547899284,long_nclose,2.16098547899284,0.001128599985676564,2.0
1701295620000.0,479405,1701295620000.0,0.0067223233611455775,-7.049600000000001e-05,1914.7554613423551,1914.7924335400012,-1.6,0.2203,8.4,0.216098547899284,long_nclose,1.8152278023539858,0.0009480206945493736,5.0
1701298800000.0,479458,1701298800000.0,0.005882032941002379,-6.1684e-05,1914.761281691296,1914.7913918560012,-1.4,0.2203,7.0,0.216098547899284,long_nclose,1.512689835294988,0.0007900148440221431,53.0
1701299400000.0,479468,1701299400000.0,0.004621597310787585,-4.8466000000000007e-05,1914.7658548226068,1914.7918233900011,-1.1,0.2203,5.9,0.216098547899284,long_nclose,1.2749814326057758,0.0006658680639173484,10.0
1701303180000.0,479531,1701303180000.0,0.003781306890644387,-3.9654000000000004e-05,1914.7695964754976,1914.7916037360012,-0.9,0.2203,5.0,0.216098547899284,long_nclose,1.08049273949642,0.0005642938667322038,63.0
1701306360000.0,479584,1701306360000.0,0.0033611616805727888,-3.5248000000000005e-05,1914.7729223891781,1914.7909884880012,-0.8,0.2203,4.2,0.216098547899284,long_nclose,0.9076139011769929,0.00047400602471676283,53.0
1701307080000.0,479596,1701307080000.0,0.0029410164705011895,-3.0842e-05,1914.7758325636487,1914.7912376460013,-0.7,0.2203,3.5,0.216098547899284,long_nclose,0.756344917647494,0.00039500442024842223,12.0
1701307200000.0,479598,1701307200000.0,0.0021007260503579928,-2.203e-05,1914.777911259699,1914.7908156160013,-0.5,0.2203,3.0,0.216098547899284,long_nclose,0.648295643697852,0.0003385748497962093,2.0
1701313260000.0,479699,1701313260000.0,0.0021007260503579928,-2.203e-05,1914.7799899557494,1914.7917435860013,-0.5,0.2203,2.5,0.216098547899284,long_nclose,0.54024636974821,0.00028214540186452183,101.0
1701315360000.0,479734,1701315360000.0,0.0016805808402863944,-1.7624000000000003e-05,1914.7816529125896,1914.7906859620011,-0.4,0.2203,2.1,0.216098547899284,long_nclose,0.45380695058849646,0.00023700193173368207,35.0
1701321600000.0,479838,1701321600000.0,0.0,-0.019057479999999998,1914.7625954325897,1914.7245084820013,435.5,0.2188,437.6,0.2187870359931181,long_ientry_partial,95.74120695058849,0.05000160708119448,104.0
1701414180000.0,481381,1701414180000.0,0.13206025043011915,-0.0027612500000000002,1914.8918944330198,1915.6844672320012,-62.5,0.2209,375.1,0.2187870359931181,long_nclose,82.0670172010186,0.042857258647135174,1543.0
1701414240000.0,481382,1701414240000.0,0.113043574368182,-0.0023636300000000002,1915.002574377388,1915.7142636020012,-53.5,0.2209,321.6,0.2187870359931181,long_nclose,70.36191077538679,0.03674246276053341,1.0
1701415560000.0,481404,1701415560000.0,0.09698504791587952,-0.002027862,1915.097531563304,1915.7076457400015,-45.9,0.2209,275.7,0.2187870359931181,long_nclose,60.31958582330266,0.03149687409082683,22.0
1701422220000.0,481515,1701422220000.0,0.08303948547045893,-0.0017362739999999999,1915.1788347747745,1915.7019794660014,-39.3,0.2209,236.4,0.2187870359931181,long_nclose,51.721255308773124,0.02700596642446477,111.0
1701423960000.0,481544,1701423960000.0,0.07120688703192025,-0.0014888660000000001,1915.2485527958063,1915.7173906000012,-33.7,0.2209,202.7,0.2187870359931181,long_nclose,44.348132195805036,0.02315528819017633,29.0
1701426180000.0,481581,1701426180000.0,0.0610646597988871,-0.001276802,1915.3083406536052,1915.6929537980013,-28.9,0.2209,173.8,0.2187870359931181,long_nclose,38.02518685560393,0.01985329779466616,37.0
1701426360000.0,481584,1701426360000.0,0.052401507370671285,-0.001095664,1915.3596464969758,1915.6893781340011,-24.8,0.2209,149.0,0.2187870359931181,long_nclose,32.5992683629746,0.017019920213206845,3.0
1701427920000.0,481610,1701427920000.0,0.04479483694589642,-0.0009366160000000001,1915.4035047179216,1915.673541518001,-21.2,0.2209,127.8,0.2187870359931181,long_nclose,27.960983199920495,0.014597959715040965,26.0
1701427980000.0,481611,1701427980000.0,0.0384559449252507,-0.0008040760000000001,1915.441156586847,1915.6727374420013,-18.2,0.2209,109.6,0.2187870359931181,long_nclose,23.979059144845742,0.012518817956054773,1.0
1701428280000.0,481616,1701428280000.0,0.032962238507357744,-0.0006892080000000001,1915.4734296173542,1915.672048234001,-15.6,0.2209,94.0,0.2187870359931181,long_nclose,20.5659813833531,0.010736761505202126,5.0
1701428340000.0,481617,1701428340000.0,0.02831371769221755,-0.000592012,1915.5011513230465,1915.6714562220013,-13.4,0.2209,80.6,0.2187870359931181,long_nclose,17.634235101045316,0.009206068651467664,1.0
1701429060000.0,481629,1701429060000.0,0.024299086079141927,-0.00050807,1915.5249423391256,1915.7054981520012,-11.5,0.2209,69.1,0.2187870359931181,long_nclose,15.11818418712446,0.007892449663778865,12.0
1701432600000.0,481688,1701432600000.0,0.04844908607914182,-0.0005129,1915.5728785252047,1915.8155452520011,-11.5,0.223,57.6,0.2187870359931181,long_nclose,12.602133273203604,0.006578780381828102,59.0
1701433680000.0,481706,1701433680000.0,0.04044445446606621,-0.00042816,1915.6128948196708,1915.819917092001,-9.6,0.223,48.0,0.2187870359931181,long_nclose,10.501777727669669,0.005482202461713054,18.0
1701434160000.0,481714,1701434160000.0,0.03370371205505518,-0.0003568,1915.646241731726,1915.8227602920012,-8.0,0.223,40.0,0.2187870359931181,long_nclose,8.751481439724724,0.00456842252451239,8.0
1701436680000.0,481756,1701436680000.0,0.027805562445420522,-0.00029436,1915.6737529341713,1915.807785932001,-6.6,0.223,33.4,0.2187870359931181,long_nclose,7.307487002170144,0.0038145780256045787,42.0
1701436800000.0,481758,1701436800000.0,0.023171302037850436,-0.0002453,1915.696678936209,1915.833750632001,-5.5,0.223,27.9,0.2187870359931181,long_nclose,6.104158304207995,0.0031863908161064666,2.0
1701438360000.0,481784,1701438360000.0,0.019379634431656727,-0.00020516000000000002,1915.7158534106409,1915.8093554720012,-4.6,0.223,23.3,0.2187870359931181,long_nclose,5.097737938639652,0.002661009423482039,26.0
1701439920000.0,481810,1701439920000.0,0.006972781222710292,-0.000145794,1915.7226803978635,1915.7689396780013,-3.3,0.2209,20.0,0.2187870359931181,long_nclose,4.375740719862362,0.0022841201206395875,26.0
1701442440000.0,481852,1701442440000.0,0.005916299219269339,-0.000123704,1915.7284729930827,1915.764815974001,-2.8,0.2209,17.2,0.2187870359931181,long_nclose,3.7631370190816313,0.0019643373641579837,42.0
1701442500000.0,481853,1701442500000.0,0.005071113616516576,-0.000106032,1915.7334380746993,1915.763229942001,-2.4,0.2209,14.8,0.2187870359931181,long_nclose,3.238048132698148,0.0016902393977903142,1.0
1701442620000.0,481855,1701442620000.0,0.004437224414452004,-9.277800000000001e-05,1915.7377825211138,1915.7658871640012,-2.1,0.2209,12.7,0.2187870359931181,long_nclose,2.7785953571125996,0.001450404842700322,2.0
1701443880000.0,481876,1701443880000.0,0.003803335212387432,-7.9524e-05,1915.741506332326,1915.7678076400011,-1.8,0.2209,10.9,0.2187870359931181,long_nclose,2.3847786923249874,0.0012448332326894299,21.0
1701444660000.0,481889,1701444660000.0,0.00316944601032286,-6.627000000000001e-05,1915.7446095083365,1915.766351370001,-1.5,0.2209,9.4,0.2187870359931181,long_nclose,2.0565981383353105,0.001073524168163064,13.0
1701447900000.0,481943,1701447900000.0,0.006319446010322846,-6.690000000000001e-05,1915.7508620543467,1915.783354470001,-1.5,0.223,7.9,0.2187870359931181,long_nclose,1.728417584345633,0.0009022141754341545,54.0
1701447960000.0,481944,1701447960000.0,0.005476853208946467,-5.7980000000000004e-05,1915.7562809275555,1915.784746490001,-1.3,0.223,6.6,0.2187870359931181,long_nclose,1.4439944375545795,0.0007537464195891546,1.0
1701448380000.0,481951,1701448380000.0,0.004634260407570087,-4.906000000000001e-05,1915.760866127963,1915.785137430001,-1.1,0.223,5.5,0.2187870359931181,long_nclose,1.2033286979621496,0.000628120512971045,7.0
1701449040000.0,481962,1701449040000.0,0.003791667606193708,-4.0140000000000005e-05,1915.7646176555693,1915.784917290001,-0.9,0.223,4.6,0.2187870359931181,long_nclose,1.0064203655683432,0.0005253361275666305,11.0
1701449220000.0,481965,1701449220000.0,0.002949074804817328,-3.122e-05,1915.767535510374,1915.784356070001,-0.7,0.223,3.9,0.2187870359931181,long_nclose,0.8532694403731605,0.00044539299500439834,3.0
1701450300000.0,481983,1701450300000.0,0.002527778404129138,-2.676e-05,1915.770036528778,1915.7845993100009,-0.6,0.223,3.3,0.2187870359931181,long_nclose,0.7219972187772897,0.00037687050377167966,18.0
1701450480000.0,481986,1701450480000.0,0.0021064820034409487,-2.23e-05,1915.7721207107816,1915.7839170100008,-0.5,0.223,2.8,0.2187870359931181,long_nclose,0.6126037007807307,0.0003197685644122669,3.0
1701463260000.0,482199,1701463260000.0,0.001685185602752759,-1.7840000000000002e-05,1915.7737880563843,1915.7841391700008,-0.4,0.223,2.4,0.2187870359931181,long_nclose,0.5250888863834834,0.00027408710237976656,213.0
1701463980000.0,482211,1701463980000.0,0.001685185602752759,-1.7840000000000002e-05,1915.775455401987,1915.7840813300008,-0.4,0.223,2.0,0.2187870359931181,long_nclose,0.4375740719862362,0.0002284057198626235,12.0
1701464880000.0,482226,1701464880000.0,0.001263889202064569,-1.338e-05,1915.7767059111893,1915.784037950001,-0.3,0.223,1.7,0.2187870359931181,long_nclose,0.37193796118830075,0.00019414473515659444,15.0
1701469200000.0,482298,1701469200000.0,0.0018938892020645664,-1.3505999999999999e-05,1915.7785862943915,1915.7875644440012,-0.3,0.2251,1.4,0.2187870359931181,long_nclose,0.30630185039036534,0.00015988374261079506,72.0
1701469380000.0,482301,1701469380000.0,0.0012625928013763777,-9.004e-06,1915.7798398831928,1915.7875354400012,-0.2,0.2251,1.2,0.2187870359931181,long_nclose,0.2625444431917417,0.00013704311827801116,3.0
1701477540000.0,482437,1701477540000.0,0.0012625928013763777,-9.004e-06,1915.7810934719942,1915.787406436001,-0.2,0.2251,1.0,0.2187870359931181,long_nclose,0.2187870359931181,0.00011420252383669139,136.0
1701480060000.0,482479,1701480060000.0,0.0012625928013763777,-9.004e-06,1915.7823470607955,1915.787477432001,-0.2,0.2251,0.8,0.2187870359931181,long_nclose,0.1750296287944945,9.1361959286777e-05,42.0
1701481320000.0,482500,1701481320000.0,0.0006312964006881888,-4.502e-06,1915.7829738551964,1915.787462930001,-0.1,0.2251,0.7,0.2187870359931181,long_nclose,0.15315092519518267,7.994168822107849e-05,21.0
1701484020000.0,482545,1701484020000.0,0.0006312964006881888,-4.502e-06,1915.7836006495972,1915.7874484280014,-0.1,0.2251,0.6,0.2187870359931181,long_nclose,0.13127222159587085,6.852142462820932e-05,45.0
1701486360000.0,482584,1701486360000.0,0.0006312964006881888,-4.502e-06,1915.7842274439981,1915.7874339260015,-0.1,0.2251,0.5,0.2187870359931181,long_nclose,0.10939351799655905,5.710116850816219e-05,39.0
1701490620000.0,482655,1701490620000.0,0.0006312964006881888,-4.502e-06,1915.784854238399,1915.7874194240019,-0.1,0.2251,0.4,0.2187870359931181,long_nclose,0.08751481439724725,4.5680919860929726e-05,71.0
1701490800000.0,482658,1701490800000.0,0.0006312964006881888,-4.502e-06,1915.7854810328,1915.787434922002,-0.1,0.2251,0.3,0.2187870359931181,long_nclose,0.06563611079793542,3.426067868650461e-05,3.0
1701491220000.0,482665,1701491220000.0,0.0006312964006881888,-4.502e-06,1915.7861078272008,1915.787390420002,-0.1,0.2251,0.2,0.2187870359931181,long_nclose,0.04375740719862362,2.284044498487951e-05,7.0
1701493260000.0,482699,1701493260000.0,0.0006312964006881888,-4.502e-06,1915.7867346216017,1915.7873759180025,-0.1,0.2251,0.1,0.2187870359931181,long_nclose,0.02187870359931181,1.1420218756047083e-05,34.0
1701493740000.0,482707,1701493740000.0,0.0006312964006881888,-4.502e-06,1915.7873614160026,1915.7873614160026,-0.1,0.2251,0.0,0.2187870359931181,long_nclose,0.0,0.0,8.0
1701499200000.0,482798,1701499200000.0,0.0,-0.019157280000000002,1915.7682041360026,1915.8110041360026,428.0,0.2238,428.0,0.2238,long_ientry_normal,95.7864,0.04999895070458117,91.0
1701539760000.0,483474,1701539760000.0,0.13442000000000046,-0.00276172,1915.8998624160026,1916.7437324160026,-61.1,0.226,366.9,0.2238,long_nclose,82.11222,0.04285830465922901,676.0
1701540180000.0,483481,1701540180000.0,0.2627299999999999,-0.002787382,1916.1598050340026,1917.4135850340026,-61.1,0.2281,305.8,0.2238,long_nclose,68.43804,0.03571624862404707,7.0
1701542340000.0,483517,1701542340000.0,0.09592000000000032,-0.00197072,1916.2537543140027,1916.9616943140027,-43.6,0.226,262.2,0.2238,long_nclose,58.68036,0.03062243706914845,36.0
1701542760000.0,483524,1701542760000.0,0.08228000000000028,-0.0016904800000000003,1916.3343438340028,1916.9413038340028,-37.4,0.226,224.8,0.2238,long_nclose,50.31024,0.026253372832292145,7.0
1701543360000.0,483534,1701543360000.0,0.07062000000000024,-0.0014509200000000003,1916.4035129140027,1916.8467229140026,-32.1,0.226,192.7,0.2238,long_nclose,43.126259999999995,0.02250374710199942,10.0
1701544080000.0,483546,1701544080000.0,0.060500000000000206,-0.001243,1916.4627699140028,1917.0079299140027,-27.5,0.226,165.2,0.2238,long_nclose,36.971759999999996,0.01929166617813245,12.0
1701544200000.0,483548,1701544200000.0,0.11824999999999995,-0.0012545500000000001,1916.5797653640027,1917.1581053640027,-27.5,0.2281,137.7,0.2238,long_nclose,30.817259999999997,0.01607929946716676,2.0
1701544320000.0,483550,1701544320000.0,0.09846999999999996,-0.001044698,1916.6771906660026,1917.1134306660026,-22.9,0.2281,114.8,0.2238,long_nclose,25.692239999999998,0.013404573354928128,2.0
1701544800000.0,483558,1701544800000.0,0.03608000000000012,-0.00074128,1916.7125293860026,1916.9585293860027,-16.4,0.226,98.4,0.2238,long_nclose,22.02192,0.011489422468091487,8.0
1701548820000.0,483625,1701548820000.0,0.07051999999999997,-0.0007481679999999999,1916.7823012180027,1917.1431012180026,-16.4,0.2281,82.0,0.2238,long_nclose,18.3516,0.009574170206151547,67.0
1701549540000.0,483637,1701549540000.0,0.058479999999999976,-0.0006204320000000001,1916.8401607860026,1917.1411207860026,-13.6,0.2281,68.4,0.2238,long_nclose,15.307920000000001,0.007986017985830894,12.0
1701549840000.0,483642,1701549840000.0,0.04901999999999998,-0.000520068,1916.8886607180025,1917.1394607180025,-11.4,0.2281,57.0,0.2238,long_nclose,12.7566,0.0066548466071168705,5.0
1701550320000.0,483650,1701550320000.0,0.040849999999999984,-0.00043339,1916.9290773280027,1917.1380773280027,-9.5,0.2281,47.5,0.2238,long_nclose,10.6305,0.00554558858005211,8.0
1701551820000.0,483675,1701551820000.0,0.033969999999999986,-0.000360398,1916.9626869300025,1917.1369269300026,-7.9,0.2281,39.6,0.2238,long_nclose,8.86248,0.004623188578695383,25.0
1701555900000.0,483743,1701555900000.0,0.02837999999999999,-0.000301092,1916.9907658380025,1917.1227658380026,-6.6,0.2281,33.0,0.2238,long_nclose,7.3854,0.0038526007175478023,68.0
1701556080000.0,483746,1701556080000.0,0.02364999999999999,-0.00025091,1917.0141649280026,1917.1351649280027,-5.5,0.2281,27.5,0.2238,long_nclose,6.1545,0.00321046141056091,3.0
1701556980000.0,483761,1701556980000.0,0.019349999999999992,-0.00020529000000000004,1917.0333096380027,1917.1299096380028,-4.5,0.2281,23.0,0.2238,long_nclose,5.1474,0.002685086364499318,15.0
1701557040000.0,483762,1701557040000.0,0.016339999999999993,-0.000173356,1917.0494762820026,1917.1377962820027,-3.8,0.2281,19.2,0.2238,long_nclose,4.2969599999999994,0.002241444497475195,1.0
1701558660000.0,483789,1701558660000.0,0.013759999999999994,-0.00014598400000000002,1917.0630902980026,1917.1318902980026,-3.2,0.2281,16.0,0.2238,long_nclose,3.5808,0.0018678571498882562,27.0
1701559200000.0,483798,1701559200000.0,0.011179999999999995,-0.00011861200000000001,1917.0741516860026,1917.1344516860026,-2.6,0.2281,13.4,0.2238,long_nclose,2.99892,0.0015643213369511816,9.0
1701559440000.0,483802,1701559440000.0,0.009459999999999996,-0.00010036400000000002,1917.0835113220026,1917.1327913220025,-2.2,0.2281,11.2,0.2238,long_nclose,2.50656,0.0013074860772609223,4.0
1701559920000.0,483810,1701559920000.0,0.007739999999999997,-8.2116e-05,1917.0911692060026,1917.1306492060025,-1.8,0.2281,9.4,0.2238,long_nclose,2.10372,0.0010973500028542164,8.0
1701560100000.0,483813,1701560100000.0,0.006449999999999997,-6.843000000000001e-05,1917.0975507760027,1917.1331007760027,-1.5,0.2281,7.9,0.2238,long_nclose,1.7680200000000001,0.000922237889920803,3.0
1701560280000.0,483816,1701560280000.0,0.005589999999999998,-5.9306000000000004e-05,1917.1030814700027,1917.1308014700028,-1.3,0.2281,6.6,0.2238,long_nclose,1.47708,0.0007704750017236421,3.0
1701561120000.0,483830,1701561120000.0,0.004729999999999998,-5.018200000000001e-05,1917.1077612880028,1917.132511288003,-1.1,0.2281,5.5,0.2238,long_nclose,1.2309,0.0006420609341089015,14.0
1701561600000.0,483838,1701561600000.0,0.0038699999999999984,-4.1058e-05,1917.1115902300028,1917.1313702300029,-0.9,0.2281,4.6,0.2238,long_nclose,1.02948,0.0005369953451048145,8.0
1701562680000.0,483856,1701562680000.0,0.003009999999999999,-3.1933999999999996e-05,1917.1145682960027,1917.1313382960027,-0.7,0.2281,3.9,0.2238,long_nclose,0.8728199999999999,0.0004552779549194039,18.0
1701562800000.0,483858,1701562800000.0,0.002579999999999999,-2.7371999999999998e-05,1917.1171209240028,1917.1319709240029,-0.6,0.2281,3.3,0.2238,long_nclose,0.73854,0.00038523467968615396,2.0
1701563820000.0,483875,1701563820000.0,0.002149999999999999,-2.281e-05,1917.1192481140029,1917.1307281140027,-0.5,0.2281,2.8,0.2238,long_nclose,0.62664,0.0003268654261420969,17.0
1701563940000.0,483877,1701563940000.0,0.0017199999999999993,-1.8248000000000002e-05,1917.1209498660028,1917.1315098660027,-0.4,0.2281,2.4,0.2238,long_nclose,0.5371199999999999,0.000280170116568567,2.0
1701568800000.0,483958,1701568800000.0,0.0017199999999999993,-1.8248000000000002e-05,1917.1226516180027,1917.1314516180028,-0.4,0.2281,2.0,0.2238,long_nclose,0.4476,0.00023347488989410093,81.0
1701569040000.0,483962,1701569040000.0,0.0012899999999999995,-1.3685999999999999e-05,1917.1239279320025,1917.1312379320025,-0.3,0.2281,1.7,0.2238,long_nclose,0.38045999999999996,0.0001984535242906291,4.0
1701569220000.0,483965,1701569220000.0,0.0008599999999999997,-9.124000000000001e-06,1917.1247788080027,1917.1315288080027,-0.2,0.2281,1.5,0.2238,long_nclose,0.3357,0.00017510597312749034,3.0
1701572580000.0,484021,1701572580000.0,0.0,-0.01910301,1917.1056757980027,1917.1943657980028,421.7,0.2265,423.2,0.22649043005671077,long_ientry_partial,95.85074999999999,0.0499976350860793,56.0
1701654360000.0,485384,1701654360000.0,0.13345802457466882,-0.002762696,1917.2363711265773,1918.0742831020027,-60.4,0.2287,362.8,0.22649043005671077,long_nclose,82.17072802457467,0.04285894491783022,1363.0
1701659460000.0,485469,1701659460000.0,0.11445572306238154,-0.0023693319999999996,1917.3484575176396,1918.0667337700027,-51.8,0.2287,311.0,0.22649043005671077,long_nclose,70.43852374763705,0.03673746598927181,85.0
1701660000000.0,485478,1701660000000.0,0.09810490548204133,-0.0020308559999999997,1917.4445315671217,1918.0602629140026,-44.4,0.2287,266.6,0.22649043005671077,long_nclose,60.382348653119095,0.03149105367015169,9.0
1701661080000.0,485496,1701661080000.0,0.08396365784499032,-0.0017381200000000001,1917.5267571049667,1918.0090047940025,-38.0,0.2287,228.6,0.22649043005671077,long_nclose,51.77571231096408,0.02700129847947141,18.0
1701661140000.0,485497,1701661140000.0,0.07203198015122854,-0.001491124,1917.5972979611179,1918.0499736700026,-32.6,0.2287,196.0,0.22649043005671077,long_nclose,44.39212429111531,0.02314986798235227,1.0
1701662220000.0,485515,1701662220000.0,0.061867958412098134,-0.00128072,1917.6578851995298,1918.0458929500023,-28.0,0.2287,168.0,0.22649043005671077,long_nclose,38.050392249527405,0.019842117065405705,18.0
1701662400000.0,485518,1701662400000.0,0.05302967863894126,-0.00109776,1917.7098171181688,1918.0711951900023,-24.0,0.2287,144.0,0.22649043005671077,long_nclose,32.61462192816635,0.01700706834633503,3.0
1701665460000.0,485569,1701665460000.0,0.10582967863894144,-0.00110832,1917.8145384768077,1918.3436868700023,-24.0,0.2309,120.0,0.22649043005671077,long_nclose,27.178851606805292,0.014171783069488901,51.0
1701665580000.0,485571,1701665580000.0,0.08819139886578453,-0.0009236000000000001,1917.9018062756734,1918.3627632700022,-20.0,0.2309,100.0,0.22649043005671077,long_nclose,22.649043005671075,0.011809281857684205,2.0
1701666000000.0,485578,1701666000000.0,0.07319886105860117,-0.0007665880000000001,1917.974238548732,1918.3419966820024,-16.6,0.2309,83.4,0.22649043005671077,long_nclose,18.889301866729678,0.009848569124172694,7.0
1701666060000.0,485579,1701666060000.0,0.06129302221172025,-0.000641902,1918.0348896689436,1918.3274547800022,-13.9,0.2309,69.5,0.22649043005671077,long_nclose,15.741084888941398,0.008206881414789247,1.0
1701666540000.0,485587,1701666540000.0,0.050710054347826106,-0.00053107,1918.0850686532913,1918.358223710002,-11.5,0.2309,58.0,0.22649043005671077,long_nclose,13.136444943289224,0.0068487290568986425,8.0
1701669120000.0,485630,1701669120000.0,0.018118473534971594,-0.000375068,1918.1028120588262,1918.222808642002,-8.2,0.2287,49.8,0.22649043005671077,long_nclose,11.279223416824195,0.005880406068910071,43.0
1701669300000.0,485633,1701669300000.0,0.015687946597353456,-0.00032475399999999996,1918.1181752514235,1918.221063888002,-7.1,0.2287,42.7,0.22649043005671077,long_nclose,9.671141363421551,0.0050419945382947405,3.0
1701670140000.0,485647,1701670140000.0,0.013478376654064235,-0.00027901399999999995,1918.1313746140777,1918.2122448740022,-6.1,0.2287,36.6,0.22649043005671077,long_nclose,8.289549740075614,0.00432167986499019,14.0
1701670200000.0,485648,1701670200000.0,0.011489763705103939,-0.00023784800000000003,1918.1426265297828,1918.2151470260021,-5.2,0.2287,31.4,0.22649043005671077,long_nclose,7.111799503780718,0.0037076489544716836,1.0
1701671400000.0,485668,1701671400000.0,0.022929763705103978,-0.000240136,1918.165316157488,1918.278226890002,-5.2,0.2309,26.2,0.22649043005671077,long_nclose,5.934049267485822,0.003093606800988897,20.0
1701671700000.0,485673,1701671700000.0,0.018961150756143675,-0.000198574,1918.1840787342442,1918.2784583160021,-4.3,0.2309,21.9,0.22649043005671077,long_nclose,4.9601404182419655,0.002585852146950893,5.0
1701671760000.0,485674,1701671760000.0,0.015874451795841217,-0.000166248,1918.19978693804,1918.2859720680021,-3.6,0.2309,18.3,0.22649043005671077,long_nclose,4.144774870037807,0.0021607628664446765,1.0
1701672900000.0,485693,1701672900000.0,0.023434451795841284,-0.00016776000000000003,1918.2230536298357,1918.3143343080021,-3.6,0.233,14.7,0.22649043005671077,long_nclose,3.3294093218336482,0.001735673708817876,19.0
1701673080000.0,485696,1701673080000.0,0.01887775283553881,-0.00013514,1918.2417962426712,1918.319789168002,-2.9,0.233,11.8,0.22649043005671077,long_nclose,2.6725870746691873,0.0013932482755323542,3.0
1701673260000.0,485699,1701673260000.0,0.014972010869565263,-0.00010718000000000001,1918.2566610735407,1918.320401988002,-2.3,0.233,9.5,0.22649043005671077,long_nclose,2.1516590855387525,0.0011216742416182146,3.0
1701675360000.0,485734,1701675360000.0,0.012368182892249564,-8.854e-05,1918.268940716433,1918.320693448002,-1.9,0.233,7.6,0.22649043005671077,long_nclose,1.7213272684310017,0.0008973336490492945,35.0
1701676980000.0,485761,1701676980000.0,0.009764354914933868,-6.99e-05,1918.278635171348,1918.3195635480022,-1.5,0.233,6.1,0.22649043005671077,long_nclose,1.3815916233459355,0.0007202246837423211,27.0
1701677220000.0,485765,1701677220000.0,0.007811483931947093,-5.592000000000001e-05,1918.2863907352798,1918.318777628002,-1.2,0.233,4.9,0.22649043005671077,long_nclose,1.109803107277883,0.000578538800378235,4.0
1701677580000.0,485771,1701677580000.0,0.005858612948960321,-4.194000000000001e-05,1918.2922074082287,1918.3186456880019,-0.9,0.233,4.0,0.22649043005671077,long_nclose,0.9059617202268431,0.0004722751396935883,6.0
1701677940000.0,485777,1701677940000.0,0.005207655954631397,-3.728e-05,1918.2973777841833,1918.320128408002,-0.8,0.233,3.2,0.22649043005671077,long_nclose,0.7247693761814745,0.0003778190934184836,6.0
1701681720000.0,485840,1701681720000.0,0.0039057419659735467,-2.7960000000000003e-05,1918.3012555661494,1918.318960448002,-0.6,0.233,2.6,0.22649043005671077,long_nclose,0.588875118147448,0.000306977392856709,63.0
1701682380000.0,485851,1701682380000.0,0.0032547849716446225,-2.3300000000000004e-05,1918.304487051121,1918.3185771480019,-0.5,0.233,2.1,0.22649043005671077,long_nclose,0.47562990311909265,0.0002479428611722877,11.0
1701682740000.0,485857,1701682740000.0,0.0026038279773156984,-1.864e-05,1918.3070722390983,1918.3183085080018,-0.4,0.233,1.7,0.22649043005671077,long_nclose,0.3850337310964083,0.00020071537902791907,6.0
1701683400000.0,485868,1701683400000.0,0.0019528709829867734,-1.3980000000000002e-05,1918.3090111300812,1918.3175645280019,-0.3,0.233,1.4,0.22649043005671077,long_nclose,0.31708660207939504,0.00016529485095448645,11.0
1701685440000.0,485902,1701685440000.0,0.0013019139886578492,-9.32e-06,1918.31030372407,1918.317875208002,-0.2,0.233,1.2,0.22649043005671077,long_nclose,0.27178851606805293,0.00014168120535057452,34.0
1701685500000.0,485903,1701685500000.0,0.0013019139886578492,-9.32e-06,1918.311596318059,1918.3182058880022,-0.2,0.233,1.0,0.22649043005671077,long_nclose,0.22649043005671077,0.00011806759156928868,1.0
1701685620000.0,485905,1701685620000.0,0.0013019139886578492,-9.32e-06,1918.3128889120478,1918.3181765680024,-0.2,0.233,0.8,0.22649043005671077,long_nclose,0.18119234404536863,9.445400961056466e-05,2.0
1701685980000.0,485911,1701685980000.0,0.0006509569943289246,-4.66e-06,1918.3135352090421,1918.3181619080024,-0.1,0.233,0.7,0.22649043005671077,long_nclose,0.15854330103969752,8.264723056464321e-05,6.0
1701686100000.0,485913,1701686100000.0,0.0006509569943289246,-4.66e-06,1918.3141815060364,1918.3181472480023,-0.1,0.233,0.6,0.22649043005671077,long_nclose,0.13589425803402647,7.084045947433811e-05,2.0
1701686280000.0,485916,1701686280000.0,0.0006509569943289246,-4.66e-06,1918.3148278030308,1918.3180825880024,-0.1,0.233,0.5,0.22649043005671077,long_nclose,0.11324521502835538,5.9033696339641285e-05,3.0
1701686340000.0,485917,1701686340000.0,0.0006509569943289246,-4.66e-06,1918.315474100025,1918.3181979280023,-0.1,0.233,0.4,0.22649043005671077,long_nclose,0.09059617202268432,4.722694116054471e-05,1.0
1701686700000.0,485923,1701686700000.0,0.0006509569943289246,-4.66e-06,1918.3161203970194,1918.3181632680023,-0.1,0.233,0.3,0.22649043005671077,long_nclose,0.06794712901701323,3.5420193937040326e-05,6.0
1701688200000.0,485948,1701688200000.0,0.0,-0.019169062,1918.2969513350195,1918.0476542060026,416.9,0.2299,417.2,0.22989754824788353,long_ientry_partial,95.913257129017,0.04999917091160841,25.0
1701688320000.0,485950,1701688320000.0,0.0,-0.019181124,1918.2777702110195,1913.8739930820025,429.3,0.2234,846.5,0.22660233565152627,long_rentry,191.81887712901698,0.09999536047791244,2.0
1701688320000.0,485950,1701688320000.0,0.0,-0.019184144,1918.2585860670195,1914.5530489380026,436.4,0.2198,1282.9,0.22428840683530826,long_rentry,287.739597129017,0.15000042185082343,0.0
1701689160000.0,485964,1701689160000.0,0.4051638677715275,-0.00829896,1918.655450974791,1921.3074799780024,-183.2,0.2265,1099.7,0.22428840683530826,long_nclose,246.6499609967885,0.1285535455943774,14.0
1701689400000.0,485968,1701689400000.0,0.347441286173073,-0.00711663,1918.995775630964,1921.4574633480024,-157.1,0.2265,942.6,0.22428840683530826,long_nclose,211.41425228296157,0.11016921192202664,4.0
1701691020000.0,485995,1701691020000.0,0.29768043996750876,-0.00609738,1919.2873586909316,1921.3167259680024,-134.6,0.2265,808.0,0.22428840683530826,long_nclose,181.2250327229291,0.09442308464248697,27.0
1701691560000.0,486004,1701691560000.0,0.2552178512054273,-0.0052276200000000005,1919.537348922137,1921.1383583480024,-115.4,0.2265,692.6,0.22428840683530826,long_nclose,155.3421505741345,0.08092687056147284,9.0
1701691680000.0,486006,1701691680000.0,0.21872656398801352,-0.00448017,1919.7515953161248,1920.7677681780024,-98.9,0.2265,593.7,0.22428840683530826,long_nclose,133.16002713812253,0.0693631548284741,2.0
1701691800000.0,486008,1701691800000.0,0.1875431003658599,-0.0038414400000000002,1919.9352969764907,1921.2643367380024,-84.8,0.2265,508.9,0.22428840683530826,long_nclose,114.14037023848837,0.05945011293778303,2.0
1701691980000.0,486011,1701691980000.0,0.1607828230730898,-0.0032933100000000007,1920.0927864895639,1921.0138634280024,-72.7,0.2265,436.2,0.22428840683530826,long_nclose,97.83460306156147,0.050953060055201255,3.0
1701692100000.0,486013,1701692100000.0,0.13778225416029566,-0.00282219,1920.2277465537243,1920.7929312380024,-62.3,0.2265,373.9,0.22428840683530826,long_nclose,83.86143531572175,0.043672650531287105,2.0
1701692220000.0,486015,1701692220000.0,0.11809907499453913,-0.00241902,1920.3434266087188,1921.1483922180025,-53.4,0.2265,320.5,0.22428840683530826,long_nclose,71.8844343907163,0.037433113991314826,2.0
1701692580000.0,486021,1701692580000.0,0.0,-0.00460156,1920.3388250487187,1921.5064406580025,101.0,0.2278,421.5,0.22512985620573261,long_ientry_partial,94.8922343907163,0.04941431853220428,6.0
1701693120000.0,486030,1701693120000.0,0.13064265641489672,-0.002736692,1920.4667310131335,1921.4675839660024,-60.2,0.2273,361.3,0.22512985620573261,long_nclose,81.33941704713119,0.042353983921513155,9.0
1701693900000.0,486043,1701693900000.0,0.2630826564148972,-0.0027631800000000005,1920.7270504895484,1922.1332307860023,-60.2,0.2295,301.1,0.22512985620573261,long_nclose,67.7865997035461,0.03529215652284841,13.0
1701695700000.0,486073,1701695700000.0,0.2189442040927965,-0.0022995900000000002,1920.9436951036414,1922.0155011960026,-50.1,0.2295,251.0,0.22512985620573261,long_nclose,56.507593907638885,0.029416580013080555,30.0
1701695760000.0,486074,1701695760000.0,0.1826720106003771,-0.00191862,1921.1244484942417,1922.0596025760024,-41.8,0.2295,209.2,0.22512985620573261,long_nclose,47.09716591823926,0.024515416455791583,1.0
1701695880000.0,486076,1701695880000.0,0.15208100404050534,-0.00159732,1921.2749321782824,1922.0545252560025,-34.8,0.2295,174.4,0.22512985620573261,long_nclose,39.26264692227977,0.020435725394993307,2.0
1701696660000.0,486089,1701696660000.0,0.12673417003375445,-0.0013311,1921.4003352483162,1922.1229941560027,-29.0,0.2295,145.4,0.22512985620573261,long_nclose,32.733881092313524,0.017036471000762624,13.0
1701697080000.0,486096,1701697080000.0,0.10575747982127096,-0.0011107800000000002,1921.5049819481374,1922.0346433760026,-24.2,0.2295,121.2,0.22512985620573261,long_nclose,27.285738572134793,0.014200191427279501,7.0
1701697140000.0,486097,1701697140000.0,0.08827690464420138,-0.0009271800000000001,1921.5923316727815,1922.0135161960025,-20.2,0.2295,101.0,0.22512985620573261,long_nclose,22.738115476778994,0.01183295494158485,1.0
1701697200000.0,486098,1701697200000.0,0.07341841574369223,-0.0007711200000000001,1921.664978968525,1922.0161050760023,-16.8,0.2295,84.2,0.22512985620573261,long_nclose,18.955933892522687,0.00986432812169866,1.0
1701697260000.0,486099,1701697260000.0,0.06118201311974353,-0.0006426,1921.7255183816449,1922.0603824760024,-14.0,0.2295,70.2,0.22512985620573261,long_nclose,15.80411590564243,0.008223919469494089,1.0
1701697800000.0,486108,1701697800000.0,0.0,-0.016006848,1921.709511533645,1921.7991556280024,349.8,0.2288,420.0,0.228186561680101,long_ientry_partial,95.83835590564243,0.0498714063340184,9.0
1701716040000.0,486412,1701716040000.0,0.13280629919393883,-0.0027648,1921.839553032839,1922.8523908280026,-60.0,0.2304,360.0,0.228186561680101,long_nclose,82.14716220483636,0.04274402723952716,304.0
1701721620000.0,486505,1701721620000.0,0.11377072964280759,-0.0023685119999999997,1921.9509552504817,1922.6648823160026,-51.4,0.2304,308.6,0.228186561680101,long_nclose,70.41837293447918,0.036639006183850194,93.0
1701721740000.0,486507,1701721740000.0,0.09739128607555514,-0.00202752,1922.0463190165574,1922.6584547960026,-44.0,0.2304,264.6,0.228186561680101,long_nclose,60.37816422055473,0.03141348032208094,2.0
1701723360000.0,486534,1701723360000.0,0.08366796849218146,-0.0017418239999999999,1922.1282451610496,1922.7209729720028,-37.8,0.2304,226.8,0.228186561680101,long_nclose,51.75271218904691,0.026924692626173183,27.0
1701726480000.0,486586,1701726480000.0,0.16682796849218173,-0.001758456,1922.2933146735418,1923.0518545160028,-37.8,0.2326,189.0,0.228186561680101,long_nclose,43.12726015753909,0.022435317143504337,52.0
1701726960000.0,486594,1701726960000.0,0.13902330707681812,-0.00146538,1922.4308726006186,1923.2204891360027,-31.5,0.2326,157.5,0.228186561680101,long_nclose,35.93938346461591,0.01869475983601843,8.0
1701728700000.0,486623,1701728700000.0,0.11563208398135348,-0.001218824,1922.5452858606,1923.1379003120028,-26.2,0.2326,131.3,0.228186561680101,long_nclose,29.960895548597264,0.015583973895931245,29.0
1701729300000.0,486633,1701729300000.0,0.09621295537379794,-0.0010141360000000001,1922.6404846799737,1923.1785061760027,-21.8,0.2326,109.5,0.228186561680101,long_nclose,24.986428503971062,0.01299589221337451,10.0
1701730200000.0,486648,1701730200000.0,0.08032457742216158,-0.000846664,1922.7199625933958,1923.1502995120027,-18.2,0.2326,91.3,0.228186561680101,long_nclose,20.83343308139322,0.010835396462671948,15.0
1701730740000.0,486657,1701730740000.0,0.12036457742216171,-0.0008546720000000001,1922.839472498818,1923.3156048400026,-18.2,0.2348,73.1,0.228186561680101,long_nclose,16.680437658815382,0.008674898709635073,9.0
1701730800000.0,486658,1701730800000.0,0.09655619947052534,-0.000685616,1922.9353430822885,1923.3222292240025,-14.6,0.2348,58.5,0.228186561680101,long_nclose,13.34891385828591,0.006941946283481809,1.0
1701730860000.0,486659,1701730860000.0,0.07737722834281824,-0.0005494320000000001,1923.0121708786312,1923.3263597920024,-11.7,0.2348,46.8,0.228186561680101,long_nclose,10.679131086628727,0.0055533351521895955,1.0
1701731400000.0,486668,1701731400000.0,0.103117228342818,-0.0005545799999999999,1923.114733526974,1923.4416352120024,-11.7,0.237,35.1,0.228186561680101,long_nclose,8.009348314971547,0.004164779238252977,9.0
1701732540000.0,486687,1701732540000.0,0.1288572283428181,-0.000559728,1923.2430310273169,1923.4984054840024,-11.7,0.2392,23.4,0.228186561680101,long_nclose,5.339565543314364,0.0027763342735016637,19.0
1701732600000.0,486688,1701732600000.0,0.08590481889521207,-0.00037315199999999997,1923.328562694212,1923.5112923320023,-7.8,0.2392,15.6,0.228186561680101,long_nclose,3.5597103622095756,0.0018508072054122197,1.0
1701732840000.0,486692,1701732840000.0,0.05726987926347471,-0.000248768,1923.3855838054756,1923.5022035640025,-5.2,0.2392,10.4,0.228186561680101,long_nclose,2.3731402414730507,0.0012338348906503302,4.0
1701733800000.0,486708,1701733800000.0,0.03744569028765654,-0.000162656,1923.4228668397634,1923.5027609080028,-3.4,0.2392,7.0,0.228186561680101,long_nclose,1.597305931760707,0.0008304496942916794,16.0
1701734880000.0,486726,1701734880000.0,0.025330908135767657,-0.000110032,1923.4480877158992,1923.5003208760027,-2.3,0.2392,4.7,0.228186561680101,long_nclose,1.0724768398964748,0.0005575803406111389,18.0
1701735060000.0,486729,1701735060000.0,0.016520157479848474,-7.176e-05,1923.464536113379,1923.5004191160026,-1.5,0.2392,3.2,0.228186561680101,long_nclose,0.7301969973763233,0.0003796259216984501,3.0
1701735240000.0,486732,1701735240000.0,0.011013438319898983,-4.784e-05,1923.4755017116988,1923.5001712760027,-1.0,0.2392,2.2,0.228186561680101,long_nclose,0.5020104356962223,0.0002609913332659988,3.0
1701735360000.0,486734,1701735360000.0,0.007709406823929287,-3.3487999999999995e-05,1923.4831776305227,1923.5001477880026,-0.7,0.2392,1.5,0.228186561680101,long_nclose,0.34227984252015153,0.00017794792618971335,2.0
1701735720000.0,486740,1701735720000.0,0.005506719159949491,-2.392e-05,1923.4886604296826,1923.4997738680024,-0.5,0.2392,1.0,0.228186561680101,long_nclose,0.228186561680101,0.00011863161263925886,6.0
1701737580000.0,486771,1701737580000.0,0.006606719159949495,-2.4140000000000003e-05,1923.4952430088424,1923.5019997280024,-0.5,0.2414,0.5,0.228186561680101,long_nclose,0.1140932808400505,5.9315603329270106e-05,31.0
1701737940000.0,486777,1701737940000.0,0.002642687663979798,-9.656e-06,1923.4978760405065,1923.5019600720025,-0.2,0.2414,0.3,0.228186561680101,long_nclose,0.0684559685040303,3.558931328010923e-05,6.0
1701739200000.0,486798,1701739200000.0,0.0011013438319898983,-4.784e-06,1923.4989726003384,1923.5011952880025,-0.1,0.2392,0.2,0.228186561680101,long_nclose,0.045637312336020204,2.3726195327426698e-05,21.0
1701739320000.0,486800,1701739320000.0,0.0011013438319898983,-4.784e-06,1923.5000691601704,1923.5011805040024,-0.1,0.2392,0.1,0.228186561680101,long_nclose,0.022818656168010102,1.186309090073133e-05,2.0
1701739740000.0,486807,1701739740000.0,0.0011013438319898983,-4.784e-06,1923.5011657200023,1923.5011657200023,-0.1,0.2392,0.0,0.228186561680101,long_nclose,0.0,0.0,7.0
1701758340000.0,487117,1701758340000.0,0.0,-0.019234,1923.4819317200022,1923.4819317200022,407.5,0.236,407.5,0.236,long_ientry_normal,96.17,0.04999787022382038,310.0
1701797280000.0,487766,1701797280000.0,0.13386000000000142,-0.0027738120000000005,1923.6130179080021,1924.4513379080022,-58.2,0.2383,349.3,0.236,long_nclose,82.4348,0.04285414957819884,649.0
1701798720000.0,487790,1701798720000.0,0.1147700000000012,-0.0023782340000000003,1923.725409674002,1924.5038496740021,-49.9,0.2383,299.4,0.236,long_nclose,70.65839999999999,0.036729982171402456,24.0
1701801120000.0,487830,1701801120000.0,0.09821000000000105,-0.002035082,1923.8215845920022,1924.4119945920022,-42.7,0.2383,256.7,0.236,long_nclose,60.581199999999995,0.0314900303048881,40.0
1701801180000.0,487831,1701801180000.0,0.08418000000000089,-0.0017443560000000003,1923.9040202360022,1924.3442202360022,-36.6,0.2383,220.1,0.236,long_nclose,51.943599999999996,0.02699905996018874,1.0
1701802320000.0,487850,1701802320000.0,0.07222000000000076,-0.001496524,1923.9747437120022,1924.3898837120023,-31.4,0.2383,188.7,0.236,long_nclose,44.533199999999994,0.023146457688982075,19.0
1701802380000.0,487851,1701802380000.0,0.06187000000000065,-0.001282054,1924.0353316580022,1924.4236516580022,-26.9,0.2383,161.8,0.236,long_nclose,38.1848,0.019846205197850995,1.0
1701802500000.0,487853,1701802500000.0,0.053130000000000566,-0.0011009460000000002,1924.0873607120022,1924.4202407120022,-23.1,0.2383,138.7,0.236,long_nclose,32.7332,0.017012325255276965,2.0
1701803040000.0,487862,1701803040000.0,0.04554000000000048,-0.0009436680000000002,1924.1319570440023,1924.4173170440024,-19.8,0.2383,118.9,0.236,long_nclose,28.0604,0.014583407285178361,9.0
1701803220000.0,487865,1701803220000.0,0.038870000000000404,-0.0008054539999999999,1924.1700215900023,1924.4148215900022,-16.9,0.2383,102.0,0.236,long_nclose,24.072,0.01251032898855193,3.0
1701803940000.0,487877,1701803940000.0,0.03335000000000035,-0.00069107,1924.2026805200023,1924.4564305200024,-14.5,0.2383,87.5,0.236,long_nclose,20.65,0.010731717718228872,12.0
1701804480000.0,487886,1701804480000.0,0.028750000000000303,-0.00059575,1924.2308347700023,1924.4108347700023,-12.5,0.2383,75.0,0.236,long_nclose,17.7,0.009198480598153199,9.0
1701805200000.0,487898,1701805200000.0,0.024610000000000257,-0.000509962,1924.2549348080022,1924.4092548080023,-10.7,0.2383,64.3,0.236,long_nclose,15.1748,0.007886065263755765,12.0
1701805320000.0,487900,1701805320000.0,0.02093000000000022,-0.000433706,1924.2754311020021,1924.396871102002,-9.1,0.2383,55.2,0.236,long_nclose,13.0272,0.006769924819203002,2.0
1701805500000.0,487903,1701805500000.0,0.01794000000000019,-0.00037174800000000003,1924.2929993540022,1924.3972793540022,-7.8,0.2383,47.4,0.236,long_nclose,11.186399999999999,0.005813251933959822,3.0
1701805560000.0,487904,1701805560000.0,0.015410000000000163,-0.00031932200000000003,1924.3080900320022,1924.397630032002,-6.7,0.2383,40.7,0.236,long_nclose,9.6052,0.004991508402295529,1.0
1701805680000.0,487906,1701805680000.0,0.01334000000000014,-0.000276428,1924.3211536040021,1924.404913604002,-5.8,0.2383,34.9,0.236,long_nclose,8.2364,0.004280158737835573,2.0
1701806040000.0,487912,1701806040000.0,0.01127000000000012,-0.00023353400000000006,1924.332190070002,1924.404190070002,-4.9,0.2383,30.0,0.236,long_nclose,7.08,0.0036791984442885867,6.0
1701806160000.0,487914,1701806160000.0,0.009660000000000103,-0.00020017200000000003,1924.341649898002,1924.406149898002,-4.2,0.2383,25.8,0.236,long_nclose,6.0888,0.0031640951077074753,2.0
1701808320000.0,487950,1701808320000.0,0.008280000000000088,-0.00017157600000000003,1924.3497583220021,1924.405258322002,-3.6,0.2383,22.2,0.236,long_nclose,5.239199999999999,0.0027225819928745625,36.0
1701808440000.0,487952,1701808440000.0,0.0071300000000000755,-0.00014774600000000003,1924.356740576002,1924.400670576002,-3.1,0.2383,19.1,0.236,long_nclose,4.5076,0.0023423931254299432,2.0
1701808500000.0,487953,1701808500000.0,0.006210000000000066,-0.00012868200000000003,1924.362821894002,1924.3989018940022,-2.7,0.2383,16.4,0.236,long_nclose,3.8703999999999996,0.0020112631339399205,1.0
1701808560000.0,487954,1701808560000.0,0.005290000000000055,-0.00010961799999999999,1924.3680022760022,1924.4018422760023,-2.3,0.2383,14.1,0.236,long_nclose,3.3276,0.0017291910882244754,1.0
1701809400000.0,487968,1701809400000.0,0.0046000000000000485,-9.532000000000002e-05,1924.3725069560023,1924.4039669560023,-2.0,0.2383,12.1,0.236,long_nclose,2.8556,0.001483912282927501,14.0
1701809940000.0,487977,1701809940000.0,0.003910000000000041,-8.102200000000001e-05,1924.3763359340023,1924.4012959340023,-1.7,0.2383,10.4,0.236,long_nclose,2.4544,0.0012754262012938072,9.0
1701810300000.0,487983,1701810300000.0,0.0032200000000000336,-6.6724e-05,1924.3794892100025,1924.4010892100025,-1.4,0.2383,9.0,0.236,long_nclose,2.1239999999999997,0.0011037324040862363,6.0
1701810780000.0,487991,1701810780000.0,0.002760000000000029,-5.7192000000000004e-05,1924.3821920180026,1924.4016920180027,-1.2,0.2383,7.8,0.236,long_nclose,1.8407999999999998,0.0009565667400349645,8.0
1701810960000.0,487994,1701810960000.0,0.002530000000000027,-5.242600000000001e-05,1924.3846695920026,1924.4007495920027,-1.1,0.2383,6.7,0.236,long_nclose,1.5812,0.0008216652444727889,3.0
1701817320000.0,488100,1701817320000.0,0.002070000000000022,-4.2894000000000006e-05,1924.3866966980027,1924.4011966980027,-0.9,0.2383,5.8,0.236,long_nclose,1.3687999999999998,0.000711291551925963,106.0
1701817500000.0,488103,1701817500000.0,0.0018400000000000196,-3.8128000000000005e-05,1924.3884985700026,1924.3999985700027,-0.8,0.2383,5.0,0.236,long_nclose,1.18,0.0006131817982059487,3.0
1701817560000.0,488104,1701817560000.0,0.0016100000000000168,-3.3362e-05,1924.3900752080026,1924.4025452080025,-0.7,0.2383,4.3,0.236,long_nclose,1.0148,0.0005273359144144997,1.0
1701821040000.0,488162,1701821040000.0,0.0032200000000000145,-3.3684e-05,1924.3932615240026,1924.4094615240026,-0.7,0.2406,3.6,0.236,long_nclose,0.8496,0.00044148980199980976,58.0
1701821160000.0,488164,1701821160000.0,0.0027600000000000124,-2.8872e-05,1924.3959926520026,1924.4076926520027,-0.6,0.2406,3.0,0.236,long_nclose,0.708,0.0003679076461930831,2.0
1701822300000.0,488183,1701822300000.0,0.0023000000000000104,-2.4060000000000003e-05,1924.3982685920028,1924.4102685920027,-0.5,0.2406,2.5,0.236,long_nclose,0.59,0.0003065893425645602,19.0
1701823800000.0,488208,1701823800000.0,0.0018400000000000083,-1.9248000000000003e-05,1924.4000893440027,1924.4103793440026,-0.4,0.2406,2.1,0.236,long_nclose,0.4956,0.00025753480409000716,25.0
1701825060000.0,488229,1701825060000.0,0.0013800000000000062,-1.4436e-05,1924.4014549080027,1924.4104549080027,-0.3,0.2406,1.8,0.236,long_nclose,0.4248,0.0002207439611504076,21.0
1701826800000.0,488258,1701826800000.0,0.0,-0.019160064,1924.3822948440027,1924.6281748440026,403.2,0.2376,405.0,0.23759288888888888,long_ientry_partial,96.22512,0.050003120615802775,29.0
1701862440000.0,488852,1701862440000.0,0.0,-0.019243206,1924.3630516380026,1921.1594116380027,416.7,0.2309,821.7,0.2341987951807229,long_rentry,192.44115000000002,0.10000251763106532,594.0
1701867600000.0,488938,1701867600000.0,0.26993132530120284,-0.00554829,1924.627434673304,1926.3188433480027,-117.3,0.2365,704.4,0.2341987951807229,long_nclose,164.9696313253012,0.08571509911647082,86.0
1701867780000.0,488941,1701867780000.0,0.5284414457831315,-0.005604676,1925.150271443087,1927.9098786720026,-117.4,0.2387,587.0,0.2341987951807229,long_nclose,137.47469277108434,0.07140985034276505,3.0
1701867960000.0,488944,1701867960000.0,0.798461445783131,-0.005658680000000001,1925.9430742088703,1929.1838799920029,-117.4,0.241,469.6,0.2341987951807229,long_nclose,109.97975421686748,0.057104363929367144,3.0
1701868080000.0,488946,1701868080000.0,0.6386331325301193,-0.00452598,1926.5771813614006,1929.169964012003,-93.9,0.241,375.7,0.2341987951807229,long_nclose,87.98848734939759,0.04567088627470466,2.0
1701868260000.0,488949,1701868260000.0,0.5107704819277099,-0.0036198199999999993,1927.0843320233282,1929.098714192003,-75.1,0.241,300.6,0.2341987951807229,long_nclose,70.4001578313253,0.036531954861263996,3.0
1701868320000.0,488950,1701868320000.0,0.40875240963855347,-0.00289682,1927.4901876129668,1929.149927372003,-60.1,0.241,240.5,0.2341987951807229,long_nclose,56.324810240963856,0.02922184019557441,1.0
1701869640000.0,488972,1701869640000.0,0.3271379518072283,-0.0023184200000000003,1927.815007144774,1929.142798952003,-48.1,0.241,192.4,0.2341987951807229,long_nclose,45.059848192771085,0.0233735332621504,22.0
1701871680000.0,489006,1701871680000.0,0.14403855421686718,-0.00152768,1927.9575180189909,1928.727631272003,-32.0,0.2387,160.4,0.2341987951807229,long_nclose,37.56548674698795,0.01948460295203347,34.0
1701873540000.0,489037,1701873540000.0,0.12018216867469855,-0.0012746580000000001,1928.0764255296656,1928.678236614003,-26.7,0.2387,133.7,0.2341987951807229,long_nclose,31.31237891566265,0.016240216674533927,31.0
1701873840000.0,489042,1701873840000.0,0.0999267469879516,-0.0010598279999999999,1928.1752924486534,1928.6883267860028,-22.2,0.2387,111.5,0.2341987951807229,long_nclose,26.1131656626506,0.013542941746488532,5.0
1701874980000.0,489061,1701874980000.0,0.08327228915662634,-0.00088319,1928.25768154781,1928.6669935960028,-18.5,0.2387,93.0,0.2341987951807229,long_nclose,21.780487951807228,0.011295423926082357,19.0
1701875040000.0,489062,1701875040000.0,0.06976867469879504,-0.0007399700000000001,1928.3267102525087,1928.6988036260027,-15.5,0.2387,77.5,0.2341987951807229,long_nclose,18.150406626506026,0.009412516317906152,1.0
1701875880000.0,489076,1701875880000.0,0.10541867469879498,-0.0007471,1928.4313818272076,1928.8344565260027,-15.5,0.241,62.0,0.2341987951807229,long_nclose,14.520325301204819,0.007529604339588515,14.0
1701875940000.0,489077,1701875940000.0,0.08433493975903598,-0.0005976800000000001,1928.5151190869665,1928.8822188460026,-12.4,0.241,49.6,0.2341987951807229,long_nclose,11.616260240963856,0.006023421919794667,1.0
1701877200000.0,489098,1701877200000.0,0.11161493975903608,-0.0006031360000000001,1928.6261308907253,1928.9721357100025,-12.4,0.2432,37.2,0.2341987951807229,long_nclose,8.712195180722892,0.004517306408525748,21.0
1701877860000.0,489109,1701877860000.0,0.14013493975903604,-0.00060884,1928.7656569904843,1929.0384868700023,-12.4,0.2455,24.8,0.2341987951807229,long_nclose,5.808130120481928,0.003011319752314826,11.0
1701877920000.0,489110,1701877920000.0,0.0926698795180722,-0.00040261999999999996,1928.8579242500025,1929.0687642500025,-8.2,0.2455,16.6,0.2341987951807229,long_nclose,3.8877000000000006,0.002015545028549293,1.0
1701879300000.0,489133,1701879300000.0,0.03690493975903612,-0.000199424,1928.8946297657617,1929.0071448260026,-4.1,0.2432,12.5,0.2341987951807229,long_nclose,2.927484939759036,0.0015177008088381374,23.0
1701879360000.0,489134,1701879360000.0,0.02790373493975902,-0.00015078400000000003,1928.9223827167016,1929.0145140420027,-3.1,0.2432,9.4,0.2341987951807229,long_nclose,2.2014686746987953,0.0011412945872908782,1.0
1701879720000.0,489140,1701879720000.0,0.03503373493975901,-0.00015221,1928.9572642416415,1929.030351832003,-3.1,0.2455,6.3,0.2341987951807229,long_nclose,1.4754524096385542,0.0007648963701736647,6.0
1701879840000.0,489142,1701879840000.0,0.02373253012048191,-0.00010311000000000002,1928.980893661762,1929.0308787220029,-2.1,0.2455,4.2,0.2341987951807229,long_nclose,0.9836349397590362,0.0005099246669529284,2.0
1701880320000.0,489150,1701880320000.0,0.015821686746987938,-6.874e-05,1928.9966466085089,1929.028289982003,-1.4,0.2455,2.8,0.2341987951807229,long_nclose,0.6557566265060241,0.00033994700180477313,8.0
1701880380000.0,489151,1701880380000.0,0.01017108433734939,-4.419e-05,1929.0067735028463,1929.028625792003,-0.9,0.2455,1.9,0.2341987951807229,long_nclose,0.4449777108433735,0.00023067711163882905,1.0
1701880740000.0,489157,1701880740000.0,0.0067807228915662595,-2.946e-05,1929.0135247657379,1929.0287363320028,-0.6,0.2455,1.3,0.2341987951807229,long_nclose,0.30445843373493975,0.00015783115557570473,6.0
1701882060000.0,489179,1701882060000.0,0.00452048192771084,-1.9640000000000002e-05,1929.0180256076658,1929.0282866920031,-0.4,0.2455,0.9,0.2341987951807229,long_nclose,0.2107789156626506,0.00010926746814418829,22.0
1701883260000.0,489199,1701883260000.0,0.0033903614457831297,-1.473e-05,1929.0214012391116,1929.028481962003,-0.3,0.2455,0.6,0.2341987951807229,long_nclose,0.14051927710843373,7.284485128997057e-05,20.0
1701884460000.0,489219,1701884460000.0,0.004050361445783132,-1.4862000000000001e-05,1929.0254367385573,1929.029397100003,-0.3,0.2477,0.3,0.2341987951807229,long_nclose,0.07025963855421687,3.642234944968184e-05,20.0
1701884820000.0,489225,1701884820000.0,0.0013501204819277109,-4.954e-06,1929.0267819050393,1929.0295221460033,-0.1,0.2477,0.2,0.2341987951807229,long_nclose,0.04683975903614458,2.428154936754547e-05,6.0
1701885000000.0,489228,1701885000000.0,0.0013501204819277109,-4.954e-06,1929.0281270715213,1929.0295371920033,-0.1,0.2477,0.1,0.2341987951807229,long_nclose,0.02341987951807229,1.214076621766333e-05,3.0
1701885480000.0,489236,1701885480000.0,0.0015801204819277104,-5e-06,1929.0297021920032,1929.0297021920032,-0.1,0.25,0.0,0.2341987951807229,long_nclose,0.0,0.0,8.0
1701898500000.0,489453,1701898500000.0,0.0,-0.01929007,1929.0104121220033,1928.8915821220035,396.1,0.2435,396.1,0.2435,long_ientry_normal,96.45035,0.049999911557709026,217.0
1701899220000.0,489465,1701899220000.0,0.13560000000000075,-0.00277867,1929.1432334520034,1929.9582734520034,-56.5,0.2459,339.6,0.2435,long_nclose,82.6926,0.042864935358910644,12.0
1701899280000.0,489466,1701899280000.0,0.11640000000000064,-0.00238523,1929.2572482220035,1929.9849982220035,-48.5,0.2459,291.1,0.2435,long_nclose,70.88285,0.03674100489466886,1.0
1701902400000.0,489518,1701902400000.0,0.0,-0.005110728,1929.2521374940034,1929.1228474940033,104.9,0.2436,396.0,0.2435264898989899,long_ientry_partial,96.43648999999999,0.049986462694951786,52.0
1701935100000.0,490063,1701935100000.0,0.13410332070707134,-0.00277867,1929.3834621447104,1930.1892688240034,-56.5,0.2459,339.5,0.2435264898989899,long_nclose,82.67724332070706,0.04285163884881791,545.0
1701935160000.0,490064,1701935160000.0,0.11511523989899045,-0.00238523,1929.4961921546094,1930.1868835940033,-48.5,0.2459,291.0,0.2435264898989899,long_nclose,70.86620856060605,0.03672783022259916,1.0
1701935220000.0,490065,1701935220000.0,0.09850066919191966,-0.00204097,1929.5926518538013,1930.2097926240033,-41.5,0.2459,249.5,0.2435264898989899,long_nclose,60.75985922979798,0.031488438335119426,1.0
1701936900000.0,490093,1701936900000.0,0.0,-0.0071974000000000005,1929.5854544538013,1929.2099752240033,148.4,0.2425,397.9,0.24314365224880116,long_ientry_partial,96.74685922979798,0.05013867564480769,28.0
1701940560000.0,490154,1701940560000.0,0.0,-0.019296258,1929.5661581958013,1927.6492689660033,408.3,0.2363,806.2,0.23967768448250804,long_rentry,193.228149229798,0.10014072251892712,61.0
1701962760000.0,490524,1701962760000.0,0.2672985160633243,-0.00557084,1929.8278858718647,1931.6401681260033,-115.1,0.242,691.1,0.23967768448250804,long_nclose,165.6412477458613,0.0858321350616339,370.0
1701963480000.0,490536,1701963480000.0,0.5320285160633239,-0.005623786,1930.3542906019281,1933.2471443400036,-115.1,0.2443,576.0,0.23967768448250804,long_nclose,138.05434626192462,0.07151762085025136,12.0
1701964200000.0,490548,1701964200000.0,0.797450747615076,-0.005681664000000001,1931.1460596855434,1934.4741026760037,-115.2,0.2466,460.8,0.23967768448250804,long_nclose,110.4434770095397,0.057190638924289175,12.0
1701964500000.0,490553,1701964500000.0,0.6375452591610111,-0.004542372,1931.7790625727043,1934.6631503040037,-92.1,0.2466,368.7,0.23967768448250804,long_nclose,88.3691622687007,0.04574496327287678,5.0
1701964620000.0,490555,1701964620000.0,0.8493752591610109,-0.0045847380000000005,1932.6238530938654,1935.4513455660037,-92.1,0.2489,276.6,0.23967768448250804,long_nclose,66.29484752786173,0.03430302664521748,2.0
1701964740000.0,490557,1701964740000.0,1.0623574907127573,-0.004632127999999999,1933.681578456578,1935.7694134380035,-92.2,0.2512,184.4,0.23967768448250804,long_nclose,44.19656501857448,0.022856175241557197,2.0
1701964800000.0,490558,1701964800000.0,0.7074701727740053,-0.003084736,1934.3859638933523,1935.7048087020037,-61.4,0.2512,123.0,0.23967768448250804,long_nclose,29.480355191348487,0.015240161860983094,1.0
1701964920000.0,490560,1701964920000.0,0.4724149362171697,-0.00205984,1934.8563189895694,1935.8175488620038,-41.0,0.2512,82.0,0.23967768448250804,long_nclose,19.653570127565658,0.010157638029592422,2.0
1701965040000.0,490562,1701965040000.0,0.5667149362171706,-0.0020787,1935.4209552257864,1935.9876701620035,-41.0,0.2535,41.0,0.23967768448250804,long_nclose,9.826785063782829,0.005077337329251163,2.0
1701965100000.0,490563,1701965100000.0,0.2833574681085853,-0.00103935,1935.703273343895,1935.9968808120036,-20.5,0.2535,20.5,0.23967768448250804,long_nclose,4.9133925318914144,0.002538298405314783,1.0
1701965280000.0,490566,1701965280000.0,0.14098761827841805,-0.0005171399999999999,1935.8437438221733,1935.9850836720036,-10.2,0.2535,10.3,0.23967768448250804,long_nclose,2.468680150169833,0.0012752476319682782,3.0
1701965340000.0,490567,1701965340000.0,0.07049380913920902,-0.00025856999999999996,1935.9139790613126,1935.9811751020036,-5.1,0.2535,5.2,0.23967768448250804,long_nclose,1.2463239593090418,0.0006437909807921116,1.0
1701965400000.0,490568,1701965400000.0,0.03593802034547912,-0.00013182000000000002,1935.949785261658,1935.9872832820035,-2.6,0.2535,2.6,0.23967768448250804,long_nclose,0.6231619796545209,0.0003218895368044352,1.0
1701965700000.0,490573,1701965700000.0,0.01796901017273956,-6.591000000000001e-05,1935.9676883618306,1935.9864373720034,-1.3,0.2535,1.3,0.23967768448250804,long_nclose,0.31158098982726046,0.0001609432800456049,5.0
1701965940000.0,490577,1701965940000.0,0.00829338931049518,-3.042e-05,1935.975951331141,1935.9851369520034,-0.6,0.2535,0.7,0.23967768448250804,long_nclose,0.1677743791377556,8.66613962959597e-05,4.0
1701966000000.0,490578,1701966000000.0,0.00414669465524759,-1.521e-05,1935.9800828157963,1935.9854917420034,-0.3,0.2535,0.4,0.23967768448250804,long_nclose,0.09587107379300322,4.952069220338416e-05,1.0
1701966120000.0,490580,1701966120000.0,0.002764463103498394,-1.0140000000000001e-05,1935.9828371388996,1935.985421602003,-0.2,0.2535,0.2,0.23967768448250804,long_nclose,0.04793553689650161,2.4760310875143577e-05,2.0
1701966180000.0,490581,1701966180000.0,0.001382231551749197,-5.070000000000001e-06,1935.9842143004514,1935.9855465320031,-0.1,0.2535,0.1,0.23967768448250804,long_nclose,0.023967768448250805,1.2380146630953454e-05,1.0
1701966960000.0,490594,1701966960000.0,0.0011522315517491944,-5.0240000000000005e-06,1935.985361508003,1935.985361508003,-0.1,0.2512,0.0,0.23967768448250804,long_nclose,0.0,0.0,13.0
1702020540000.0,491487,1702020540000.0,0.0,-0.019359872,1935.966001636003,1936.118321636003,380.8,0.2542,380.8,0.2542,long_ientry_normal,96.79936,0.050000547488023524,893.0
1702021560000.0,491504,1702021560000.0,0.13600000000000012,-0.0027928959999999996,1936.099208740003,1937.078408740003,-54.4,0.2567,326.4,0.2542,long_nclose,82.97088,0.04285466345187793,17.0
1702021740000.0,491507,1702021740000.0,0.1165000000000001,-0.002392444,1936.213316296003,1937.024736296003,-46.6,0.2567,279.8,0.2542,long_nclose,71.12516,0.03673415496184232,3.0
1702022520000.0,491520,1702022520000.0,0.0,-0.005131774000000001,1936.2081845220032,1936.3884445220033,100.9,0.2543,380.7,0.2542265038087733,long_ientry_partial,96.78403,0.04998637583173595,13.0
1702033560000.0,491704,1702033560000.0,0.13431084318360792,-0.0027877619999999996,1936.3397076031868,1937.179696760003,-54.3,0.2567,326.4,0.2542265038087733,long_nclose,82.97953084318361,0.04285380840838934,184.0
1702033800000.0,491708,1702033800000.0,0.11526492251116259,-0.002392444,1936.452580081698,1937.2286043160032,-46.6,0.2567,279.8,0.2542265038087733,long_nclose,71.13257576569478,0.03673344573338002,4.0
1702034340000.0,491717,1702034340000.0,0.2271049225111632,-0.002414812,1936.677270192209,1937.7904495040032,-46.6,0.2591,233.2,0.2542265038087733,long_nclose,59.28562068820594,0.030612028963567083,9.0
1702034760000.0,491724,1702034760000.0,0.18909165221959512,-0.0020106160000000002,1936.8643512284286,1937.7923188880031,-38.8,0.2591,194.4,0.2542265038087733,long_nclose,49.42163234042553,0.025516310581626723,7.0
1702034940000.0,491727,1702034940000.0,0.15790127659574438,-0.001678968,1937.0205735370243,1937.955879920003,-32.4,0.2591,162.0,0.2542265038087733,long_nclose,41.184693617021274,0.02126187722509188,3.0
1702035480000.0,491736,1702035480000.0,0.23890127659574445,-0.0016951680000000002,1937.25777964562,1938.200424752003,-32.4,0.2616,129.6,0.2542265038087733,long_nclose,32.947754893617024,0.01700741906409797,9.0
1702035540000.0,491737,1702035540000.0,0.19097355135277103,-0.001355088,1937.4473981089727,1938.212029664003,-25.9,0.2616,103.7,0.2542265038087733,long_nclose,26.363288444969793,0.01360722797981583,1.0
1702035600000.0,491738,1702035600000.0,0.1526313711583923,-0.0010830240000000001,1937.598946456131,1938.1943466400028,-20.7,0.2616,83.0,0.2542265038087733,long_nclose,21.100799816128184,0.010890179236896032,1.0
1702035660000.0,491739,1702035660000.0,0.12240003677436291,-0.0008685120000000002,1937.7204779809053,1938.2499181280027,-16.6,0.2616,66.4,0.2542265038087733,long_nclose,16.88063985290255,0.008711596974240624,1.0
1702035900000.0,491743,1702035900000.0,0.09733014972419218,-0.000690624,1937.8171175066295,1938.2253475040027,-13.2,0.2616,53.2,0.2542265038087733,long_nclose,13.52485000262674,0.006979425395947082,4.0
1702036920000.0,491760,1702036920000.0,0.04288676648279477,-0.0004560160000000001,1937.8595482571122,1938.0892514880027,-8.8,0.2591,44.4,0.2542265038087733,long_nclose,11.287656769109535,0.005824806436184459,17.0
1702038180000.0,491781,1702038180000.0,0.03606387181507742,-0.00038346800000000004,1937.8952286609272,1938.0866480200025,-7.4,0.2591,37.0,0.2542265038087733,long_nclose,9.406380640924613,0.004853915991848723,21.0
1702038300000.0,491783,1702038300000.0,0.029728326766482738,-0.00031610199999999996,1937.9246408856936,1938.0814119180025,-6.1,0.2591,30.9,0.2542265038087733,long_nclose,7.855598967691095,0.004053614264433334,2.0
1702039800000.0,491808,1702039800000.0,0.04497832676648275,-0.000319152,1937.9693000604602,1938.1596027660028,-6.1,0.2616,24.8,0.2542265038087733,long_nclose,6.304817294457578,0.003253311233702661,25.0
1702040880000.0,491826,1702040880000.0,0.01998133438402938,-0.00021246199999999999,1937.9890689328442,1938.0899503040027,-4.1,0.2591,20.7,0.2542265038087733,long_nclose,5.2624886288416075,0.0027154377252186475,18.0
1702041060000.0,491829,1702041060000.0,0.016569887050170706,-0.000176188,1938.0054626318943,1938.0897741160024,-3.4,0.2591,17.3,0.2542265038087733,long_nclose,4.398118515891778,0.0022694046021516086,3.0
1702041120000.0,491830,1702041120000.0,0.0136457893354347,-0.000145096,1938.0189633252296,1938.0939790200023,-2.8,0.2591,14.5,0.2542265038087733,long_nclose,3.686284305227213,0.0019020888727024274,1.0
1702041480000.0,491836,1702041480000.0,0.011696390858944028,-0.000124368,1938.0305353480887,1938.0907146520026,-2.4,0.2591,12.1,0.2542265038087733,long_nclose,3.0761406960861573,0.001587250892067938,6.0
1702042260000.0,491849,1702042260000.0,0.009746992382453357,-0.00010364,1938.0401787004712,1938.0934410120026,-2.0,0.2591,10.1,0.2542265038087733,long_nclose,2.5676876884686104,0.0013248887802678794,13.0
1702043100000.0,491863,1702043100000.0,0.014746992382453361,-0.00010464,1938.0548210528536,1938.1121163720027,-2.0,0.2616,8.1,0.2542265038087733,long_nclose,2.059234680851064,0.001062526538713894,14.0
1702043640000.0,491872,1702043640000.0,0.006335545048594682,-6.7366e-05,1938.0610892319023,1938.0942290060027,-1.3,0.2591,6.8,0.2542265038087733,long_nclose,1.7287402258996585,0.0008919947031106215,9.0
1702043760000.0,491874,1702043760000.0,0.005360845810349346,-5.7002000000000014e-05,1938.0663930757128,1938.0947420040027,-1.1,0.2591,5.7,0.2542265038087733,long_nclose,1.449091071710008,0.0007476993961028855,2.0
1702044180000.0,491881,1702044180000.0,0.0043861465721040105,-4.6638e-05,1938.070732584285,1938.0936453660029,-0.9,0.2591,4.8,0.2542265038087733,long_nclose,1.2202872182821118,0.0006296401868960387,7.0
1702044240000.0,491882,1702044240000.0,0.0038987969529813427,-4.1456000000000004e-05,1938.0745899252381,1938.092483910003,-0.8,0.2591,4.0,0.2542265038087733,long_nclose,1.0169060152350933,0.0005246991114383893,1.0
1702044600000.0,491888,1702044600000.0,0.002924097714736007,-3.1092e-05,1938.0774829309528,1938.094392818003,-0.6,0.2591,3.4,0.2542265038087733,long_nclose,0.8643701129498292,0.00044599357897840244,6.0
1702044960000.0,491894,1702044960000.0,0.002436748095613339,-2.591e-05,1938.0798937690483,1938.094026908003,-0.5,0.2591,2.9,0.2542265038087733,long_nclose,0.7372568610454426,0.0003804058147529072,6.0
1702045020000.0,491895,1702045020000.0,0.0019493984764906713,-2.0728000000000002e-05,1938.0818224395248,1938.0947561800028,-0.4,0.2591,2.5,0.2542265038087733,long_nclose,0.6355662595219334,0.00032793572085719583,1.0
1702045680000.0,491906,1702045680000.0,0.0019493984764906713,-2.0728000000000002e-05,1938.0837511100012,1938.0946154520027,-0.4,0.2591,2.1,0.2542265038087733,long_nclose,0.533875657998424,0.0002754657313919776,11.0
1702045860000.0,491909,1702045860000.0,0.0014620488573680035,-1.5546e-05,1938.0851976128586,1938.0943299060027,-0.3,0.2591,1.8,0.2542265038087733,long_nclose,0.457607706855792,0.00023611330782538758,3.0
1702046820000.0,491925,1702046820000.0,0.0014620488573680035,-1.5546e-05,1938.086644115716,1938.0938043600027,-0.3,0.2591,1.5,0.2542265038087733,long_nclose,0.38133975571316,0.00019676094300064307,16.0
1702046880000.0,491926,1702046880000.0,0.0009746992382453357,-1.0364000000000001e-05,1938.0876084509541,1938.0940739960026,-0.2,0.2591,1.3,0.2542265038087733,long_nclose,0.33049445495140534,0.00017052606575177374,1.0
1702047660000.0,491939,1702047660000.0,0.0009746992382453357,-1.0364000000000001e-05,1938.0885727861923,1938.0943736320028,-0.2,0.2591,1.1,0.2542265038087733,long_nclose,0.2796491541896507,0.0001442912146102939,13.0
1702049640000.0,491972,1702049640000.0,0.00048734961912266783,-5.1820000000000005e-06,1938.0890549538115,1938.0941284500027,-0.1,0.2591,1.0,0.2542265038087733,long_nclose,0.2542265038087733,0.00013117379882981282,33.0
1702050000000.0,491978,1702050000000.0,0.00048734961912266783,-5.1820000000000005e-06,1938.0895371214306,1938.0941032680028,-0.1,0.2591,0.9,0.2542265038087733,long_nclose,0.228803853427896,0.00011805638957616454,6.0
1702050120000.0,491980,1702050120000.0,0.00048734961912266783,-5.1820000000000005e-06,1938.0900192890497,1938.0941580860026,-0.1,0.2591,0.8,0.2542265038087733,long_nclose,0.20338120304701868,0.00010493898684934412,2.0
1702050900000.0,491993,1702050900000.0,0.00048734961912266783,-5.1820000000000005e-06,1938.0905014566688,1938.0937729040027,-0.1,0.2591,0.7,0.2542265038087733,long_nclose,0.1779585526661413,9.18215906493467e-05,13.0
1702051020000.0,491995,1702051020000.0,0.00048734961912266783,-5.1820000000000005e-06,1938.090983624288,1938.0939077220025,-0.1,0.2591,0.6,0.2542265038087733,long_nclose,0.15253590228526398,7.870420097616743e-05,2.0
1702051080000.0,491996,1702051080000.0,0.00048734961912266783,-5.1820000000000005e-06,1938.091465791907,1938.0940025400025,-0.1,0.2591,0.5,0.2542265038087733,long_nclose,0.12711325190438666,6.558681782980144e-05,1.0
1702051740000.0,492007,1702051740000.0,0.000737349619122668,-5.232000000000001e-06,1938.0921979095262,1938.0951473080027,-0.1,0.2616,0.4,0.2542265038087733,long_nclose,0.10169060152350934,5.24694344434157e-05,11.0
1702051800000.0,492008,1702051800000.0,0.000737349619122668,-5.232000000000001e-06,1938.0929300271455,1938.0951720760029,-0.1,0.2616,0.3,0.2542265038087733,long_nclose,0.07626795114263199,3.935206096725391e-05,1.0
1702052340000.0,492017,1702052340000.0,0.000737349619122668,-5.232000000000001e-06,1938.0936621447647,1938.095276844003,-0.1,0.2616,0.2,0.2542265038087733,long_nclose,0.05084530076175467,2.6234697401304854e-05,9.0
1702055280000.0,492066,1702055280000.0,0.0,-0.019371520000000003,1938.0742906247647,1937.9997253240028,376.0,0.2576,376.2,0.25759820654109983,long_ientry_partial,96.90844530076176,0.050002440963974604,49.0
1702064760000.0,492224,1702064760000.0,0.13434630874293912,-0.0027934740000000002,1938.2058434595076,1939.044921850003,-53.7,0.2601,322.5,0.25759820654109983,long_nclose,83.0754216095047,0.042862022055006915,158.0
1702064940000.0,492227,1702064940000.0,0.11508249910940782,-0.00239292,1938.318533038617,1939.0102789300029,-46.0,0.2601,276.5,0.25759820654109983,long_nclose,71.2259041086141,0.03674623282735494,3.0
1702065240000.0,492232,1702065240000.0,0.09882084162655672,-0.00205479,1938.4152990902435,1939.0319241400027,-39.5,0.2601,237.0,0.25759820654109983,long_nclose,61.05077495024066,0.03149519867021975,5.0
1702065960000.0,492244,1702065960000.0,0.08456061891082574,-0.0017582759999999998,1938.4981014331545,1939.047105864003,-33.8,0.2601,203.2,0.25759820654109983,long_nclose,52.34395556915148,0.027002324908367452,12.0
1702066320000.0,492250,1702066320000.0,0.07255201030810493,-0.00150858,1938.5691448634625,1939.022377284003,-29.0,0.2601,174.2,0.25759820654109983,long_nclose,44.87360757945959,0.02314779831215158,6.0
1702066560000.0,492254,1702066560000.0,0.062044477780724215,-0.001290096,1938.6298992452432,1938.988727188003,-24.8,0.2601,149.4,0.25759820654109983,long_nclose,38.48517205724031,0.019851737596858248,4.0
1702066620000.0,492255,1702066620000.0,0.05328820067457362,-0.0011080260000000002,1938.6820794199177,1939.040989162003,-21.3,0.2601,128.1,0.25759820654109983,long_nclose,32.99833025791489,0.017021011649206802,1.0
1702067940000.0,492277,1702067940000.0,0.04578282029787311,-0.000951966,1938.7269102742157,1939.0125871960029,-18.3,0.2601,109.8,0.25759820654109983,long_nclose,28.28428307821276,0.014589101192293348,22.0
1702068060000.0,492279,1702068060000.0,0.03902797795884265,-0.0008115119999999999,1938.7651267401745,1939.000795684003,-15.6,0.2601,94.2,0.25759820654109983,long_nclose,24.265751056171606,0.012516085997983603,2.0
1702068180000.0,492281,1702068180000.0,0.03352403234926228,-0.000697068,1938.797953704524,1939.024338616003,-13.4,0.2601,80.8,0.25759820654109983,long_nclose,20.813935088520864,0.010735484349336662,2.0
1702068660000.0,492289,1702068660000.0,0.028770624777351955,-0.00059823,1938.8261260993013,1939.006430386003,-11.5,0.2601,69.3,0.25759820654109983,long_nclose,17.851555713298218,0.00920740414676252,8.0
1702069800000.0,492308,1702069800000.0,0.024767755243111683,-0.000514998,1938.8503788565445,1939.0108653880031,-9.9,0.2601,59.4,0.25759820654109983,long_nclose,15.30133346854133,0.007891961976749046,19.0
1702070040000.0,492312,1702070040000.0,0.021015065054761427,-0.000436968,1938.8709569535993,1938.9934484200032,-8.4,0.2601,51.0,0.25759820654109983,long_nclose,13.13750853359609,0.006775855033817238,4.0
1702071060000.0,492329,1702071060000.0,0.018012912904081226,-0.000374544,1938.8885953225035,1938.9894138760033,-7.2,0.2601,43.8,0.25759820654109983,long_nclose,11.282801446500171,0.005819210796184736,17.0
1702072440000.0,492352,1702072440000.0,0.015511119445181054,-0.000322524,1938.9037839179487,1938.9978513520034,-6.2,0.2601,37.6,0.25759820654109983,long_nclose,9.685692565945354,0.0049954477608855075,23.0
1702072500000.0,492353,1702072500000.0,0.013259505332170901,-0.000275706,1938.916767717281,1939.0040356460033,-5.3,0.2601,32.3,0.25759820654109983,long_nclose,8.320422071277523,0.004291273462487663,1.0
1702072620000.0,492355,1702072620000.0,0.02650950533217091,-0.000278356,1938.942998866613,1939.0807472900033,-5.3,0.2626,27.0,0.25759820654109983,long_nclose,6.955151576609695,0.003587084086884065,2.0
1702072740000.0,492357,1702072740000.0,0.022508070565050775,-0.00023634,1938.965270597178,1939.0935609500032,-4.5,0.2626,22.5,0.25759820654109983,long_nclose,5.7959596471747465,0.0029892024035013585,2.0
1702073340000.0,492367,1702073340000.0,0.01850663579793064,-0.000194324,1938.983582908976,1939.0870166260033,-3.7,0.2626,18.8,0.25759820654109983,long_nclose,4.842846282972677,0.0024976210864597202,10.0
1702076580000.0,492421,1702076580000.0,0.015505559722590535,-0.000162812,1938.9989256566985,1939.0805938140031,-3.1,0.2626,15.7,0.25759820654109983,long_nclose,4.044291842695267,0.0020857628073855427,54.0
1702078560000.0,492454,1702078560000.0,0.013004662993140449,-0.00013655200000000002,1939.0117937676916,1939.0786272620032,-2.6,0.2626,13.1,0.25759820654109983,long_nclose,3.3745365056884076,0.0017403383086862765,33.0
1702078860000.0,492459,1702078860000.0,0.010503766263690362,-0.00011029200000000002,1939.0221872419552,1939.0816069700031,-2.1,0.2626,11.0,0.25759820654109983,long_nclose,2.833580271952098,0.0014613449451976374,5.0
1702079580000.0,492471,1702079580000.0,0.00900322822602031,-9.4536e-05,1939.0310959341812,1939.078952434003,-1.8,0.2626,9.2,0.25759820654109983,long_nclose,2.3699035001781183,0.00122221015699408,12.0
1702079760000.0,492474,1702079760000.0,0.007502690188350258,-7.878000000000001e-05,1939.0385198443696,1939.0778036540032,-1.5,0.2626,7.7,0.25759820654109983,long_nclose,1.9835061903664688,0.0010229328453597035,3.0
1702079940000.0,492477,1702079940000.0,0.006002152150680206,-6.302400000000001e-05,1939.0444589725203,1939.075670630003,-1.2,0.2626,6.5,0.25759820654109983,long_nclose,1.6743883425171489,0.0008635120947172042,3.0
1702080000000.0,492478,1702080000000.0,0.005001793458900172,-5.2520000000000005e-05,1939.049408245979,1939.077468110003,-1.0,0.2626,5.5,0.25759820654109983,long_nclose,1.416790135976049,0.0007306622151818431,1.0
1702080660000.0,492489,1702080660000.0,0.008141972804790204,-5.830000000000001e-05,1939.0574919187839,1939.090499810003,-1.1,0.265,4.4,0.25759820654109983,long_nclose,1.1334321087808394,0.0005845273353185923,11.0
1702081200000.0,492498,1702081200000.0,0.005921434767120148,-4.240000000000001e-05,1939.063370953551,1939.091097410003,-0.8,0.265,3.6,0.25759820654109983,long_nclose,0.9273535435479594,0.0004782481879856899,9.0
1702084200000.0,492548,1702084200000.0,0.003001076075340103,-3.1512000000000006e-05,1939.0663405176263,1939.082545898003,-0.6,0.2626,3.0,0.25759820654109983,long_nclose,0.7727946196232995,0.0003985395463143386,50.0
1702084500000.0,492553,1702084500000.0,0.004441076075340111,-3.18e-05,1939.0707497937017,1939.088754098003,-0.6,0.265,2.4,0.25759820654109983,long_nclose,0.6182356956986396,0.00031883091205641356,5.0
1702084980000.0,492561,1702084980000.0,0.002960717383560074,-2.1200000000000004e-05,1939.0736893110852,1939.088692898003,-0.4,0.265,2.0,0.25759820654109983,long_nclose,0.5151964130821997,0.0002656920239401726,8.0
1702085280000.0,492566,1702085280000.0,0.002960717383560074,-2.1200000000000004e-05,1939.0766288284688,1939.088631698003,-0.4,0.265,1.6,0.25759820654109983,long_nclose,0.41215713046575975,0.00021255329693431073,5.0
1702085460000.0,492569,1702085460000.0,0.0022205380376700556,-1.59e-05,1939.0788334665062,1939.088845798003,-0.3,0.265,1.3,0.25759820654109983,long_nclose,0.3348776685034298,0.00017269935740815985,3.0
1702085820000.0,492575,1702085820000.0,0.0029705380376700563,-1.605e-05,1939.0817879545439,1939.0920897480028,-0.3,0.2675,1.0,0.25759820654109983,long_nclose,0.25759820654109983,0.00013284545713403322,6.0
1702086180000.0,492581,1702086180000.0,0.0019803586917800375,-1.0700000000000001e-05,1939.0837576132355,1939.0914390480027,-0.2,0.2675,0.8,0.25759820654109983,long_nclose,0.20607856523287987,0.00010627625775512465,6.0
1702088760000.0,492624,1702088760000.0,0.0007401793458900185,-5.300000000000001e-06,1939.0844924925814,1939.0902337480027,-0.1,0.265,0.7,0.25759820654109983,long_nclose,0.18031874457876987,9.299169029348511e-05,43.0
1702092900000.0,492693,1702092900000.0,0.0009901793458900188,-5.3500000000000004e-06,1939.0854773219273,1939.0914783980027,-0.1,0.2675,0.6,0.25759820654109983,long_nclose,0.1545589239246599,7.970712262675566e-05,69.0
1702094400000.0,492718,1702094400000.0,0.0009901793458900188,-5.3500000000000004e-06,1939.0864621512733,1939.0914630480027,-0.1,0.2675,0.5,0.25759820654109983,long_nclose,0.12879910327054991,6.642256845404243e-05,25.0
1702094520000.0,492720,1702094520000.0,0.0009901793458900188,-5.3500000000000004e-06,1939.0874469806192,1939.0913676980028,-0.1,0.2675,0.4,0.25759820654109983,long_nclose,0.10303928261643994,5.313802777532487e-05,2.0
1702094580000.0,492721,1702094580000.0,0.0009901793458900188,-5.3500000000000004e-06,1939.0884318099652,1939.0914323480029,-0.1,0.2675,0.3,0.25759820654109983,long_nclose,0.07727946196232995,3.98535005905824e-05,1.0
1702094760000.0,492724,1702094760000.0,0.0009901793458900188,-5.3500000000000004e-06,1939.0894166393111,1939.091456998003,-0.1,0.2675,0.2,0.25759820654109983,long_nclose,0.05151964130821997,2.6568986899794475e-05,3.0
1702095720000.0,492740,1702095720000.0,0.0009901793458900188,-5.3500000000000004e-06,1939.090401468657,1939.091401648003,-0.1,0.2675,0.1,0.25759820654109983,long_nclose,0.025759820654109984,1.3284486702940527e-05,16.0
1702099920000.0,492810,1702099920000.0,0.0007401793458900185,-5.300000000000001e-06,1939.091136348003,1939.091136348003,-0.1,0.265,0.0,0.25759820654109983,long_nclose,0.0,0.0,70.0
1702102380000.0,492851,1702102380000.0,0.0,-0.019389411999999998,1939.071746936003,1938.9981069360028,368.2,0.2633,368.2,0.2633,long_ientry_normal,96.94706,0.049996633777574004,41.0
1702105800000.0,492908,1702105800000.0,0.13150000000000012,-0.002796216,1939.200450720003,1940.021010720003,-52.6,0.2658,315.6,0.2633,long_nclose,83.09748,0.04285141330755511,57.0
1702106760000.0,492924,1702106760000.0,0.1125000000000001,-0.0023921999999999997,1939.3105585200028,1940.0141185200027,-45.0,0.2658,270.6,0.2633,long_nclose,71.24898,0.036739334856390464,16.0
1702106940000.0,492927,1702106940000.0,0.09650000000000009,-0.002051976,1939.4050065440028,1939.961806544003,-38.6,0.2658,232.0,0.2633,long_nclose,61.08559999999999,0.03149708276192079,3.0
1702107120000.0,492930,1702107120000.0,0.08275000000000007,-0.001759596,1939.4859969480028,1940.0031369480027,-33.1,0.2658,198.9,0.2633,long_nclose,52.370369999999994,0.027002190313521524,3.0
1702107300000.0,492933,1702107300000.0,0.07100000000000006,-0.001509744,1939.5554872040027,1939.9817372040027,-28.4,0.2658,170.5,0.2633,long_nclose,44.892649999999996,0.023145844651609175,3.0
1702107480000.0,492936,1702107480000.0,0.060750000000000054,-0.001291788,1939.614945416003,1939.995065416003,-24.3,0.2658,146.2,0.2633,long_nclose,38.49446,0.019846444311524842,3.0
1702107600000.0,492938,1702107600000.0,0.052000000000000046,-0.001105728,1939.6658396880027,1940.0044196880028,-20.8,0.2658,125.4,0.2633,long_nclose,33.01782,0.017022426917262693,2.0
1702109040000.0,492962,1702109040000.0,0.10659000000000102,-0.001121912,1939.771307776003,1940.314707776003,-20.9,0.2684,104.5,0.2633,long_nclose,27.51485,0.014184584486686976,24.0
1702109460000.0,492969,1702109460000.0,0.08874000000000085,-0.0009340320000000001,1939.8591137440028,1940.303323744003,-17.4,0.2684,87.1,0.2633,long_nclose,22.933429999999998,0.011822214220360361,7.0
1702109760000.0,492974,1702109760000.0,0.07395000000000071,-0.0007783600000000001,1939.9322853840029,1940.317065384003,-14.5,0.2684,72.6,0.2633,long_nclose,19.115579999999998,0.009853735691715722,5.0
1702110960000.0,492994,1702110960000.0,0.0,-0.015566054000000001,1939.916719330003,1939.534039330003,294.7,0.2641,367.3,0.26394187312823303,long_ientry_partial,96.94585,0.04997423293175316,20.0
1702111380000.0,493001,1702111380000.0,0.0,-0.01940166,1939.8973176700028,1939.4749676700028,378.2,0.2565,745.5,0.2601665325285043,long_rentry,193.95414999999997,0.0999816579121605,7.0
1702111620000.0,493005,1702111620000.0,0.26981428571429067,-0.00559551,1940.1615364457173,1941.844322160003,-106.5,0.2627,639.0,0.2601665325285043,long_nclose,166.24641428571425,0.08568689315956118,4.0
1702111980000.0,493011,1702111980000.0,0.23105223340040668,-0.004791648,1940.3877970311175,1941.939970512003,-91.2,0.2627,547.8,0.2601665325285043,long_nclose,142.51922651911465,0.0734488367413852,6.0
1702112100000.0,493013,1702112100000.0,0.19811715627096274,-0.0041086280000000005,1940.5818055593884,1941.7245618840027,-78.2,0.2627,469.6,0.2601665325285043,long_nclose,122.17420367538563,0.06295751270334513,2.0
1702112460000.0,493019,1702112460000.0,0.16974232059021105,-0.00352018,1940.7480276999786,1941.8485217040027,-67.0,0.2627,402.6,0.2601665325285043,long_nclose,104.74304599597583,0.05397045082668925,6.0
1702112580000.0,493021,1702112580000.0,0.14567437961100202,-0.00302105,1940.8906810295896,1941.8685106540026,-57.5,0.2627,345.1,0.2601665325285043,long_nclose,89.78347037558684,0.04625890126277445,2.0
1702112820000.0,493025,1702112820000.0,0.12489994634473738,-0.0025902219999999997,1941.0129907539344,1941.5553304320028,-49.3,0.2627,295.8,0.2601665325285043,long_nclose,76.95726032193157,0.039647988286796366,4.0
1702112940000.0,493027,1702112940000.0,0.10691232729711801,-0.002217188,1941.1176858932315,1941.8108932440027,-42.2,0.2627,253.6,0.2601665325285043,long_nclose,65.97823264922869,0.03398981583070164,2.0
1702113480000.0,493036,1702113480000.0,0.21241232729711812,-0.002238288,1941.3278599325288,1942.413074956003,-42.2,0.2652,211.4,0.2601665325285043,long_nclose,54.99920497652581,0.02833071430728724,9.0
1702113840000.0,493042,1702113840000.0,0.1771780549966483,-0.0018670080000000003,1941.5031709795253,1942.4605479480028,-35.2,0.2652,176.2,0.2601665325285043,long_nclose,45.841343031522456,0.023611263538856148,6.0
1702114380000.0,493051,1702114380000.0,0.1474805969148237,-0.001554072,1941.64909750444,1942.388513876003,-29.3,0.2652,146.9,0.2601665325285043,long_nclose,38.218463628437284,0.019683507013475637,9.0
1702114440000.0,493052,1702114440000.0,0.12281660630449481,-0.001294176,1941.7706199347444,1942.3504697000026,-24.4,0.2652,122.5,0.2601665325285043,long_nclose,31.870400234741776,0.016413061309894998,1.0
1702114740000.0,493057,1702114740000.0,0.0,-0.012952580000000002,1941.7576673547444,1942.2027671200026,245.5,0.2638,368.0,0.26259048976832006,long_ientry_partial,96.63330023474178,0.04976589090356743,5.0
1702116480000.0,493086,1702116480000.0,0.13174928716319714,-0.00278355,1941.8866330919077,1942.6468335700026,-52.5,0.2651,315.5,0.26259048976832006,long_nclose,82.84729952190497,0.04266330387680458,29.0
1702116540000.0,493087,1702116540000.0,0.11292796042559755,-0.0023859000000000003,1941.9971751523333,1942.7571476700027,-45.0,0.2651,270.5,0.26259048976832006,long_nclose,71.03072748233058,0.036576122968231824,1.0
1702118460000.0,493119,1702118460000.0,0.22992796042559716,-0.0024093,1942.224693812759,1943.3768883700027,-45.0,0.2677,225.5,0.26259048976832006,long_nclose,59.21415544275617,0.030487798673032803,32.0
1702118520000.0,493120,1702118520000.0,0.19160663368799763,-0.00200775,1942.4142926964469,1943.4312806200028,-37.5,0.2677,188.0,0.26259048976832006,long_nclose,49.36701207644417,0.02541528460847207,1.0
1702118760000.0,493124,1702118760000.0,0.15992767025158203,-0.0016758019999999999,1942.5725445646985,1943.3888748180027,-31.3,0.2677,156.7,0.26259048976832006,long_nclose,41.14792974669575,0.021182184347157233,4.0
1702119000000.0,493128,1702119000000.0,0.13335821704684636,-0.0013973940000000002,1942.7045053877455,1943.3718074240028,-26.1,0.2677,130.6,0.26259048976832006,long_nclose,34.2943179637426,0.01765287405708558,4.0
1702119060000.0,493129,1702119060000.0,0.11087637202745462,-0.001161818,1942.814219941773,1943.3379756060028,-21.7,0.2677,108.9,0.26259048976832006,long_nclose,28.596104335770054,0.014718908294086447,1.0
1702119420000.0,493135,1702119420000.0,0.09248213519340687,-0.000969074,1942.9057330029664,1943.3787565320029,-18.1,0.2677,90.8,0.26259048976832006,long_nclose,23.843216470963462,0.012271936855171686,6.0
1702123800000.0,493208,1702123800000.0,0.07715360449836704,-0.0008084539999999999,1942.9820781534647,1943.436998078003,-15.1,0.2677,75.7,0.26259048976832006,long_nclose,19.87810007546183,0.010230717153270508,73.0
1702125300000.0,493233,1702125300000.0,0.11490360449836708,-0.0008160040000000001,1943.096165753963,1943.569422074003,-15.1,0.2702,60.6,0.26259048976832006,long_nclose,15.912983679960195,0.008189498780563758,25.0
1702125480000.0,493236,1702125480000.0,0.09207507380332726,-0.000653884,1943.1875869437663,1943.5614981900028,-12.1,0.2702,48.5,0.26259048976832006,long_nclose,12.735638753763523,0.006553993468944528,3.0
1702126020000.0,493245,1702126020000.0,0.0738122492472954,-0.000524188,1943.2608750050135,1943.5638840020026,-9.7,0.2702,38.8,0.26259048976832006,long_nclose,10.188511003010817,0.0052429970335220845,9.0
1702128240000.0,493282,1702128240000.0,0.0327008654827516,-0.00034265600000000005,1943.2932332144962,1943.4717413460028,-6.4,0.2677,32.4,0.26259048976832006,long_nclose,8.50793186849357,0.004378099878637556,37.0
1702128660000.0,493289,1702128660000.0,0.0,-0.017711427999999998,1943.2755217864963,1944.1323299180026,333.8,0.2653,366.2,0.2650602727157116,long_ientry_partial,97.06507186849358,0.04994920729473271,7.0
1702128720000.0,493290,1702128720000.0,0.13282773696828423,-0.002799096,1943.4055504274645,1944.2969408220026,-52.3,0.2676,313.9,0.2650602727157116,long_nclose,83.20241960546186,0.04281269011872532,1.0
1702129080000.0,493296,1702129080000.0,0.11377978233612111,-0.002397696,1943.5169325138008,1944.200373126003,-44.8,0.2676,269.1,0.2650602727157116,long_nclose,71.327719387798,0.036700333397939926,6.0
1702129260000.0,493299,1702129260000.0,0.09752552771667523,-0.002055168,1943.6124028735176,1944.2444579580028,-38.4,0.2676,230.7,0.2650602727157116,long_nclose,61.14940491551466,0.031461728081745535,3.0
1702129500000.0,493303,1702129500000.0,0.08355702765308894,-0.0017608080000000002,1943.6941990931707,1944.3350171500028,-32.9,0.2676,197.8,0.2650602727157116,long_nclose,52.42892194316776,0.026973853174860757,4.0
1702129860000.0,493309,1702129860000.0,0.07162030941693338,-0.001509264,1943.7643101385875,1944.2798478860027,-28.2,0.2676,169.6,0.2650602727157116,long_nclose,44.954222252584685,0.023127403882304803,6.0
1702130760000.0,493324,1702130760000.0,0.061461400279779706,-0.0012951840000000002,1943.8244763548673,1944.2082927020028,-24.2,0.2676,145.4,0.2650602727157116,long_nclose,38.539763652864465,0.0198267714609375,15.0
1702131660000.0,493339,1702131660000.0,0.052572354784770244,-0.001107864,1943.8759408456522,1944.192644838003,-20.7,0.2676,124.7,0.2650602727157116,long_nclose,33.053016007649234,0.017003665364195026,15.0
1702131720000.0,493340,1702131720000.0,0.04520714566033384,-0.0009526560000000001,1943.9201953353124,1944.2023821820028,-17.8,0.2676,106.9,0.2650602727157116,long_nclose,28.33494315330957,0.014576186420256822,1.0
1702132020000.0,493345,1702132020000.0,0.038603854721183946,-0.000813504,1943.9579856860337,1944.181708678003,-15.2,0.2676,91.7,0.2650602727157116,long_nclose,24.306027008030753,0.012503370539385921,5.0
1702132140000.0,493347,1702132140000.0,0.033270427424178274,-0.000701112,1943.990555001458,1944.198037566003,-13.1,0.2676,78.6,0.2650602727157116,long_nclose,20.83373743545493,0.010716995194166107,2.0
1702132740000.0,493357,1702132740000.0,0.0,-0.01526625,1943.975288751458,1943.9000213160032,287.5,0.2655,366.1,0.2654055925579211,long_ientry_partial,97.16498743545493,0.04998262477804455,10.0
1702137780000.0,493441,1702137780000.0,0.13568750922072617,-0.0028032800000000004,1944.1081729806788,1944.9222980360032,-52.3,0.268,313.8,0.2654055925579211,long_nclose,83.28427494467564,0.042839321444230846,84.0
1702137840000.0,493442,1702137840000.0,0.11622945340513445,-0.00240128,1944.222001154084,1944.9198967560033,-44.8,0.268,269.0,0.2654055925579211,long_nclose,71.39410439808078,0.036721168856077895,1.0
1702137900000.0,493443,1702137900000.0,0.09962524577582954,-0.0020582400000000002,1944.3195681598597,1944.848658516003,-38.4,0.268,230.6,0.2654055925579211,long_nclose,61.20252964385661,0.031477608231747535,1.0
1702138020000.0,493445,1702138020000.0,0.08535600484439562,-0.00176344,1944.403160724704,1944.975385076003,-32.9,0.268,197.7,0.2654055925579211,long_nclose,52.470685648701,0.026985496993917918,2.0
1702138260000.0,493449,1702138260000.0,0.07316228986662482,-0.0015115200000000001,1944.4748114945708,1944.965413556003,-28.2,0.268,169.5,0.2654055925579211,long_nclose,44.98624793856763,0.023135423340346642,4.0
1702138500000.0,493453,1702138500000.0,0.06278466009830924,-0.0012971200000000001,1944.5362990346691,1944.9423264360032,-24.2,0.268,145.3,0.2654055925579211,long_nclose,38.56343259866594,0.01983168564032982,4.0
1702139100000.0,493463,1702139100000.0,0.0,-0.011737752,1944.524561282669,1944.6413286840032,221.3,0.2652,366.6,0.26528148553918696,long_ientry_partial,97.25219259866594,0.050013352639020084,10.0
1702164720000.0,493890,1702164720000.0,0.0,-0.019443276000000002,1944.5051180066691,1941.8367754080032,377.1,0.2578,743.7,0.26148792873291105,long_rentry,194.46857259866596,0.1000092881205772,427.0
1702182420000.0,494185,1702182420000.0,0.26678196856484826,-0.0056073600000000005,1944.7662926152339,1946.367738048003,-106.2,0.264,637.5,0.26148792873291105,long_nclose,166.6985545672308,0.08571649724711246,295.0
1702183320000.0,494200,1702183320000.0,0.22859848530509597,-0.0048048000000000006,1944.990086300539,1946.417583248003,-91.0,0.264,546.5,0.26148792873291105,long_nclose,142.90315305253588,0.07347243261498793,15.0
1702184460000.0,494219,1702184460000.0,0.1959415588329394,-0.0041184,1945.1819094593718,1946.358814848003,-78.0,0.264,468.5,0.26148792873291105,long_nclose,122.50709461136883,0.06297976246623507,19.0
1702184520000.0,494220,1702184520000.0,0.1680575677682519,-0.0035323200000000007,1945.3464347071401,1946.355282528003,-66.9,0.264,401.6,0.26148792873291105,long_nclose,105.01355217913708,0.05398192851698737,1.0
1702186260000.0,494249,1702186260000.0,0.1439416836041978,-0.0030254400000000003,1945.4873509507443,1946.421117088003,-57.3,0.264,344.3,0.26148792873291105,long_nclose,90.03029386274127,0.04627647351124858,29.0
1702186800000.0,494258,1702186800000.0,0.12334269921406826,-0.0025924800000000003,1945.6081011699584,1946.3496646080032,-49.1,0.264,295.2,0.26148792873291105,long_nclose,77.19123656195534,0.03967460688282378,9.0
1702187460000.0,494269,1702187460000.0,0.1057582003444455,-0.0022228800000000004,1945.711636490303,1946.372751728003,-42.1,0.264,253.1,0.26148792873291105,long_nclose,66.18259476229979,0.0340145957505197,11.0
1702187700000.0,494273,1702187700000.0,0.0906857727419117,-0.00190608,1945.8004161830447,1946.367235648003,-36.1,0.264,217.0,0.26148792873291105,long_nclose,56.7428805350417,0.029161716722391637,4.0
1702188000000.0,494278,1702188000000.0,0.07787420927975797,-0.0016368000000000003,1945.8766535923246,1946.362498848003,-31.0,0.264,186.0,0.26148792873291105,long_nclose,48.63675474432146,0.024994777883033902,5.0
1702192260000.0,494349,1702192260000.0,0.0,-0.009724772000000001,1945.8669288203246,1945.9063740760032,185.8,0.2617,371.8,0.2615939073273842,long_ientry_partial,97.26061474432144,0.04998317886171454,71.0
1702199820000.0,494475,1702199820000.0,0.1330735209158996,-0.0028047420000000003,1945.9971975992403,1946.8596293340029,-53.1,0.2641,318.7,0.2615939073273842,long_nclose,83.36997826523734,0.04284177714546051,126.0
1702220640000.0,494822,1702220640000.0,0.11402721660401943,-0.00240331,1946.1088215058442,1946.738846024003,-45.5,0.2641,273.2,0.2615939073273842,long_nclose,71.46745548184136,0.03672325755480716,347.0
1702220820000.0,494825,1702220820000.0,0.09773761423201666,-0.0020599800000000003,1946.2044991400762,1946.814846044003,-39.0,0.2641,234.2,0.2615939073273842,long_nclose,61.26529309607337,0.031479370807714825,3.0
1702221540000.0,494837,1702221540000.0,0.0837034952653681,-0.001764188,1946.2864384473417,1946.749501856003,-33.4,0.2641,200.8,0.2615939073273842,long_nclose,52.528056591338746,0.026988862252589722,12.0
1702222080000.0,494846,1702222080000.0,0.07167425043681222,-0.0015106520000000001,1946.3566020457786,1946.822591204003,-28.6,0.2641,172.2,0.2615939073273842,long_nclose,45.04647084177555,0.023143996734425777,9.0
1702222440000.0,494852,1702222440000.0,0.06164987974634897,-0.0012993720000000002,1946.4169525535249,1946.772091832003,-24.6,0.2641,147.6,0.2615939073273842,long_nclose,38.6112607215219,0.019837096399549635,6.0
1702222500000.0,494853,1702222500000.0,0.052627946124932046,-0.00110922,1946.4684712796497,1946.798402612003,-21.0,0.2641,126.6,0.2615939073273842,long_nclose,33.117788667646835,0.017014294943022888,1.0
1702222680000.0,494856,1702222680000.0,0.04510966810708461,-0.00095076,1946.5126301877567,1946.7956518520027,-18.0,0.2641,108.6,0.2615939073273842,long_nclose,28.40909833575392,0.014594869766148722,3.0
1702228740000.0,494957,1702228740000.0,0.0,-0.013811415999999998,1946.4988187717568,1946.2352404360029,265.4,0.2602,374.0,0.26060475490843293,long_ientry_partial,97.46617833575392,0.05007255971378149,101.0
1702239780000.0,495141,1702239780000.0,0.13324608788968134,-0.0028099080000000003,1946.6292549516463,1947.4612905280028,-53.4,0.2631,320.6,0.26060475490843293,long_nclose,83.5498844236436,0.04292028603346915,184.0
1702240020000.0,495145,1702240020000.0,0.11428222519377164,-0.002409996,1946.74112718084,1947.4543005320027,-45.8,0.2631,274.8,0.26060475490843293,long_nclose,71.61418664883738,0.036786702478795924,4.0
1702240320000.0,495150,1702240320000.0,0.09781360758942902,-0.0020627040000000003,1946.8368780844294,1947.5661178280025,-39.2,0.2631,235.6,0.26060475490843293,long_nclose,61.3984802564268,0.03153755763905563,5.0
1702240920000.0,495160,1702240920000.0,0.19581360758942912,-0.0020823040000000005,1947.0306093880188,1948.0509555240026,-39.2,0.2656,196.4,0.26060475490843293,long_nclose,51.18277386401623,0.0262876061717919,10.0
1702242540000.0,495187,1702242540000.0,0.16334451449424317,-0.0017370240000000004,1947.192216878513,1948.0426785000025,-32.7,0.2656,163.7,0.26060475490843293,long_nclose,42.66099837851047,0.021908981562641552,27.0
1702248720000.0,495290,1702248720000.0,0.05813921063351265,-0.0012260460000000002,1947.2491300431464,1947.6135024540024,-23.3,0.2631,140.4,0.26060475490843293,long_nclose,36.588907589143986,0.018790049524034586,103.0
1702250280000.0,495316,1702250280000.0,0.0,-0.012128370000000001,1947.2370016731463,1947.4743840840024,231.9,0.2615,372.3,0.2611623894416975,long_ientry_partial,97.23075758914399,0.04993267768925884,26.0
1702252800000.0,495358,1702252800000.0,0.13474712064586186,-0.002800494,1947.3689482997922,1948.0831935900023,-53.1,0.2637,319.2,0.2611623894416975,long_nclose,83.36303470978984,0.042808033260760575,42.0
1702252980000.0,495361,1702252980000.0,0.11571504145859324,-0.002404944,1947.4822583972507,1948.1765486460022,-45.6,0.2637,273.6,0.2611623894416975,long_nclose,71.45402975124844,0.036690465057203685,3.0
1702253100000.0,495363,1702253100000.0,0.09896681177379685,-0.00205686,1947.5791683490245,1948.2917917860022,-39.0,0.2637,234.6,0.2611623894416975,long_nclose,61.26869656302223,0.0314588991085585,2.0
1702255620000.0,495405,1702255620000.0,0.08500995370313319,-0.00176679,1947.6624115127277,1948.1928349960024,-33.5,0.2637,201.1,0.2611623894416975,long_nclose,52.519756516725366,0.02696553376307851,42.0
1702256220000.0,495415,1702256220000.0,0.0,-0.008948324,1947.6534631887278,1947.7816866720025,170.9,0.2618,372.0,0.26145531321700366,long_ientry_partial,97.26137651672536,0.04993772165069219,10.0
1702260660000.0,495489,1702260660000.0,0.0,-0.019474224,1947.6339889647277,1943.6894924480023,383.2,0.2541,755.2,0.2577231150910028,long_rentry,194.63249651672535,0.09993278902479157,74.0
1702260720000.0,495490,1702260720000.0,0.0,-0.019475,1947.6145139647276,1921.4063574480024,389.5,0.25,1144.7,0.2550952184124446,long_rentry,292.0074965167253,0.14993084844202068,1.0
1702260720000.0,495490,1702260720000.0,0.0,-0.027993522000000003,1947.5865204427275,1913.0449339260022,566.9,0.2469,1711.6,0.25238087550638316,long_rentry,431.9751065167254,0.22180021374276526,0.0
1702260720000.0,495490,1702260720000.0,0.0,-0.041299944000000005,1947.5452204987275,1903.339853982002,847.7,0.2436,2559.3,0.24947244422956488,long_rentry,638.4748265167254,0.3278356876115178,0.0
1702260720000.0,495490,1702260720000.0,0.0,-0.060789300000000004,1947.4844311987276,1893.6460646820021,1267.5,0.2398,3826.8,0.2462687693416759,long_rentry,942.4213265167255,0.4839172582944042,0.0
1702260720000.0,495490,1702260720000.0,0.0,-0.08919281800000001,1947.3952383807277,1887.6814418640024,1895.3,0.2353,5722.1,0.24263564364773865,long_rentry,1388.3854165167254,0.7129448553397806,0.0
1702260780000.0,495491,1702260780000.0,0.0,-0.11180417799999999,1947.2834342027277,1907.5187476860021,2433.7,0.2297,8155.8,0.2387756328645535,long_rentry,1947.4063065167254,1.0000630993474497,1.0
1702260900000.0,495493,1702260900000.0,2.7081201495087273,-0.05618112199999999,1949.9353732302363,1974.5731665640021,-1165.1,0.2411,6990.7,0.2387756328645535,long_nclose,1669.208816666234,0.856032891952232,2.0
1702261020000.0,495495,1702261020000.0,2.321113021456884,-0.048152492000000005,1952.2083337596932,1978.7195840720021,-998.6,0.2411,5992.1,0.2387756328645535,long_nclose,1430.7674696876911,0.7328969172732828,2.0
1702261020000.0,495495,1702261020000.0,4.61789302145688,-0.048611848000000006,1956.77761493315,1978.8706922240021,-998.6,0.2434,4993.5,0.2387756328645535,long_nclose,1192.326122709148,0.6093314404303842,0.0
1702261080000.0,495496,1702261080000.0,3.8483983301185822,-0.04051149600000001,1960.5855017672686,1984.8224407280022,-832.2,0.2434,4161.3,0.2387756328645535,long_nclose,993.6170410392665,0.5067960770614807,1.0
1702261260000.0,495499,1702261260000.0,3.2069986084321513,-0.033759580000000004,1963.7587407957008,1982.5693611480021,-693.5,0.2434,3467.8,0.2387756328645535,long_nclose,828.0261396476986,0.42165370034823546,3.0
1702261440000.0,495502,1702261440000.0,2.6724217675745354,-0.028132171999999997,1966.4030303912755,1978.9000189760025,-577.9,0.2434,2889.9,0.2387756328645535,long_nclose,690.0377014152732,0.35091366863789325,3.0
1702261500000.0,495503,1702261500000.0,2.227095212431037,-0.023444288,1968.6066813157065,1977.0944146880022,-481.6,0.2434,2408.3,0.2387756328645535,long_nclose,575.0433566277043,0.29210677891399695,1.0
1702261620000.0,495505,1702261620000.0,0.7995822945935991,-0.01658768,1969.3896759303002,1979.5550470080025,-344.0,0.2411,2064.3,0.2387756328645535,long_nclose,492.90453892229783,0.25028288964166506,2.0
1702261620000.0,495505,1702261620000.0,1.5907822945935979,-0.01674592,1970.9637123048938,1979.4351010880023,-344.0,0.2434,1720.3,0.2387756328645535,long_nclose,410.7657212168914,0.20840856615088657,0.0
1702261980000.0,495511,1702261980000.0,1.325806057732513,-0.013956556000000002,1972.2755618066262,1980.0519345320024,-286.7,0.2434,1433.6,0.2387756328645535,long_nclose,342.3087472746239,0.17356030460625152,6.0
1702262700000.0,495523,1702262700000.0,0.4760303893394451,-0.009875456000000001,1972.7417167399658,1975.4750190760024,-204.8,0.2411,1228.8,0.2387756328645535,long_nclose,293.40749766396334,0.14873082227349604,12.0
1702263060000.0,495529,1702263060000.0,0.40792643227086234,-0.00846261,1973.1411805622367,1975.5894364660026,-175.5,0.2411,1053.3,0.2387756328645535,long_nclose,251.50237409623418,0.1274629390810088,6.0
1702263120000.0,495530,1702263120000.0,0.34958481717115497,-0.007252288000000001,1973.483513091408,1976.1239241780027,-150.4,0.2411,902.9,0.2387756328645535,long_nclose,215.59051891340536,0.109243638207896,1.0
1702263600000.0,495538,1702263600000.0,0.299610923759055,-0.006215558000000001,1973.776908457167,1975.9629686200028,-128.9,0.2411,774.0,0.2387756328645535,long_nclose,184.81233983716442,0.09363385448744854,8.0
1702263900000.0,495543,1702263900000.0,0.2568425684668392,-0.005328310000000001,1974.028422715634,1975.8360403100028,-110.5,0.2411,663.5,0.2387756328645535,long_nclose,158.42763240563124,0.08025600370418441,5.0
1702265340000.0,495567,1702265340000.0,0.5109925684668388,-0.00537914,1974.5340361441008,1977.0913111700027,-110.5,0.2434,553.0,0.2387756328645535,long_nclose,132.0429249740981,0.06687295460956119,24.0
1702265400000.0,495568,1702265400000.0,0.4259042131746231,-0.004483428,1974.9554569292754,1977.0407377420026,-92.1,0.2434,460.9,0.2387756328645535,long_nclose,110.0516891872727,0.0557236310323599,1.0
1702265640000.0,495572,1702265640000.0,0.3551513960022916,-0.0037386240000000003,1975.3068697012777,1977.0830891180028,-76.8,0.2434,384.1,0.2387756328645535,long_nclose,91.713720583275,0.04643011270301749,4.0
1702265700000.0,495573,1702265700000.0,0.29595949666857635,-0.00311552,1975.5997136779463,1977.1119835980028,-64.0,0.2434,320.1,0.2387756328645535,long_nclose,76.43208007994357,0.03868803966247345,1.0
1702265760000.0,495574,1702265760000.0,0.0,-0.00416872,1975.5955449579462,1977.1078148780027,85.6,0.2435,405.7,0.23977244288869504,long_ientry_partial,97.27568007994357,0.04923866138907204,1.0
1702266000000.0,495578,1702266000000.0,0.31282286072421595,-0.003304288,1975.9050635306705,1977.4358305900028,-67.6,0.2444,338.1,0.23977244288869504,long_nclose,81.0670629406678,0.04102781274106971,4.0
1702266060000.0,495579,1702266060000.0,0.26053146536646976,-0.002751944,1976.162843052037,1977.5232486460027,-56.3,0.2444,281.8,0.23977244288869504,long_nclose,67.56787440603426,0.034191450691219705,1.0
1702266180000.0,495581,1702266180000.0,0.0,-0.005978024000000001,1976.1568650280371,1977.476870622003,122.2,0.2446,404.0,0.2412326594208769,long_ientry_partial,97.45799440603427,0.04931693234011136,2.0
1702266900000.0,495593,1702266900000.0,0.13659555141540322,-0.0028111440000000002,1976.2906494354527,1977.283609478003,-57.7,0.2436,346.3,0.2412326594208769,long_nclose,83.53886995744968,0.04227053848648902,12.0
1702267680000.0,495606,1702267680000.0,0.11694662460868144,-0.002406768,1976.4051892920616,1977.2268127100033,-49.4,0.2436,296.9,0.2412326594208769,long_nclose,71.62197658205835,0.03623850866719946,13.0
1702267740000.0,495607,1702267740000.0,0.0,-0.005275279999999999,1976.3999140120616,1976.8570374300032,108.1,0.244,405.0,0.2419713002026132,long_ientry_partial,97.99837658205834,0.049584284985685484,1.0
1702271520000.0,495670,1702271520000.0,0.13459884828895619,-0.0028241079999999997,1976.5316887523506,1977.3749333220032,-57.8,0.2443,347.2,0.2419713002026132,long_nclose,84.0124354303473,0.04250497773874731,63.0
1702271700000.0,495673,1702271700000.0,0.11550350995038454,-0.002423456,1976.644768806301,1977.3377898660033,-49.6,0.2443,297.6,0.2419713002026132,long_nclose,72.01065894029769,0.036430753809034204,3.0
1702271760000.0,495674,1702271760000.0,0.0,-0.00522802,1976.639540786301,1977.4134818460034,107.0,0.2443,404.6,0.24258714518116087,long_ientry_partial,98.15075894029769,0.04965536554087835,1.0
1702271760000.0,495674,1702271760000.0,0.07279632980066265,-0.00207655,1976.7102605661016,1977.4029052960034,-42.5,0.2443,362.1,0.24258714518116087,long_nclose,87.84080527009836,0.0444378759105252,0.0
1702292640000.0,496022,1702292640000.0,0.11957459413398347,-0.0025322660000000005,1976.8273028942358,1977.6383330300034,-51.7,0.2449,310.4,0.24258714518116087,long_nclose,75.29904986423233,0.038090858900010335,348.0
1702292820000.0,496025,1702292820000.0,0.10245946847457382,-0.002169814,1976.9275925487104,1977.5962632160035,-44.3,0.2449,266.1,0.24258714518116087,long_nclose,64.55243933270691,0.03265291029171387,3.0
1702293060000.0,496029,1702293060000.0,0.08788848311588726,-0.0018612400000000001,1977.0136197918264,1977.6096119760036,-38.0,0.2449,228.1,0.24258714518116087,long_nclose,55.33412781582279,0.027988743861890698,4.0
1702293720000.0,496040,1702293720000.0,0.1790884831158867,-0.00187948,1977.1908287949423,1978.1057524960036,-38.0,0.2473,190.1,0.24258714518116087,long_nclose,46.11581629893868,0.02332390765085904,11.0
1702293840000.0,496042,1702293840000.0,0.14892621227531633,-0.001562936,1977.3381920712175,1978.0851795600036,-31.6,0.2473,158.5,0.24258714518116087,long_nclose,38.450062511214,0.019445364816899846,2.0
1702293900000.0,496043,1702293900000.0,0.12441936721735286,-0.001305744,1977.4613056944347,1978.1763438160033,-26.4,0.2473,132.1,0.24258714518116087,long_nclose,32.04576187843135,0.01620550641681339,1.0
1702296660000.0,496089,1702296660000.0,0.10368280601446073,-0.00108812,1977.563900380449,1978.1048056960033,-22.0,0.2473,110.1,0.24258714518116087,long_nclose,26.70884468444581,0.01350593256648116,46.0
1702296960000.0,496094,1702296960000.0,0.08624524318475597,-0.0009051180000000001,1977.6492405056338,1978.0910605780032,-18.3,0.2473,91.8,0.24258714518116087,long_nclose,22.269499927630566,0.011260591348310497,5.0
1702297320000.0,496100,1702297320000.0,0.0721066787282386,-0.0007567380000000001,1977.720590446362,1978.1040738400031,-15.3,0.2473,76.5,0.24258714518116087,long_nclose,18.557916606358805,0.009383487584649344,6.0
1702297440000.0,496102,1702297440000.0,0.05985325619925687,-0.000628142,1977.779815560561,1978.086875698003,-12.7,0.2473,63.8,0.24258714518116087,long_nclose,15.477059862558063,0.007825471642894388,2.0
1702297800000.0,496108,1702297800000.0,0.04995626107969471,-0.000524276,1977.8292475456406,1978.090611422003,-10.6,0.2473,53.2,0.24258714518116087,long_nclose,12.905636123637759,0.006525151824735541,6.0
1702298220000.0,496115,1702298220000.0,0.041473122405784296,-0.000435248,1977.8702854200462,1978.0928561740027,-8.8,0.2473,44.4,0.24258714518116087,long_nclose,10.770869246043542,0.005445690410256656,7.0
1702299900000.0,496143,1702299900000.0,0.03487512565940952,-0.000366004,1977.9047945417058,1978.086570170003,-7.4,0.2473,37.0,0.24258714518116087,long_nclose,8.975724371702952,0.00453799616466509,28.0
1702300320000.0,496150,1702300320000.0,0.028748414394918653,-0.000301706,1977.9332412501005,1978.0850484640027,-6.1,0.2473,30.9,0.24258714518116087,long_nclose,7.495942786097871,0.003789785534601895,7.0
1702300680000.0,496156,1702300680000.0,0.04277841439491863,-0.000304512,1977.9757151524955,1978.1521139520028,-6.1,0.2496,24.8,0.24258714518116087,long_nclose,6.01616120049279,0.0030415748557504224,6.0
1702301280000.0,496166,1702301280000.0,0.019322704757240405,-0.00020278599999999997,1977.9948350712527,1978.1027411660027,-4.1,0.2473,20.7,0.24258714518116087,long_nclose,5.0215539052500295,0.002538709311174283,10.0
1702301700000.0,496173,1702301700000.0,0.01602370638405302,-0.000168164,1978.0106906136368,1978.0835730020028,-3.4,0.2473,17.3,0.24258714518116087,long_nclose,4.196757611634083,0.002121706233211574,7.0
1702302480000.0,496186,1702302480000.0,0.0,-0.018930770000000003,1977.9917598436368,1977.8298722320028,386.5,0.2449,403.8,0.24480091038047072,long_ientry_partial,98.85060761163408,0.04997523731820216,13.0
1702302840000.0,496192,1702302840000.0,0.13818756208488667,-0.002847744,1978.1270996617216,1978.8884244880026,-57.6,0.2472,346.2,0.24480091038047072,long_nclose,84.75007517371895,0.042843594422326055,6.0
1702302900000.0,496193,1702302900000.0,0.11851502720474653,-0.002442336,1978.2431723529262,1979.0145821520025,-49.4,0.2472,296.8,0.24480091038047072,long_nclose,72.65691020092372,0.036727997455694716,1.0
1702303200000.0,496198,1702303200000.0,0.10172139986804156,-0.002096256,1978.3427974967942,1978.9531258960026,-42.4,0.2472,254.4,0.24480091038047072,long_nclose,62.277351600791754,0.031479555352890085,5.0
1702303260000.0,496199,1702303260000.0,0.08708695318891294,-0.001794672,1978.4280897779831,1979.1476212240025,-36.3,0.2472,218.1,0.24480091038047072,long_nclose,53.39107855398066,0.026986615702556137,1.0
1702303620000.0,496205,1702303620000.0,0.07461168716736068,-0.001537584,1978.5011638811504,1978.9871936400025,-31.1,0.2472,187.0,0.24480091038047072,long_nclose,45.777770241148026,0.023137600865165787,6.0
1702304340000.0,496217,1702304340000.0,0.0,-0.010623200000000001,1978.4905406811504,1978.7296704400023,216.8,0.245,403.8,0.24490780148872712,long_ientry_partial,98.89377024114802,0.04998445441498097,12.0
1702307820000.0,496275,1702307820000.0,0.13779063424931728,-0.002848896,1978.6254824193998,1979.5575215440024,-57.6,0.2473,346.2,0.24490780148872712,long_nclose,84.78708087539732,0.04285150556724985,58.0
1702319040000.0,496462,1702319040000.0,0.0,-0.01978611,1978.6056963093997,1976.8581954340025,415.5,0.2381,761.7,0.24119421146829106,long_rentry,183.7176308753973,0.09285206810941522,187.0
1702331820000.0,496675,1702331820000.0,0.25086979224993156,-0.00529856,1978.8512675416496,1980.4872968740024,-108.8,0.2435,652.9,0.24119421146829106,long_nclose,157.47570066764723,0.07957935154130162,213.0
1702332480000.0,496686,1702332480000.0,0.21489949115527227,-0.00453884,1979.0616281928048,1980.4081480340024,-93.2,0.2435,559.7,0.24119421146829106,long_nclose,134.99640015880252,0.0682123276181528,11.0
1702333020000.0,496695,1702333020000.0,0.18423250368354352,-0.0038911300000000005,1979.2419695664883,1980.4442469040023,-79.9,0.2435,479.8,0.24119421146829106,long_nclose,115.72498266248606,0.058469345558508544,9.0
1702333440000.0,496702,1702333440000.0,0.1579465144220617,-0.00333595,1979.3965801309103,1980.715120954002,-68.5,0.2435,411.3,0.24119421146829106,long_nclose,99.20317917690812,0.05011788954912066,7.0
1702333980000.0,496711,1702333980000.0,0.13534978681131418,-0.00285869,1979.5290712277215,1980.412612264002,-58.7,0.2435,352.6,0.24119421146829106,long_nclose,85.04507896371943,0.04296227835187776,9.0
1702337460000.0,496769,1702337460000.0,0.11598116314495917,-0.00244961,1979.6426027808664,1980.369872654002,-50.3,0.2435,302.3,0.24119421146829106,long_nclose,72.91301012686439,0.036831400791456595,58.0
1702337880000.0,496776,1702337880000.0,0.09937948571665488,-0.00209897,1979.739883296583,1980.337543684002,-43.1,0.2435,259.2,0.24119421146829106,long_nclose,62.51753961258104,0.031578663510319016,7.0
1702338060000.0,496779,1702338060000.0,0.08531417567323041,-0.0018019,1979.8233955722562,1980.380181784002,-37.0,0.2435,222.2,0.24119421146829106,long_nclose,53.59335378825427,0.02706976486292275,3.0
1702338240000.0,496782,1702338240000.0,0.07309349645517307,-0.00154379,1979.8949452787115,1980.353247994002,-31.7,0.2435,190.5,0.24119421146829106,long_nclose,45.94749728470945,0.023207038027081472,3.0
1702338900000.0,496793,1702338900000.0,0.06271744806248289,-0.00132464,1979.9563380867742,1980.3492033540022,-27.2,0.2435,163.3,0.24119421146829106,long_nclose,39.38701473277193,0.01989287035027827,11.0
1702339260000.0,496799,1702339260000.0,0.053724872788818066,-0.00113471,1980.0089282495628,1980.3597386440022,-23.3,0.2435,140.0,0.24119421146829106,long_nclose,33.76718960556075,0.017054059263971508,6.0
1702339680000.0,496806,1702339680000.0,0.0461157706341786,-0.000974,1980.054070020197,1980.342764644002,-20.0,0.2435,120.0,0.24119421146829106,long_nclose,28.943305376194928,0.014617431823919686,7.0
1702339980000.0,496811,1702339980000.0,0.039428983892222706,-0.00083277,1980.0926662340894,1980.3299318740023,-17.1,0.2435,102.9,0.24119421146829106,long_nclose,24.818884360087154,0.012534203465987197,5.0
1702340040000.0,496812,1702340040000.0,0.03389509141612127,-0.00071589,1980.1258454355054,1980.3556759840021,-14.7,0.2435,88.2,0.24119421146829106,long_nclose,21.273329451503272,0.010743422949880468,1.0
1702340580000.0,496821,1702340580000.0,0.06770509141612122,-0.000722652,1980.1928278749217,1980.5387033320023,-14.7,0.2458,73.5,0.24119421146829106,long_nclose,17.727774542919395,0.008952549617071518,9.0
1702340880000.0,496826,1702340880000.0,0.0561906200868489,-0.000599752,1980.2484187430086,1980.5552735800024,-12.2,0.2458,61.3,0.24119421146829106,long_nclose,14.78520516300624,0.0074663385780615165,5.0
1702341480000.0,496836,1702341480000.0,0.04697904302343105,-0.000501432,1980.294896354032,1980.5404721480024,-10.2,0.2458,51.1,0.24119421146829106,long_nclose,12.325024206029674,0.0062238327375996215,10.0
1702342440000.0,496852,1702342440000.0,0.039149202519525875,-0.00041786,1980.3336276965517,1980.5383542880024,-8.5,0.2458,42.6,0.24119421146829106,long_nclose,10.2748734085492,0.005188455755558995,16.0
1702343160000.0,496864,1702343160000.0,0.032701098575133376,-0.000349036,1980.365979759127,1980.5507852520027,-7.1,0.2458,35.5,0.24119421146829106,long_nclose,8.562394507124333,0.0043236424956995985,12.0
1702344660000.0,496889,1702344660000.0,0.049741098575133466,-0.000352444,1980.415368413702,1980.6171728080026,-7.1,0.2482,28.4,0.24119421146829106,long_nclose,6.849915605699466,0.0034588277363178602,25.0
1702345020000.0,496895,1702345020000.0,0.03923241577757006,-0.000277984,1980.4543228454797,1980.6163348240027,-5.6,0.2482,22.8,0.24119421146829106,long_nclose,5.499228021477037,0.002776750747563745,6.0
1702345560000.0,496904,1702345560000.0,0.03152604839269023,-0.00022338000000000002,1980.4856255138723,1980.6120014440025,-4.5,0.2482,18.3,0.24119421146829106,long_nclose,4.413854069869727,0.0022286726109029312,9.0
1702345800000.0,496908,1702345800000.0,0.025220838714152184,-0.00017870400000000002,1980.5106676485864,1980.6151227400026,-3.6,0.2482,14.7,0.24119421146829106,long_nclose,3.5455549085838785,0.0017902225756720777,4.0
1702346400000.0,496918,1702346400000.0,0.020316786741955924,-0.000143956,1980.5308404793282,1980.6182287840024,-2.9,0.2482,11.8,0.24119421146829106,long_nclose,2.8460916953258346,0.0014370347773211263,10.0
1702346820000.0,496925,1702346820000.0,0.01611331362293056,-0.00011417199999999999,1980.5468396209512,1980.6162446120024,-2.3,0.2482,9.5,0.24119421146829106,long_nclose,2.291345008948765,0.0011569254324665687,7.0
1702350540000.0,496987,1702350540000.0,0.02140331362293055,-0.00011522999999999999,1980.5681277045742,1980.6358493820026,-2.3,0.2505,7.2,0.24119421146829106,long_nclose,1.7365983225716957,0.0008768182716261152,62.0
1702353900000.0,497043,1702353900000.0,0.016750419357076086,-9.018000000000001e-05,1980.5847879439314,1980.6350392020026,-1.8,0.2505,5.4,0.24119421146829106,long_nclose,1.3024487419287718,0.0006576081720191637,56.0
1702354020000.0,497045,1702354020000.0,0.012097525091221617,-6.513000000000001e-05,1980.5968203390225,1980.6349740720025,-1.3,0.2505,4.1,0.24119421146829106,long_nclose,0.9888962670199932,0.0004992920602844965,2.0
1702354260000.0,497049,1702354260000.0,0.009305788531708936,-5.0100000000000005e-05,1980.6060760275543,1980.6355439720026,-1.0,0.2505,3.1,0.24119421146829106,long_nclose,0.7477020555517023,0.0003775117448146717,4.0
1702354560000.0,497054,1702354560000.0,0.006514051972196255,-3.5069999999999995e-05,1980.6125550095264,1980.6351289020026,-0.7,0.2505,2.4,0.24119421146829106,long_nclose,0.5788661075238986,0.000292266201211228,5.0
1702356000000.0,497078,1702356000000.0,0.002802315412683576,-1.9856e-05,1980.615337468939,1980.6293490460025,-0.4,0.2482,2.0,0.24119421146829106,long_nclose,0.48238842293658213,0.00024355482551853517,24.0
1702356060000.0,497079,1702356060000.0,0.002802315412683576,-1.9856e-05,1980.6181199283517,1980.6294891900025,-0.4,0.2482,1.6,0.24119421146829106,long_nclose,0.3859107383492657,0.00019484358668960675,1.0
1702356300000.0,497083,1702356300000.0,0.0021017365595126817,-1.4892e-05,1980.6202067729112,1980.6293142980023,-0.3,0.2482,1.3,0.24119421146829106,long_nclose,0.3135524749087784,0.00015831024738440877,4.0
1702356540000.0,497087,1702356540000.0,0.001401157706341788,-9.928e-06,1980.6215980026175,1980.6295243700024,-0.2,0.2482,1.1,0.24119421146829106,long_nclose,0.2653136326151202,0.00013395473061723605,4.0
1702356960000.0,497094,1702356960000.0,0.001401157706341788,-9.928e-06,1980.6229892323238,1980.6292044420022,-0.2,0.2482,0.9,0.24119421146829106,long_nclose,0.21707479032146196,0.00010959924806567993,7.0
1702357500000.0,497103,1702357500000.0,0.000700578853170894,-4.964e-06,1980.623684847177,1980.6293694780022,-0.1,0.2482,0.8,0.24119421146829106,long_nclose,0.19295536917463285,9.742151962073557e-05,9.0
1702361940000.0,497177,1702361940000.0,0.000700578853170894,-4.964e-06,1980.62438046203,1980.6293545140022,-0.1,0.2482,0.7,0.24119421146829106,long_nclose,0.16883594802780374,8.524379972966835e-05,74.0
1702362060000.0,497179,1702362060000.0,0.000700578853170894,-4.964e-06,1980.6250760768833,1980.6293995500023,-0.1,0.2482,0.6,0.24119421146829106,long_nclose,0.14471652688097464,7.306608839246923e-05,2.0
1702362720000.0,497190,1702362720000.0,0.000700578853170894,-4.964e-06,1980.6257716917364,1980.6293245860022,-0.1,0.2482,0.5,0.24119421146829106,long_nclose,0.12059710573414553,6.08883856091292e-05,11.0
1702362900000.0,497193,1702362900000.0,0.000700578853170894,-4.964e-06,1980.6264673065896,1980.6290696220024,-0.1,0.2482,0.4,0.24119421146829106,long_nclose,0.09647768458731643,4.871069137963925e-05,3.0
1702362960000.0,497194,1702362960000.0,0.000700578853170894,-4.964e-06,1980.6271629214427,1980.6293546580023,-0.1,0.2482,0.3,0.24119421146829106,long_nclose,0.07235826344048732,3.6533005703990364e-05,1.0
1702364460000.0,497219,1702364460000.0,0.0009305788531708937,-5.010000000000001e-06,1980.6280884902958,1980.630069648002,-0.1,0.2505,0.2,0.24119421146829106,long_nclose,0.04823884229365821,2.435532575448203e-05,25.0
1702365240000.0,497232,1702365240000.0,0.0011605788531708961,-5.056000000000001e-06,1980.629244013149,1980.6303945920022,-0.1,0.2528,0.1,0.24119421146829106,long_nclose,0.024119421146829106,1.2177655772646453e-05,13.0
1702365300000.0,497233,1702365300000.0,0.0011605788531708961,-5.056000000000001e-06,1980.6303995360022,1980.6303995360022,-0.1,0.2528,0.0,0.24119421146829106,long_nclose,0.0,0.0,1.0
1702394460000.0,497719,1702394460000.0,0.0,-0.0198072,1980.6105923360021,1980.6891923360022,393.0,0.252,393.0,0.252,long_ientry_normal,99.036,0.050002761968062304,486.0
1702395420000.0,497735,1702395420000.0,0.13464000000000076,-0.0028543680000000004,1980.742377968002,1981.584627968002,-56.1,0.2544,336.9,0.252,long_nclose,84.8988,0.04286211116818519,16.0
1702396500000.0,497753,1702396500000.0,0.11544000000000064,-0.0024473280000000004,1980.855370640002,1981.7795306400021,-48.1,0.2544,288.8,0.252,long_nclose,72.7776,0.036740491546581724,18.0
1702396680000.0,497756,1702396680000.0,0.09888000000000055,-0.0020962560000000003,1980.9521543840021,1981.595914384002,-41.2,0.2544,247.6,0.252,long_nclose,62.395199999999996,0.0314975805255642,3.0
1702396980000.0,497761,1702396980000.0,0.08472000000000046,-0.0017960639999999998,1981.0350783200022,1981.6082883200022,-35.3,0.2544,212.3,0.252,long_nclose,53.4996,0.027005882220606525,5.0
1702397700000.0,497773,1702397700000.0,0.0,-0.00910442,1981.025973900002,1980.989873900002,180.5,0.2522,392.8,0.25209190427698575,long_ientry_partial,99.02170000000001,0.04998505890614759,12.0
1702405440000.0,497902,1702405440000.0,0.13509417006109992,-0.00285549,1981.1582125800633,1981.9690184100023,-56.1,0.2545,336.7,0.25209190427698575,long_nclose,84.8793441700611,0.042843294205929514,129.0
1702405500000.0,497903,1702405500000.0,0.11582940427698583,-0.00244829,1981.2715936943403,1982.0820101200022,-48.1,0.2545,288.6,0.25209190427698575,long_nclose,72.7537235743381,0.03672072208872649,1.0
1702405980000.0,497911,1702405980000.0,0.09921354378818746,-0.0020970800000000003,1981.3687101581284,1981.964473040002,-41.2,0.2545,247.4,0.25209190427698575,long_nclose,62.36753711812627,0.03147699708710393,8.0
1702406040000.0,497912,1702406040000.0,0.08500577902240332,-0.0017967699999999998,1981.4519191671507,1982.026306270002,-35.3,0.2545,212.1,0.25209190427698575,long_nclose,53.46869289714868,0.026984602745053127,1.0
1702406220000.0,497915,1702406220000.0,0.07296530040733204,-0.00154227,1981.523342197558,1981.979314000002,-30.3,0.2545,181.8,0.25209190427698575,long_nclose,45.830308197556015,0.023128825798604563,3.0
1702406340000.0,497917,1702406340000.0,0.06236967922606929,-0.00131831,1981.584393566784,1981.975405690002,-25.9,0.2545,155.9,0.25209190427698575,long_nclose,39.30112787678208,0.019833183993764405,2.0
1702407240000.0,497932,1702407240000.0,0.05345972505091654,-0.00112998,1981.6367233118349,1981.972055710002,-22.2,0.2545,133.7,0.25209190427698575,long_nclose,33.704687601832994,0.017008509786548373,15.0
1702408860000.0,497959,1702408860000.0,0.0,-0.013078648000000002,1981.623644663835,1981.597987062002,259.6,0.2519,393.3,0.2519652367196364,long_ientry_partial,99.09792760183299,0.050008450327430405,27.0
1702414140000.0,498047,1702414140000.0,0.13659022002839952,-0.0028543680000000004,1981.7573805158634,1982.713262694002,-56.1,0.2544,337.2,0.2519652367196364,long_nclose,84.96267782186139,0.04287239127109752,88.0
1702414380000.0,498051,1702414380000.0,0.1171121137854905,-0.0024473280000000004,1981.8720453016488,1982.7204853660019,-48.1,0.2544,289.1,0.2519652367196364,long_nclose,72.84314993564689,0.03675471890747613,4.0
1702414560000.0,498054,1702414560000.0,0.10055572347901781,-0.002101344,1981.9704996811276,1982.6729540220017,-41.3,0.2544,247.8,0.2519652367196364,long_nclose,62.4369856591259,0.03150247981449329,3.0
1702415460000.0,498069,1702415460000.0,0.08619062012487241,-0.001801152,1982.0548891492524,1982.6145128700016,-35.4,0.2544,212.4,0.2519652367196364,long_nclose,53.51741627925077,0.027000975892358753,15.0
1702416480000.0,498086,1702416480000.0,0.17115062012487092,-0.0018181439999999998,1982.2242216253771,1983.1153747260014,-35.4,0.2568,177.0,0.2519652367196364,long_nclose,44.59784689937564,0.022498891100627586,17.0
1702417740000.0,498107,1702417740000.0,0.14262551677072577,-0.0015151199999999998,1982.3653320221479,1983.0784596060014,-29.5,0.2568,147.5,0.2519652367196364,long_nclose,37.164872416146366,0.01874774130469466,21.0
1702417800000.0,498108,1702417800000.0,0.11845170036890784,-0.0012583199999999998,1982.4825254025168,1983.0526012860016,-24.5,0.2568,123.0,0.2519652367196364,long_nclose,30.991724116515275,0.015632785519873783,1.0
1702418640000.0,498122,1702418640000.0,0.042608357406363484,-0.0008904000000000001,1982.5242433599233,1982.8127608860016,-17.5,0.2544,105.5,0.2519652367196364,long_nclose,26.58233247392164,0.013408326562943156,14.0
1702418820000.0,498125,1702418820000.0,0.036521449205454415,-0.0007632000000000001,1982.560001609129,1982.7984476860017,-15.0,0.2544,90.5,0.2519652367196364,long_nclose,22.802853923127092,0.01150172196786949,3.0
1702422480000.0,498186,1702422480000.0,0.07252144920545378,-0.0007704,1982.6317526583343,1983.0194272860017,-15.0,0.2568,75.5,0.2519652367196364,long_nclose,19.02337537233255,0.009595011956620688,61.0
1702423140000.0,498197,1702423140000.0,0.10924492553349034,-0.0007827839999999999,1982.7402147998678,1983.1651145020016,-15.1,0.2592,60.4,0.2519652367196364,long_nclose,15.218700297866038,0.00767558966337008,11.0
1702423440000.0,498202,1702423440000.0,0.08681715936436318,-0.00062208,1982.826409879232,1983.1668924220016,-12.0,0.2592,48.4,0.2519652367196364,long_nclose,12.1951174572304,0.006150370701373283,5.0
1702423560000.0,498204,1702423560000.0,0.06945372749149055,-0.000497664,1982.8953659427234,1983.1838347580015,-9.6,0.2592,38.8,0.2519652367196364,long_nclose,9.776251184721891,0.004930291004071206,2.0
1702423740000.0,498207,1702423740000.0,0.05570767725879971,-0.000399168,1982.9506744519822,1983.1725655900016,-7.7,0.2592,31.1,0.2519652367196364,long_nclose,7.836118861980692,0.003951746739311264,3.0
1702423800000.0,498208,1702423800000.0,0.04485553233825431,-0.000321408,1982.9952085763205,1983.1753541820015,-6.2,0.2592,24.9,0.2519652367196364,long_nclose,6.273934394318946,0.0031638676519159517,1.0
1702423860000.0,498209,1702423860000.0,0.03545034007378164,-0.00025401600000000003,1983.0304049003942,1983.1731001660014,-4.9,0.2592,20.0,0.2519652367196364,long_nclose,5.0393047343927275,0.002541214053975056,1.0
1702423920000.0,498210,1702423920000.0,0.028939053121454394,-0.00020736,1983.0591365935154,1983.1796928060012,-4.0,0.2592,16.0,0.2519652367196364,long_nclose,4.031443787514182,0.002032941788331823,1.0
1702424040000.0,498212,1702424040000.0,0.023151242497163518,-0.000165888,1983.0821219480124,1983.177286918001,-3.2,0.2592,12.8,0.2519652367196364,long_nclose,3.225155030011346,0.0016263345800542168,2.0
1702425960000.0,498244,1702425960000.0,0.031151242497163525,-0.000167488,1983.1131057025095,1983.207519430001,-3.2,0.2617,9.6,0.2519652367196364,long_nclose,2.418866272508509,0.0012197318779009509,32.0
1702426380000.0,498251,1702426380000.0,0.023363431872872643,-0.000125616,1983.1363435183823,1983.206433814001,-2.4,0.2617,7.2,0.2519652367196364,long_nclose,1.8141497043813821,0.0009147881890777149,7.0
1702426440000.0,498252,1702426440000.0,0.017522573904654483,-9.4212e-05,1983.153771880287,1983.209039602001,-1.8,0.2617,5.4,0.2519652367196364,long_nclose,1.3606122782860366,0.0006860851122986796,1.0
1702427100000.0,498263,1702427100000.0,0.007234763280363599,-5.184e-05,1983.1609548035674,1983.193667762001,-1.0,0.2592,4.4,0.2519652367196364,long_nclose,1.1086470415664003,0.0005590302889339671,11.0
1702427460000.0,498269,1702427460000.0,0.005787810624290879,-4.1472e-05,1983.1667011421916,1983.194906290001,-0.8,0.2592,3.6,0.2519652367196364,long_nclose,0.9070748521906911,0.0004573870929096719,6.0
1702428000000.0,498278,1702428000000.0,0.0050643342962545185,-3.6288e-05,1983.171729188488,1983.194160002001,-0.7,0.2592,2.9,0.2519652367196364,long_nclose,0.7306991864869455,0.00036844977957907205,9.0
1702428240000.0,498282,1702428240000.0,0.0036173816401817993,-2.592e-05,1983.175320650128,1983.1934040820008,-0.5,0.2592,2.4,0.2519652367196364,long_nclose,0.6047165681271273,0.0003049234033070198,4.0
1702428360000.0,498284,1702428360000.0,0.0028939053121454397,-2.0736e-05,1983.1781938194404,1983.193263346001,-0.4,0.2592,2.0,0.2519652367196364,long_nclose,0.5039304734392728,0.00025410246795258654,2.0
1702429200000.0,498298,1702429200000.0,0.0028939053121454397,-2.0736e-05,1983.1810669887527,1983.1929626100014,-0.4,0.2592,1.6,0.2519652367196364,long_nclose,0.40314437875141823,0.00020328167985364526,14.0
1702429320000.0,498300,1702429320000.0,0.0021704289841090797,-1.5552e-05,1983.1832218657369,1983.1930170580013,-0.3,0.2592,1.3,0.2519652367196364,long_nclose,0.3275548077355273,0.00016516618541547094,2.0
1702429500000.0,498303,1702429500000.0,0.0014469526560727199,-1.0368e-05,1983.184658450393,1983.1920666900014,-0.2,0.2592,1.1,0.2519652367196364,long_nclose,0.27716176039160006,0.00013975590180702929,3.0
1702429680000.0,498306,1702429680000.0,0.0014469526560727199,-1.0368e-05,1983.1860950350492,1983.1921563220014,-0.2,0.2592,0.9,0.2519652367196364,long_nclose,0.22676871304767277,0.00011434565501210063,3.0
1702430640000.0,498322,1702430640000.0,0.00048347632803635854,-5.136e-06,1983.1865733753773,1983.1901211860015,-0.1,0.2568,0.8,0.2519652367196364,long_nclose,0.20157218937570912,0.00010164055771748893,16.0
1702430760000.0,498324,1702430760000.0,0.0,-0.019790436,1983.1667829393773,1983.0913307500016,388.2,0.2549,389.0,0.2548939644971098,long_ientry_partial,99.15375218937572,0.049997687054042755,2.0
1702440900000.0,498493,1702440900000.0,0.0,-0.019830862,1983.1469520773774,1981.3745898880015,400.3,0.2477,789.3,0.25124548611348757,long_rentry,198.30806218937573,0.0999966553066806,169.0
1702449600000.0,498638,1702449600000.0,0.0,-0.019832306,1983.1271197713775,1977.6499475820017,406.9,0.2437,1196.2,0.24867880972193257,long_rentry,297.46959218937576,0.1500002643419395,145.0
1702450440000.0,498652,1702450440000.0,0.0,-0.028518136,1983.0986016353775,1972.8389094460017,592.4,0.2407,1788.6,0.24603615799473094,long_rentry,440.0602721893757,0.2219053918077884,14.0
1702481520000.0,499170,1702481520000.0,0.6039616323462469,-0.012693240000000001,1983.6898700277236,1987.6204962060015,-255.5,0.2484,1533.1,0.24603615799473094,long_nclose,377.198033821722,0.1901497000720432,518.0
1702481700000.0,499173,1702481700000.0,0.5176813991539259,-0.010879920000000001,1984.1966715068775,1987.6972262860015,-219.0,0.2484,1314.1,0.24603615799473094,long_nclose,323.31611522087593,0.16294559902438344,3.0
1702482540000.0,499187,1702482540000.0,0.44369314438900403,-0.009324936,1984.6310397152665,1987.4063113500015,-187.7,0.2484,1126.4,0.24603615799473094,long_nclose,277.13512836526496,0.13964062982962583,14.0
1702483440000.0,499202,1702483440000.0,0.380342178647793,-0.007993512000000001,1985.0033883819144,1987.3822278380017,-160.9,0.2484,965.5,0.24603615799473094,long_nclose,237.54791054391274,0.11967128717979224,15.0
1702485000000.0,499228,1702485000000.0,0.32597381252660446,-0.006850872000000002,1985.322511322441,1987.2788269660016,-137.9,0.2484,827.6,0.24603615799473094,long_nclose,203.61952435643934,0.1025624417167398,26.0
1702492560000.0,499354,1702492560000.0,0.2794061250228038,-0.005872176000000001,1985.596045271464,1987.0601347900017,-118.2,0.2484,709.4,0.24603615799473094,long_nclose,174.53805048146214,0.08790209413294832,126.0
1702492800000.0,499358,1702492800000.0,0.23945719513375657,-0.0050325840000000005,1985.8304698825978,1987.3895422060018,-101.3,0.2484,608.1,0.24603615799473094,long_nclose,149.6145876765959,0.07534106760152648,4.0
1702494000000.0,499378,1702494000000.0,0.2051814860573551,-0.004312224,1986.0313391446552,1988.097689982002,-86.8,0.2484,521.3,0.24603615799473094,long_nclose,128.25864916265323,0.06458037526129458,20.0
1702494300000.0,499383,1702494300000.0,0.4135014860573562,-0.004353888000000001,1986.4404867427127,1988.553826094002,-86.8,0.2508,434.5,0.24603615799473094,long_nclose,106.9027106487106,0.05381621617268055,5.0
1702494420000.0,499385,1702494420000.0,0.3449021611814815,-0.003631584000000001,1986.781757319894,1988.6153745100019,-72.4,0.2508,362.1,0.24603615799473094,long_nclose,89.08969280989209,0.0448412073855919,2.0
1702494540000.0,499387,1702494540000.0,0.5114221611814792,-0.003664888,1987.2895145930754,1989.683549622002,-72.4,0.2531,289.7,0.24603615799473094,long_nclose,71.27667497107355,0.03586627637678067,2.0
1702494600000.0,499388,1702494600000.0,0.6851821611814802,-0.00369964,1987.970997114257,1989.918839982002,-72.4,0.2555,217.3,0.24603615799473094,long_nclose,53.46365713225504,0.02689358004209468,1.0
1702494720000.0,499390,1702494720000.0,0.5138866208861101,-0.00277473,1988.482109005143,1990.089915252002,-54.3,0.2555,163.0,0.24603615799473094,long_nclose,40.10389375314114,0.02016809382972297,2.0
1702495020000.0,499395,1702495020000.0,0.3851783696144509,-0.0020797700000000003,1988.8652076047576,1989.973715482002,-40.7,0.2555,122.3,0.24603615799473094,long_nclose,30.090222122755595,0.015129342103074967,5.0
1702495800000.0,499408,1702495800000.0,0.2886471811607064,-0.0015585500000000001,1989.1522962359184,1990.021076932002,-30.5,0.2555,91.8,0.24603615799473094,long_nclose,22.5861193039163,0.011354645567690374,13.0
1702496160000.0,499414,1702496160000.0,0.21672198192066153,-0.00117019,1989.367848027839,1990.026796742002,-22.9,0.2555,68.9,0.24603615799473094,long_nclose,16.951891285836965,0.008521245230057494,6.0
1702497000000.0,499428,1702497000000.0,0.1627780824906279,-0.0008789199999999999,1989.5297471903295,1990.044877822002,-17.2,0.2555,51.7,0.24603615799473094,long_nclose,12.720069368327591,0.006393505493592762,14.0
1702497540000.0,499437,1702497540000.0,0.12208356186797091,-0.00065919,1989.6511715621975,1990.0377686320019,-12.9,0.2555,38.8,0.24603615799473094,long_nclose,9.54620293019556,0.004797927931608358,9.0
1702498560000.0,499454,1702498560000.0,0.0917992674511099,-0.00049567,1989.7424751596486,1990.0324229620019,-9.7,0.2555,29.1,0.24603615799473094,long_nclose,7.159652197646671,0.0035982808263025144,17.0
1702499220000.0,499465,1702499220000.0,0.06813966243793726,-0.00036792000000000004,1989.8102469020866,1990.019695042002,-7.2,0.2555,21.9,0.24603615799473094,long_nclose,5.388191860084607,0.0027078923070546165,11.0
1702502700000.0,499523,1702502700000.0,0.08660604663846426,-0.00037653400000000004,1989.8964764147252,1990.0711485080021,-7.3,0.2579,14.6,0.24603615799473094,long_nclose,3.592127906723072,0.0018051833094328354,58.0
1702503000000.0,499528,1702503000000.0,0.05694644162529156,-0.000247584,1989.9531752723506,1990.0704209240023,-4.8,0.2579,9.8,0.24603615799473094,long_nclose,2.4111543483483633,0.0012116638613963195,5.0
1702503540000.0,499537,1702503540000.0,0.03796429441686105,-0.00016505600000000004,1989.9909745107675,1990.0692758680023,-3.2,0.2579,6.6,0.24603615799473094,long_nclose,1.623838642765224,0.0008160030188902939,9.0
1702504380000.0,499551,1702504380000.0,0.02610045241159197,-0.00011347600000000002,1990.016961487179,1990.0704823920023,-2.2,0.2579,4.4,0.24603615799473094,long_nclose,1.0825590951768163,0.0005439949086503255,14.0
1702504680000.0,499556,1702504680000.0,0.016609378807376705,-7.2212e-05,1990.0334986539863,1990.068490180002,-1.4,0.2579,3.0,0.24603615799473094,long_nclose,0.7381084739841928,0.00037090253731077025,5.0
1702504800000.0,499558,1702504800000.0,0.011863842005269076,-5.1580000000000004e-05,1990.0453109159916,1990.0694386000023,-1.0,0.2579,2.0,0.24603615799473094,long_nclose,0.4920723159894619,0.00024726689050259235,2.0
1702505100000.0,499563,1702505100000.0,0.007118305203161445,-3.0948e-05,1990.052398273195,1990.0692876520022,-0.6,0.2579,1.4,0.24603615799473094,long_nclose,0.3444506211926233,0.00017308620692174209,5.0
1702506900000.0,499593,1702506900000.0,0.004745536802107631,-2.0632000000000005e-05,1990.057123177997,1990.0690870200024,-0.4,0.2579,1.0,0.24603615799473094,long_nclose,0.24603615799473094,0.00012363271140771405,30.0
1702507200000.0,499598,1702507200000.0,0.0035591526015807226,-1.5474e-05,1990.0606668565986,1990.0689715460023,-0.3,0.2579,0.7,0.24603615799473094,long_nclose,0.17222531059631166,8.654274387943673e-05,5.0
1702507260000.0,499599,1702507260000.0,0.0023727684010538155,-1.0316000000000003e-05,1990.0630293089996,1990.0689112300022,-0.2,0.2579,0.5,0.24603615799473094,long_nclose,0.12301807899736547,6.181617224459492e-05,1.0
1702507740000.0,499607,1702507740000.0,0.0011863842005269078,-5.158000000000001e-06,1990.0642105352001,1990.0691960720021,-0.1,0.2579,0.4,0.24603615799473094,long_nclose,0.09841446319789238,4.945290844229854e-05,8.0
1702508580000.0,499621,1702508580000.0,0.0011863842005269078,-5.158000000000001e-06,1990.0653917614006,1990.0690409140022,-0.1,0.2579,0.3,0.24603615799473094,long_nclose,0.07381084739841928,3.708965931671699e-05,14.0
1702509900000.0,499643,1702509900000.0,0.0011863842005269078,-5.158000000000001e-06,1990.0665729876011,1990.0690057560023,-0.1,0.2579,0.2,0.24603615799473094,long_nclose,0.04920723159894619,2.4726424867824143e-05,22.0
1702510200000.0,499648,1702510200000.0,0.0011863842005269078,-5.158000000000001e-06,1990.0677542138017,1990.0689505980022,-0.1,0.2579,0.1,0.24603615799473094,long_nclose,0.024603615799473094,1.2363205095593856e-05,5.0
1702510380000.0,499651,1702510380000.0,0.0011863842005269078,-5.158000000000001e-06,1990.0689354400022,1990.0689354400022,-0.1,0.2579,0.0,0.24603615799473094,long_nclose,0.0,0.0,3.0
1702559700000.0,500473,1702559700000.0,0.0,-0.019902996000000003,1990.0490324440023,1990.6962224440022,380.7,0.2614,380.7,0.2614,long_ientry_normal,99.51498000000001,0.05000629551211837,822.0
1702560600000.0,500488,1702560600000.0,0.0,-0.01989836,1990.0291340840022,1990.6105140840023,391.7,0.254,772.4,0.2576473070947696,long_rentry,199.00678000000002,0.10000194298240844,15.0
1702560960000.0,500494,1702560960000.0,0.27053202744691585,-0.005737806,1990.293928305449,1992.248906278002,-110.3,0.2601,662.1,0.2576473070947696,long_nclose,170.58828202744695,0.08571009517809616,6.0
1702561500000.0,500503,1702561500000.0,0.5462820274469161,-0.005792956,1990.834417376896,1993.181053322002,-110.3,0.2626,551.8,0.2576473070947696,long_nclose,142.16978405489385,0.07141215904947805,9.0
1702561980000.0,500511,1702561980000.0,0.45515247799067626,-0.004826588000000001,1991.2847432668866,1993.7924367340022,-91.9,0.2626,459.9,0.2576473070947696,long_nclose,118.49199653288453,0.059505300250775515,8.0
1702562520000.0,500520,1702562520000.0,0.37937627654065065,-0.004023032,1991.6600965114271,1993.558463702002,-76.6,0.2626,383.3,0.2576473070947696,long_nclose,98.75621280942518,0.049584872932085966,9.0
1702562580000.0,500521,1702562580000.0,0.31598180735370124,-0.0033507759999999998,1991.9727275427808,1993.2995129260019,-63.8,0.2626,319.5,0.2576473070947696,long_nclose,82.31831461677888,0.04132502090945969,1.0
1702562760000.0,500524,1702562760000.0,0.2634832625582587,-0.002794064,1992.2334167413392,1993.712098862002,-53.2,0.2626,266.3,0.2576473070947696,long_nclose,68.61147787933714,0.03443947747426289,3.0
1702563300000.0,500533,1702563300000.0,0.0,-0.006001744000000001,1992.227414997339,1993.264867118002,114.8,0.2614,381.1,0.2587777430578251,long_ientry_partial,98.62019787933714,0.04950248005671022,9.0
1702563600000.0,500538,1702563600000.0,0.3189133158281059,-0.0033502599999999994,1992.5429780531672,1994.169806858002,-63.5,0.2638,317.6,0.2587777430578251,long_nclose,82.18781119516525,0.041247698092548864,5.0
1702564020000.0,500545,1702564020000.0,0.265677392241052,-0.002791004,1992.8058644414082,1994.294075854002,-52.9,0.2638,264.7,0.2587777430578251,long_nclose,68.4984685874063,0.03437287585793346,7.0
1702565640000.0,500572,1702565640000.0,0.22148153114991292,-0.0023267160000000004,1993.0250192565582,1994.1329291380018,-44.1,0.2638,220.6,0.2587777430578251,long_nclose,57.08637011855621,0.02864307751633277,27.0
1702566480000.0,500586,1702566480000.0,0.1843168297778187,-0.001936292,1993.207399794336,1994.094212846002,-36.7,0.2638,183.9,0.2587777430578251,long_nclose,47.58922694833404,0.02387570252510823,14.0
1702566600000.0,500588,1702566600000.0,0.15368106243055182,-0.001614456,1993.3594664007665,1994.114048390002,-30.6,0.2638,153.3,0.2587777430578251,long_nclose,39.67062801076459,0.019901391936294532,2.0
1702566900000.0,500593,1702566900000.0,0.12806755202545986,-0.00134538,1993.486188572792,1994.128033010002,-25.5,0.2638,127.8,0.2587777430578251,long_nclose,33.071795562790044,0.016589929617956033,5.0
1702567140000.0,500597,1702567140000.0,0.10697407286832529,-0.001123788,1993.59203885766,1994.1482092220017,-21.3,0.2638,106.5,0.2587777430578251,long_nclose,27.55982963565837,0.013824207309460523,4.0
1702567500000.0,500603,1702567500000.0,0.16022407286832535,-0.001134438,1993.7511284925283,1994.3664647840017,-21.3,0.2663,85.2,0.2587777430578251,long_nclose,22.047863708526698,0.011058483375102613,6.0
1702567800000.0,500608,1702567800000.0,0.12787836801697328,-0.00090542,1993.8781014405454,1994.3842993640017,-17.0,0.2663,68.2,0.2587777430578251,long_nclose,17.64864207654367,0.00885141476993644,5.0
1702568640000.0,500622,1702568640000.0,0.10230269441357862,-0.0007243359999999999,1993.9796797989588,1994.4013150280016,-13.6,0.2663,54.6,0.2587777430578251,long_nclose,14.12926477095725,0.007085962266366636,14.0
1702568820000.0,500625,1702568820000.0,0.0819926006697064,-0.0005805340000000001,1994.0610918656287,1994.4029244940018,-10.9,0.2663,43.7,0.2587777430578251,long_nclose,11.308587371626956,0.005671133857311626,3.0
1702569060000.0,500629,1702569060000.0,0.0654436353969216,-0.000463362,1994.1260721390256,1994.3893511320018,-8.7,0.2663,35.0,0.2587777430578251,long_nclose,9.057221007023879,0.004541950046973976,4.0
1702569120000.0,500630,1702569120000.0,0.05265579859522429,-0.00037282,1994.1783551176209,1994.3945783120018,-7.0,0.2663,28.0,0.2587777430578251,long_nclose,7.245776805619102,0.0036334647736118524,1.0
1702569960000.0,500644,1702569960000.0,0.04212463887617943,-0.00029825599999999994,1994.2201815004971,1994.3931600560018,-5.6,0.2663,22.4,0.2587777430578251,long_nclose,5.7966214444952815,0.00290671085282758,14.0
1702571400000.0,500668,1702571400000.0,0.03309793054556956,-0.00023434400000000002,1994.2530450870427,1994.3812457120018,-4.4,0.2663,18.0,0.2587777430578251,long_nclose,4.657999375040852,0.002335711301289524,24.0
1702571580000.0,500671,1702571580000.0,0.027080124991829636,-0.000191736,1994.2799334760346,1994.3882539760018,-3.6,0.2663,14.4,0.2587777430578251,long_nclose,3.7263995000326813,0.0018685438475718693,3.0
1702571640000.0,500672,1702571640000.0,0.021062319438089713,-0.00014912799999999997,1994.3008466674726,1994.3892648480019,-2.8,0.2663,11.6,0.2587777430578251,long_nclose,3.001821819470771,0.0015052000927978802,1.0
1702574820000.0,500725,1702574820000.0,0.017301190967002264,-0.000122498,1994.3180253604394,1994.3861223500016,-2.3,0.2663,9.3,0.2587777430578251,long_nclose,2.4066330104377736,0.0012067448520417475,53.0
1702574940000.0,500727,1702574940000.0,0.013540062495914818,-9.5868e-05,1994.3314695549352,1994.3856364820015,-1.8,0.2663,7.5,0.2587777430578251,long_nclose,1.940833072933688,0.0009731747718782244,2.0
1702575060000.0,500729,1702575060000.0,0.011283385413262348,-7.989e-05,1994.3426730503484,1994.3926065920014,-1.5,0.2663,6.0,0.2587777430578251,long_nclose,1.5526664583469505,0.0007785354439476272,2.0
1702575780000.0,500741,1702575780000.0,0.009026708330609878,-6.3912e-05,1994.3516358466788,1994.3882226800013,-1.2,0.2663,4.8,0.2587777430578251,long_nclose,1.2421331666775604,0.0006228255561112356,12.0
1702576260000.0,500749,1702576260000.0,0.006770031247957409,-4.7934e-05,1994.3583579439269,1994.3876947460014,-0.9,0.2663,3.9,0.2587777430578251,long_nclose,1.0092331979255178,0.0005060440586846095,8.0
1702578840000.0,500792,1702578840000.0,0.005265579859522428,-3.728199999999999e-05,1994.3635862417864,1994.3879774640013,-0.7,0.2663,3.2,0.2587777430578251,long_nclose,0.8280887777850403,0.0004152145493919217,43.0
1702580160000.0,500814,1702580160000.0,0.004513354165304939,-3.1956e-05,1994.3680676399517,1994.3881455080013,-0.6,0.2663,2.6,0.2587777430578251,long_nclose,0.6728221319503452,0.00033736106331993854,22.0
1702580280000.0,500816,1702580280000.0,0.0037611284710874493,-2.663e-05,1994.3718021384227,1994.3880188780013,-0.5,0.2663,2.1,0.2587777430578251,long_nclose,0.5434332604214327,0.00027248342552714993,2.0
1702580460000.0,500819,1702580460000.0,0.00300890277686996,-2.1304e-05,1994.3747897371995,1994.3877475740012,-0.4,0.2663,1.7,0.2587777430578251,long_nclose,0.43992216319830263,0.00022058149023046543,3.0
1702580760000.0,500824,1702580760000.0,0.0022566770826524694,-1.5978e-05,1994.3770304362822,1994.3878415960012,-0.3,0.2663,1.4,0.2587777430578251,long_nclose,0.3622888402809551,0.00018165514080439554,5.0
1702580880000.0,500826,1702580880000.0,0.00150445138843498,-1.0652e-05,1994.3785242356707,1994.3876709440015,-0.2,0.2663,1.2,0.2587777430578251,long_nclose,0.3105332916693901,0.00015570428978039635,2.0
1702581660000.0,500839,1702581660000.0,0.00150445138843498,-1.0652e-05,1994.3800180350593,1994.3876402920014,-0.2,0.2663,1.0,0.2587777430578251,long_nclose,0.2587777430578251,0.00012975347763099983,13.0
1702581780000.0,500841,1702581780000.0,0.00150445138843498,-1.0652e-05,1994.3815118344478,1994.3875296400015,-0.2,0.2663,0.8,0.2587777430578251,long_nclose,0.20702219444626008,0.00010380270435611862,2.0
1702582020000.0,500845,1702582020000.0,0.00075222569421749,-5.326e-06,1994.382258734142,1994.3875243140014,-0.1,0.2663,0.7,0.2587777430578251,long_nclose,0.18114442014047755,9.082733229659396e-05,4.0
1702582080000.0,500846,1702582080000.0,0.00075222569421749,-5.326e-06,1994.383005633836,1994.3876389880013,-0.1,0.2663,0.6,0.2587777430578251,long_nclose,0.15526664583469504,7.785196995566538e-05,1.0
1702583100000.0,500863,1702583100000.0,0.00075222569421749,-5.326e-06,1994.3837525335302,1994.3876136620013,-0.1,0.2663,0.5,0.2587777430578251,long_nclose,0.12938887152891254,6.487661733332197e-05,17.0
1702583340000.0,500867,1702583340000.0,0.00075222569421749,-5.326e-06,1994.3844994332244,1994.3876683360013,-0.1,0.2663,0.4,0.2587777430578251,long_nclose,0.10351109722313004,5.190127442955278e-05,4.0
1702584060000.0,500879,1702584060000.0,0.00075222569421749,-5.326e-06,1994.3852463329185,1994.387533010001,-0.1,0.2663,0.3,0.2587777430578251,long_nclose,0.07763332291734752,3.8925941244346906e-05,12.0
1702587420000.0,500935,1702587420000.0,0.00075222569421749,-5.326e-06,1994.3859932326127,1994.3874976840011,-0.1,0.2663,0.2,0.2587777430578251,long_nclose,0.05175554861156502,2.5950617777693436e-05,56.0
1702587480000.0,500936,1702587480000.0,0.00075222569421749,-5.326e-06,1994.3867401323068,1994.387512358001,-0.1,0.2663,0.1,0.2587777430578251,long_nclose,0.02587777430578251,1.2975304029581438e-05,1.0
1702591020000.0,500995,1702591020000.0,0.00075222569421749,-5.326e-06,1994.387487032001,1994.387487032001,-0.1,0.2663,0.0,0.2587777430578251,long_nclose,0.0,0.0,59.0
1702599600000.0,501138,1702599600000.0,0.0,-0.019945254,1994.367541778001,1994.329951778001,375.9,0.2653,375.9,0.2653,long_ientry_normal,99.72626999999999,0.050003957601061286,143.0
1702628820000.0,501625,1702628820000.0,0.0,-0.019943408,1994.347598370001,1991.757158370001,386.8,0.2578,762.7,0.2614964074996722,long_rentry,199.44331,0.10000428719798238,487.0
1702645200000.0,501898,1702645200000.0,0.0,-0.019943104,1994.3276552660009,1988.3050652660008,393.2,0.2536,1155.9,0.2588103036594861,long_rentry,299.15883,0.15000485462359925,273.0
1702655220000.0,502065,1702655220000.0,0.0,-0.02868225,1994.298973016001,1985.038773016001,572.5,0.2505,1728.4,0.2560576718352233,long_rentry,442.57008,0.22191761916754954,167.0
1702686960000.0,502594,1702686960000.0,0.0,-0.04232064000000001,1994.2566523760008,1978.688612376001,856.0,0.2472,2584.4,0.2531238507970902,long_rentry,654.17328,0.32802863122988896,529.0
1702726020000.0,503245,1702726020000.0,0.914194285714292,-0.018873504,1995.151973157715,2001.080178872001,-369.2,0.2556,2215.2,0.2531238507970902,long_nclose,560.7199542857142,0.2810412248437727,651.0
1702728360000.0,503284,1702728360000.0,0.7834536078006553,-0.016174367999999998,1995.9192523975157,2000.810844504001,-316.4,0.2556,1898.8,0.2531238507970902,long_nclose,480.6315678935149,0.24080712048655076,39.0
1702728540000.0,503287,1702728540000.0,0.6715316638291332,-0.013863744,1996.576920317345,2000.607100760001,-271.2,0.2556,1627.6,0.2531238507970902,long_nclose,411.984379557344,0.2063453580800991,3.0
1702728600000.0,503288,1702728600000.0,0.5757046896765246,-0.0118854,1997.1407396070215,2001.153255360001,-232.5,0.2556,1395.1,0.2531238507970902,long_nclose,353.1330842470205,0.17681932837467765,1.0
1702729020000.0,503295,1702729020000.0,0.4934965361399198,-0.010188216,1997.6240479271614,2001.063347144001,-199.3,0.2556,1195.8,0.2531238507970902,long_nclose,302.6855007831605,0.15152275579443625,7.0
1702731480000.0,503336,1702731480000.0,0.9718165361399225,-0.01028388,1998.5855805833012,2003.1457132640007,-199.3,0.258,996.5,0.2531238507970902,long_nclose,252.2379173193004,0.12620821433410073,41.0
1702731840000.0,503342,1702731840000.0,0.8094407676830262,-0.008565600000000001,1999.3864557509842,2003.4360976640007,-166.0,0.258,830.5,0.2531238507970902,long_nclose,210.21935808698342,0.1051419336578548,6.0
1702731900000.0,503343,1702731900000.0,0.6748590496827158,-0.007141440000000001,2000.054173360667,2003.498166224001,-138.4,0.258,692.1,0.2531238507970902,long_nclose,175.18701713666613,0.08759113601523177,1.0
1702733940000.0,503377,1702733940000.0,0.5622200030954995,-0.00594948,2000.6104438837624,2003.5383667440008,-115.3,0.258,576.8,0.2531238507970902,long_nclose,146.00183713976162,0.07297864388647793,34.0
1702734060000.0,503379,1702734060000.0,0.46859793839963143,-0.00495876,2001.0740830621621,2003.5622579840008,-96.1,0.258,480.7,0.2531238507970902,long_nclose,121.67663507816125,0.0608056623730614,2.0
1702737240000.0,503432,1702737240000.0,0.3905795511530747,-0.00413316,2001.460529453315,2003.4539748240006,-80.1,0.258,400.6,0.2531238507970902,long_nclose,101.40141462931435,0.05066370939476455,53.0
1702737360000.0,503434,1702737360000.0,0.3252391518340834,-0.00344172,2001.7823268851491,2003.4104731040006,-66.7,0.258,333.9,0.2531238507970902,long_nclose,84.51805378114841,0.04222140072175668,2.0
1702737420000.0,503435,1702737420000.0,0.2711138956817847,-0.0028689600000000003,2002.050571820831,2003.4076041440007,-55.6,0.258,278.3,0.2531238507970902,long_nclose,70.44436767683021,0.03518610801762228,1.0
1702738380000.0,503451,1702738380000.0,0.22576570809472357,-0.00238908,2002.2739484489257,2003.4284150640008,-46.3,0.258,232.0,0.2531238507970902,long_nclose,58.72473338492493,0.02932902035229316,16.0
1702738800000.0,503458,1702738800000.0,0.18821935923231814,-0.00199176,2002.460176048158,2003.4612433040008,-38.6,0.258,193.4,0.2531238507970902,long_nclose,48.95415274415725,0.024447004404735753,7.0
1702739280000.0,503466,1702739280000.0,0.15701200433369544,-0.0016615200000000003,2002.6155265324917,2003.4176817840007,-32.2,0.258,161.2,0.2531238507970902,long_nclose,40.80356474849094,0.02037513651916097,8.0
1702741020000.0,503495,1702741020000.0,0.13068079863798254,-0.0013828800000000002,2002.7448244511297,2003.3867389040008,-26.8,0.258,134.4,0.2531238507970902,long_nclose,34.019845547128924,0.01698661014213449,29.0
1702743900000.0,503543,1702743900000.0,0.10922574214517944,-0.00115584,2002.852894353275,2003.4214230640007,-22.4,0.258,112.0,0.2531238507970902,long_nclose,28.349871289274105,0.014154744649096326,48.0
1702744380000.0,503551,1702744380000.0,0.09069637517412221,-0.0009597600000000003,2002.942630968449,2003.426083304001,-18.6,0.258,93.4,0.2531238507970902,long_nclose,23.641767664448228,0.011803517134695527,8.0
1702745400000.0,503568,1702745400000.0,0.13533637517412248,-0.0009686880000000002,2003.0769986556231,2003.6287346160009,-18.6,0.2604,74.8,0.2531238507970902,long_nclose,18.933664039622347,0.009452289678494529,17.0
1702749660000.0,503639,1702749660000.0,0.060464250116081475,-0.0006398400000000001,2003.1368230657392,2003.4473347760008,-12.4,0.258,62.4,0.2531238507970902,long_nclose,15.79492828973843,0.007885097067690453,71.0
1702751280000.0,503666,1702751280000.0,0.0,-0.016840402,2003.1199826637392,2003.3982443740008,329.3,0.2557,391.7,0.2552896050286914,long_ientry_partial,99.99693828973842,0.049920593451802615,27.0
1702757160000.0,503764,1702757160000.0,0.14033107889614851,-0.0028822039999999998,2003.2574315386355,2004.0332621700009,-55.9,0.2578,335.8,0.2552896050286914,long_nclose,85.72624936863458,0.04279342635598816,98.0
1702757220000.0,503765,1702757220000.0,0.12024791912568004,-0.002469724,2003.375209733761,2004.126742446001,-47.9,0.2578,287.9,0.2552896050286914,long_nclose,73.49787728776025,0.0366870254411942,1.0
1702757520000.0,503770,1702757520000.0,0.10317723332078184,-0.0021191160000000003,2003.476267851082,2004.120513330001,-41.1,0.2578,246.8,0.2552896050286914,long_nclose,63.00547452108104,0.03144807629224397,5.0
1702757760000.0,503774,1702757760000.0,0.08836590299006133,-0.0018149120000000001,2003.562818842072,2004.1151784180008,-35.2,0.2578,211.6,0.2552896050286914,long_nclose,54.0192804240711,0.026961610545004375,4.0
1702758060000.0,503779,1702758060000.0,0.07581392813351852,-0.001557112,2003.6370756582055,2004.1287413060008,-30.2,0.2578,181.4,0.2552896050286914,long_nclose,46.30953435220462,0.023112735791730992,5.0
1702758360000.0,503784,1702758360000.0,0.06501922975689171,-0.0013354039999999999,2003.7007594839624,2004.106675902001,-25.9,0.2578,155.5,0.2552896050286914,long_nclose,39.697533581961515,0.019812106869782943,5.0
1702758660000.0,503789,1702758660000.0,0.05573076836305004,-0.0011446319999999998,2003.7553456203254,2004.1166412700009,-22.2,0.2578,133.3,0.2552896050286914,long_nclose,34.03010435032457,0.016983163351107358,5.0
1702759020000.0,503795,1702759020000.0,0.04769750445486265,-0.00097964,2003.8020634847803,2004.111861630001,-19.0,0.2578,114.3,0.2552896050286914,long_nclose,29.179601854779428,0.014562117879065183,6.0
1702760460000.0,503819,1702760460000.0,0.04091943803232954,-0.000840428,2003.8421424948126,2004.0979612020008,-16.3,0.2578,98.0,0.2552896050286914,long_nclose,25.018381292811757,0.012485205676762296,24.0
1702763400000.0,503868,1702763400000.0,0.0,-0.015025692000000002,2003.8271168028125,2003.9163055100007,293.7,0.2558,391.7,0.2556723035302828,long_ientry_partial,100.14684129281177,0.04997778523558465,49.0
1702767180000.0,503931,1702767180000.0,0.13570823265719084,-0.0028855580000000003,2003.9599394774698,2004.8758999520007,-55.9,0.2581,335.8,0.2556723035302828,long_nclose,85.85475952546896,0.04284255280465112,63.0
1702768680000.0,503956,1702768680000.0,0.11628666089945335,-0.002472598,2004.0737535403694,2004.801477354001,-47.9,0.2581,287.9,0.2556723035302828,long_nclose,73.60805618636842,0.03672921520794004,25.0
1702769160000.0,503964,1702769160000.0,0.09977832490537646,-0.0021215820000000003,2004.1714102832748,2004.819925772001,-41.1,0.2581,246.8,0.2556723035302828,long_nclose,63.0999245112738,0.03148429529905084,8.0
1702769280000.0,503966,1702769280000.0,0.08545491573404505,-0.001817024,2004.2550481750088,2004.789908748001,-35.2,0.2581,211.6,0.2556723035302828,long_nclose,54.10025942700784,0.026992702089621422,2.0
1702769400000.0,503968,1702769400000.0,0.0733164333854591,-0.0015589240000000002,2004.3268056843945,2004.785329824001,-30.2,0.2581,181.4,0.2556723035302828,long_nclose,46.378955860393305,0.02313941804742606,2.0
1702771020000.0,503995,1702771020000.0,0.06287733856567519,-0.001336958,2004.3883460649602,2004.7814028660011,-25.9,0.2581,155.5,0.2556723035302828,long_nclose,39.757043198958975,0.019835000176991895,27.0
1702774980000.0,504061,1702774980000.0,0.05389486162772159,-0.0011459640000000002,2004.4410949625878,2004.791366902001,-22.2,0.2581,133.3,0.2556723035302828,long_nclose,34.081118060586704,0.01700280349781135,66.0
1702777200000.0,504098,1702777200000.0,0.0,-0.01320462,2004.427890342588,2004.4600822820012,257.4,0.2565,390.7,0.2562176044550466,long_ientry_partial,100.1042180605867,0.04994154119631479,37.0
1702779480000.0,504136,1702779480000.0,0.13851767140839896,-0.002887092,2004.5635209219963,2005.4618551900012,-55.8,0.2587,334.9,0.2562176044550466,long_nclose,85.8072757319951,0.04280596490777611,38.0
1702806660000.0,504589,1702806660000.0,0.11865850704877186,-0.0024731719999999996,2004.6797062570452,2005.4498220180012,-47.8,0.2587,287.1,0.2562176044550466,long_nclose,73.56007423904389,0.036694178132021166,453.0
1702806960000.0,504594,1702806960000.0,0.23815850704877195,-0.002497072,2004.915367692094,2006.2273049460014,-47.8,0.2612,239.3,0.2562176044550466,long_nclose,61.31287274609265,0.030581277261928202,5.0
1702807440000.0,504602,1702807440000.0,0.19829934268914484,-0.002079152,2005.111587882783,2006.085625794001,-39.8,0.2612,199.5,0.2562176044550466,long_nclose,51.115412088781795,0.025492552333586112,8.0
1702808460000.0,504619,1702808460000.0,0.07074827303117151,-0.00147459,2005.180861565814,2005.622451204001,-28.5,0.2587,171.0,0.2562176044550466,long_nclose,43.81321036181297,0.0218500042572718,17.0
1702808640000.0,504622,1702808640000.0,0.06057045129686262,-0.001262456,2005.2401695611109,2005.604088748001,-24.4,0.2587,146.6,0.2562176044550466,long_nclose,37.56150081310983,0.01873167183825714,3.0
1702810260000.0,504649,1702810260000.0,0.05188206688952577,-0.0010813659999999998,2005.2909702620002,2005.6281473820009,-20.9,0.2587,125.7,0.2562176044550466,long_nclose,32.20655287999936,0.016060787864511965,27.0
1702810440000.0,504652,1702810440000.0,0.04443488025466561,-0.000926146,2005.3344789962548,2005.634421236001,-17.9,0.2587,107.8,0.2562176044550466,long_nclose,27.620257760254024,0.01377339194510783,3.0
1702810800000.0,504658,1702810800000.0,0.03822889139228215,-0.000796796,2005.371911091647,2005.6012844400007,-15.4,0.2587,92.4,0.2562176044550466,long_nclose,23.674506651646308,0.011805544159017776,6.0
1702810860000.0,504659,1702810860000.0,0.0327676211933847,-0.0006829679999999999,2005.4039957448404,2005.5768414720008,-13.2,0.2587,79.2,0.2562176044550466,long_nclose,20.292434272839692,0.010118875955117833,1.0
1702812060000.0,504679,1702812060000.0,0.028051069657973268,-0.000584662,2005.4314621524984,2005.6407568100008,-11.3,0.2587,67.9,0.2562176044550466,long_nclose,17.397175342497665,0.00867502862642071,20.0
1702812720000.0,504690,1702812720000.0,0.024079236786047845,-0.000501878,2005.4550395112844,2005.6111549320008,-9.7,0.2587,58.2,0.2562176044550466,long_nclose,14.911864579283712,0.007435651403542624,11.0
1702813320000.0,504700,1702813320000.0,0.02060388302311311,-0.0004294420000000001,2005.4752139523075,2005.6090654900006,-8.3,0.2587,49.9,0.2562176044550466,long_nclose,12.785258462306825,0.006375176503483265,10.0
1702813920000.0,504710,1702813920000.0,0.017625008369169044,-0.00036735399999999997,2005.4924716066766,2005.5987181360006,-7.1,0.2587,42.8,0.2562176044550466,long_nclose,10.966113470675994,0.005468040207545941,10.0
1702814100000.0,504713,1702814100000.0,0.015142612824215656,-0.000315614,2005.5072986055009,2005.5984025220007,-6.1,0.2587,36.7,0.2562176044550466,long_nclose,9.403186083500211,0.004688682055676673,3.0
1702817340000.0,504767,1702817340000.0,0.012908456833757609,-0.00026904800000000003,2005.5199380143345,2005.5949834740004,-5.2,0.2587,31.5,0.2562176044550466,long_nclose,8.070854540333968,0.004024320270944263,54.0
1702817460000.0,504769,1702817460000.0,0.011170779952290238,-0.00023283,2005.5308759642867,2005.6006006440005,-4.5,0.2587,27.0,0.2562176044550466,long_nclose,6.917875320286258,0.0034493985623432746,2.0
1702818900000.0,504793,1702818900000.0,0.009433103070822868,-0.000196612,2005.5401124553575,2005.5907440320004,-3.8,0.2587,23.2,0.2562176044550466,long_nclose,5.944248423357081,0.0029639140032355735,24.0
1702819980000.0,504811,1702819980000.0,0.008191905298346175,-0.00017074199999999999,2005.548133618656,2005.6015132900006,-3.3,0.2587,19.9,0.2562176044550466,long_nclose,5.098730328655427,0.0025423126192716562,18.0
1702821120000.0,504830,1702821120000.0,0.0,-0.019032300000000002,2005.529101318656,2005.5738109900008,371.0,0.2565,390.9,0.25648562376222933,long_ientry_partial,100.26023032865544,0.04999190999658559,19.0
1702822200000.0,504848,1702822200000.0,0.14030219406760377,-0.00289044,2005.6665130727235,2006.5090805500006,-55.8,0.259,335.1,0.25648562376222933,long_nclose,85.94833252272305,0.042852753417639895,18.0
1702822260000.0,504849,1702822260000.0,0.12018718416543835,-0.00247604,2005.784224216889,2006.5640645100004,-47.8,0.259,287.3,0.25648562376222933,long_nclose,73.68831970688849,0.036737909699962046,1.0
1702822440000.0,504852,1702822440000.0,0.10308942574859775,-0.0021238,2005.8851898426376,2006.5291107100006,-41.0,0.259,246.3,0.25648562376222933,long_nclose,63.172409132637085,0.031493531859414635,3.0
1702823220000.0,504865,1702823220000.0,0.0,-0.00742311,2005.8777667326376,2005.8813076000006,144.7,0.2565,391.0,0.25649094407324063,long_ientry_partial,100.28795913263708,0.04999704408509176,13.0
1702825560000.0,504904,1702825560000.0,0.14000532071317304,-0.00289044,2006.0148816133508,2006.9229571600006,-55.8,0.259,335.2,0.25649094407324063,long_nclose,85.97576445335025,0.042858986362156834,39.0
1702826340000.0,504917,1702826340000.0,0.27392532071317377,-0.0029172240000000004,2006.285889710064,2007.7133599360006,-55.8,0.2614,279.4,0.25649094407324063,long_nclose,71.66356977406343,0.03571952040415327,13.0
1702826460000.0,504919,1702826460000.0,0.2282711005943115,-0.0024310200000000003,2006.5117297906586,2007.678338916001,-46.5,0.2614,232.9,0.25649094407324063,long_nclose,59.73674087465775,0.029771438655327543,2.0
1702827360000.0,504934,1702827360000.0,0.3445211005943116,-0.0024542700000000006,2006.853796621253,2008.328044646001,-46.5,0.2639,186.4,0.25649094407324063,long_nclose,47.80991197525206,0.023823315906592205,15.0
1702827660000.0,504939,1702827660000.0,0.46176200618698765,-0.002482848,2007.31307577944,2008.740301798001,-46.6,0.2664,139.8,0.25649094407324063,long_nclose,35.857433981439044,0.017863398796182105,5.0
1702827840000.0,504942,1702827840000.0,0.5736020061869856,-0.002505216,2007.884172569627,2009.208456582001,-46.6,0.2688,93.2,0.25649094407324063,long_nclose,23.90495598762603,0.01190554530694528,3.0
1702827900000.0,504943,1702827900000.0,0.6901020061869858,-0.002528516,2008.5717460598141,2009.2385480660012,-46.6,0.2713,46.6,0.25649094407324063,long_nclose,11.952477993813014,0.005950734902678989,1.0
1702827960000.0,504944,1702827960000.0,0.3450510030934929,-0.001264258,2008.9155328049076,2009.335143808001,-23.3,0.2713,23.3,0.25649094407324063,long_nclose,5.976238996906507,0.0029748582751820854,1.0
1702827960000.0,504944,1702827960000.0,0.4033010030934929,-0.001275908,2009.317557900001,2009.317557900001,-23.3,0.2738,0.0,0.25649094407324063,long_nclose,0.0,0.0,0.0
1702855560000.0,505404,1702855560000.0,0.0,-0.020091672000000005,2009.297466228001,2009.469366228001,343.8,0.2922,343.8,0.2922,long_ientry_normal,100.45836000000001,0.04999675841357016,460.0
1702863300000.0,505533,1702863300000.0,0.0,-0.02009016,2009.2773760680009,2006.3187160680009,353.7,0.284,697.5,0.2880418064516129,long_rentry,200.90916,0.09999075408551286,129.0
1702865760000.0,505574,1702865760000.0,0.0,-0.020094448,2009.2572816200009,2002.2782316200007,359.6,0.2794,1057.1,0.28510207170560975,long_rentry,301.38140000000004,0.1499964204469652,41.0
1702867020000.0,505595,1702867020000.0,0.0,-0.028897200000000005,2009.2283844200008,1998.3421044200009,523.5,0.276,1580.6,0.28208743515120843,long_rentry,445.86740000000003,0.22190976568784018,21.0
1702867740000.0,505607,1702867740000.0,0.0,-0.042631287999999996,2009.1857531320009,1993.479393132001,782.8,0.2723,2363.4,0.27884566302784125,long_rentry,659.0238400000001,0.3280054315399593,12.0
1702876440000.0,505752,1702876440000.0,0.8961041618007846,-0.01900688,2010.0628504138017,2015.642586252001,-337.6,0.2815,2025.8,0.27884566302784125,long_nclose,564.8855441618008,0.28102879670927233,145.0
1702876620000.0,505755,1702876620000.0,0.768165119742734,-0.016293219999999997,2010.8147223135443,2016.1182730320006,-289.4,0.2815,1736.4,0.27884566302784125,long_nclose,484.1876092815436,0.24079175664899707,3.0
1702887240000.0,505932,1702887240000.0,0.0,-0.046268000000000004,2010.7684543135442,1994.1917250320007,860.0,0.269,2596.4,0.2755845051923985,long_rentry,715.5276092815435,0.35584783904212247,177.0
1702891200000.0,505998,1702891200000.0,0.0,-0.068049828,2010.7004044855441,1986.4507652040006,1285.9,0.2646,3882.3,0.27194620438439676,long_rentry,1055.7767492815435,0.5250790952875317,66.0
1702894380000.0,506051,1702894380000.0,0.0,-0.09975486400000001,2010.600649621544,1960.7315003400006,1922.8,0.2594,5805.1,0.2677905754046517,long_rentry,1554.5510692815435,0.7731774430562116,53.0
1702940640000.0,506822,1702940640000.0,2.163995816922343,-0.044848544,2012.7197968944665,2025.2061917960007,-829.3,0.2704,4975.8,0.2677905754046517,long_nclose,1332.472345098466,0.6620257559717995,771.0
1702940820000.0,506825,1702940820000.0,1.8547790023735697,-0.038440063999999996,2014.53613583284,2026.9448317320007,-710.8,0.2704,4265.0,0.2677905754046517,long_nclose,1142.1268041008393,0.5669428231073486,3.0
1702950060000.0,506979,1702950060000.0,1.589661463486183,-0.032945536,2016.0928517603263,2025.6323861960007,-609.2,0.2704,3655.8,0.2677905754046517,long_nclose,978.9887855643257,0.4855871517571891,154.0
1702950120000.0,506980,1702950120000.0,1.362641523690881,-0.028240576,2017.4272527080172,2025.9175056200008,-522.2,0.2704,3133.6,0.2677905754046517,long_nclose,839.1485470880165,0.41594984203847607,1.0
1702950840000.0,506992,1702950840000.0,1.167978448877898,-0.024206208,2018.5710249488952,2026.9229394120007,-447.6,0.2704,2686.0,0.2677905754046517,long_nclose,719.2854855368944,0.3563339989758868,12.0
1702951380000.0,507001,1702951380000.0,1.0012362172351417,-0.020750496,2019.5515106701305,2025.789418916001,-383.7,0.2704,2302.3,0.2677905754046517,long_nclose,616.5342417541297,0.3052827513914465,9.0
1702952820000.0,507025,1702952820000.0,0.858239749410055,-0.017786912,2020.3919635075406,2025.344062004001,-328.9,0.2704,1973.4,0.2677905754046517,long_nclose,528.4579215035396,0.26156207857117986,24.0
1702953600000.0,507038,1702953600000.0,0.735596793428685,-0.015245151999999996,2021.1123151489692,2025.6953068520008,-281.9,0.2704,1691.5,0.2677905754046517,long_nclose,452.9677582969683,0.22411805365877535,13.0
1702957620000.0,507105,1702957620000.0,0.6304369822361486,-0.013065727999999999,2021.7296864032055,2026.093051124001,-241.6,0.2704,1449.9,0.2677905754046517,long_nclose,388.2695552792045,0.19204820401582093,67.0
1702957920000.0,507110,1702957920000.0,0.5404118336966324,-0.011199968,2022.2588982689022,2025.626171156001,-207.1,0.2704,1242.8,0.2677905754046517,long_nclose,332.8101271129011,0.16457345169690876,5.0
1702960380000.0,507151,1702960380000.0,0.4631728656743228,-0.009599199999999999,2022.7124719345766,2025.2792319560012,-177.5,0.2704,1065.3,0.2677905754046517,long_nclose,285.2772999785754,0.14103700053113755,41.0
1702962060000.0,507179,1702962060000.0,0.39689348095247606,-0.008225567999999999,2023.101139847529,2025.2101063880011,-152.1,0.2704,913.2,0.2677905754046517,long_nclose,244.54635345952792,0.12087697873471523,28.0
1703006580000.0,507921,1703006580000.0,0.0,-0.02347437,2023.077665477529,2014.9605120180013,452.3,0.2595,1365.5,0.26504445511499664,long_rentry,361.9182034595279,0.17889486381834005,742.0
1703008860000.0,507959,1703008860000.0,0.0,-0.03466713799999999,2023.042998339529,2013.756784880001,676.3,0.2563,2041.8,0.26214805243389555,long_rentry,535.253893459528,0.26457860455702276,38.0
1703051100000.0,508663,1703051100000.0,0.7441479102760548,-0.015437304,2023.7717089458051,2028.4131475760012,-291.6,0.2647,1750.2,0.26214805243389555,long_nclose,458.811521369804,0.22671110547780196,704.0
1703051280000.0,508666,1703051280000.0,0.63798689152611,-0.013235,2024.3964608373312,2028.2248925760011,-250.0,0.2647,1500.2,0.26214805243389555,long_nclose,393.27450826133014,0.19426753398821092,3.0
1703051340000.0,508667,1703051340000.0,0.5468823634161815,-0.011345042000000001,2024.9319981587475,2028.0849575340012,-214.3,0.2647,1285.9,0.26214805243389555,long_nclose,337.0961806247463,0.16647284004167293,1.0
1703051400000.0,508668,1703051400000.0,0.4687927678933856,-0.009725078,2025.391065848641,2028.0936024560012,-183.7,0.2647,1102.2,0.26214805243389555,long_nclose,288.9395833926397,0.1426586639314387,1.0
1703051580000.0,508671,1703051580000.0,0.40167654690483884,-0.008332756,2025.7844096395456,2028.4789297000011,-157.4,0.2647,944.8,0.26214805243389555,long_nclose,247.6774799395445,0.1222625066917237,3.0
1703052000000.0,508678,1703052000000.0,0.34425772666748894,-0.007141606000000001,2026.1215257602132,2028.0263680940013,-134.9,0.2647,809.9,0.26214805243389555,long_nclose,212.313707666212,0.10478823948457415,7.0
1703052840000.0,508692,1703052840000.0,0.2952603333982837,-0.006125158,2026.4106609356115,2028.1822229360012,-115.7,0.2647,694.2,0.26214805243389555,long_nclose,181.9831779996103,0.08980567537854695,14.0
1703053020000.0,508695,1703053020000.0,0.25289800380095,-0.005246354,2026.6583125854124,2028.2364865820011,-99.1,0.2647,595.1,0.26214805243389555,long_nclose,156.00430600341124,0.07697612618497897,3.0
1703053200000.0,508698,1703053200000.0,0.2169155431188774,-0.004499899999999999,2026.8707282285313,2028.3765166820012,-85.0,0.2647,510.1,0.26214805243389555,long_nclose,133.72172154653012,0.06597446974992915,3.0
1703055420000.0,508735,1703055420000.0,0.18578178281240323,-0.0038540319999999994,2027.0526559793439,2028.2123526500013,-72.8,0.2647,437.3,0.26214805243389555,long_nclose,114.63734332934253,0.056553707665752274,37.0
1703055600000.0,508738,1703055600000.0,0.15924152812491704,-0.003303456,2027.208594051469,2028.0903391940014,-62.4,0.2647,374.9,0.26214805243389555,long_nclose,98.27930485746744,0.04848011455054645,3.0
1703055780000.0,508741,1703055780000.0,0.13652919478658754,-0.0028322900000000003,2027.3422909562555,2028.1946269040016,-53.5,0.2647,321.4,0.26214805243389555,long_nclose,84.25438405225403,0.041559032447605566,3.0
1703056080000.0,508746,1703056080000.0,0.1171343932841938,-0.002429946,2027.4569954035398,2028.1325069580016,-45.9,0.2647,275.5,0.26214805243389555,long_nclose,72.22178844553822,0.035621859605048434,5.0
1703056260000.0,508749,1703056260000.0,0.10029153934790448,-0.002080542,2027.5552064008878,2028.2052164160016,-39.3,0.2647,236.2,0.26214805243389555,long_nclose,61.919369984886124,0.03053893170918841,3.0
1703056620000.0,508755,1703056620000.0,0.08600063297771963,-0.0017840780000000004,2027.6394229558655,2028.2169423380017,-33.7,0.2647,202.5,0.26214805243389555,long_nclose,53.08498061786385,0.02618068085324425,6.0
1703056800000.0,508758,1703056800000.0,0.07375128466041832,-0.001529966,2027.711644274526,2028.1373023720016,-28.9,0.2647,173.6,0.26214805243389555,long_nclose,45.508901902524265,0.022443478110422563,3.0
1703057940000.0,508777,1703057940000.0,0.06328829963939012,-0.001312912,2027.7736196621654,2028.1831094600018,-24.8,0.2647,148.8,0.26214805243389555,long_nclose,39.00763020216366,0.019236678998054268,19.0
1703059980000.0,508811,1703059980000.0,0.05410128840141413,-0.001122328,2027.8265986225667,2028.1267071320017,-21.2,0.2647,127.6,0.26214805243389555,long_nclose,33.45009149056507,0.016495538382466517,34.0
1703060100000.0,508813,1703060100000.0,0.04644544570310081,-0.0009635079999999999,2027.8720805602698,2028.1840836240017,-18.2,0.2647,109.4,0.26214805243389555,long_nclose,28.678996936268174,0.014142409282712059,2.0
1703070540000.0,508987,1703070540000.0,0.03981038203122926,-0.000825864,2027.911065078301,2028.1598177600015,-15.6,0.2647,93.8,0.26214805243389555,long_nclose,24.5894873182994,0.012125525493569888,174.0
1703070840000.0,508992,1703070840000.0,0.0341960973857995,-0.000709396,2027.9445517796867,2028.1577683640014,-13.4,0.2647,80.4,0.26214805243389555,long_nclose,21.076703415685206,0.01039313594505761,5.0
1703071020000.0,508995,1703071020000.0,0.029092202253590615,-0.000603516,2027.9730404659404,2028.1629248480015,-11.4,0.2647,69.0,0.26214805243389555,long_nclose,18.088215617938793,0.008919357041246911,3.0
1703072100000.0,509013,1703072100000.0,0.0,-0.016647900000000004,2027.9563925659404,2027.8609769480015,316.5,0.263,385.5,0.26284751133058054,long_ientry_partial,101.3277156179388,0.04996543120423338,18.0
1703077500000.0,509103,1703077500000.0,0.1403868768180716,-0.0029194000000000004,2028.0938600427585,2028.9705075480017,-55.0,0.2654,330.5,0.26284751133058054,long_nclose,86.87110249475687,0.04283386691626065,90.0
1703077620000.0,509105,1703077620000.0,0.12047746519659965,-0.0025053760000000006,2028.2118321319551,2028.9632821720018,-47.2,0.2654,283.3,0.26284751133058054,long_nclose,74.46469995995346,0.03671445890426538,2.0
1703079120000.0,509130,1703079120000.0,0.10312054224454714,-0.0021444320000000004,2028.3128082421997,2028.9570977400017,-40.4,0.2654,242.9,0.26284751133058054,long_nclose,63.845660502198015,0.031477225920359245,25.0
1703079540000.0,509137,1703079540000.0,0.0885713568288561,-0.0018418760000000003,2028.3995377230285,2028.9517858640017,-34.7,0.2654,208.2,0.26284751133058054,long_nclose,54.72485185902686,0.026979325739966406,7.0
1703079960000.0,509144,1703079960000.0,0.07580891348175867,-0.001576476,2028.4737701605102,2029.0186393880015,-29.7,0.2654,178.5,0.26284751133058054,long_nclose,46.91828077250862,0.02312984346294803,7.0
1703081820000.0,509175,1703081820000.0,0.06508846107019683,-0.00135354,2028.5375050815803,2028.9892358480015,-25.5,0.2654,153.0,0.26284751133058054,long_nclose,40.21566923357882,0.019824957208253093,31.0
1703082600000.0,509188,1703082600000.0,0.1288384610701969,-0.00136629,2028.6649772526505,2029.3474195580015,-25.5,0.2679,127.5,0.26284751133058054,long_nclose,33.51305769464902,0.016519759581019915,13.0
1703084520000.0,509220,1703084520000.0,0.046455293783434604,-0.0009660560000000001,2028.710466490434,2029.0331735020015,-18.2,0.2654,109.3,0.26284751133058054,long_nclose,28.729232988432454,0.014161327337228444,32.0
1703085840000.0,509242,1703085840000.0,0.09195529378343464,-0.0009751560000000001,2028.8014466282175,2029.2890583460016,-18.2,0.2679,91.1,0.26284751133058054,long_nclose,23.945408282215887,0.011802736202703397,22.0
1703086140000.0,509247,1703086140000.0,0.07629257890823424,-0.0008090580000000001,2028.8769301491257,2029.2685192880015,-15.1,0.2679,76.0,0.26284751133058054,long_nclose,19.976410861124123,0.009846043672868727,5.0
1703086380000.0,509251,1703086380000.0,0.06366135723468552,-0.0006751080000000001,2028.9399163983603,2029.2856041800014,-12.6,0.2679,63.4,0.26284751133058054,long_nclose,16.664532218358804,0.00821341828985285,4.0
1703087700000.0,509273,1703087700000.0,0.0530511310289046,-0.0005625900000000001,2028.9924049393892,2029.2491015900014,-10.5,0.2679,52.9,0.26284751133058054,long_nclose,13.90463334938771,0.006852974567838796,22.0
1703088120000.0,509280,1703088120000.0,0.04446190029089148,-0.00047150400000000014,2029.03639533568,2029.2592100860015,-8.8,0.2679,44.1,0.26284751133058054,long_nclose,11.591575249678602,0.005712847377368464,7.0
1703088840000.0,509292,1703088840000.0,0.016080678617342747,-0.000334404,2029.0521416102974,2029.1675256820015,-6.3,0.2654,37.8,0.26284751133058054,long_nclose,9.935635928295945,0.004896688322859372,12.0
1703089200000.0,509298,1703089200000.0,0.013783438814865214,-0.00028663200000000004,2029.0656384171123,2029.1677790500014,-5.4,0.2654,32.4,0.26284751133058054,long_nclose,8.516259367110809,0.004197133501188458,6.0
1703089680000.0,509306,1703089680000.0,0.011741447879329623,-0.000244168,2029.0771356969915,2029.1536548820013,-4.6,0.2654,27.8,0.26284751133058054,long_nclose,7.307160814990139,0.0036012237713575718,8.0
1703089920000.0,509310,1703089920000.0,0.009954705810735986,-0.00020701200000000002,2029.0868833908023,2029.1574478700015,-3.9,0.2654,23.9,0.26284751133058054,long_nclose,6.282055520800874,0.003096001246779017,4.0
1703091540000.0,509337,1703091540000.0,0.008678461476026245,-0.00018047200000000002,2029.0953813802782,2029.1538573980013,-3.4,0.2654,20.5,0.26284751133058054,long_nclose,5.388373982276901,0.0026555548012787335,27.0
1703094480000.0,509386,1703094480000.0,0.017178461476026252,-0.00018217200000000003,2029.1123776697543,2029.1936452260013,-3.4,0.2679,17.1,0.26284751133058054,long_nclose,4.494692443752927,0.0022151027677011466,49.0
1703099520000.0,509470,1703099520000.0,0.0,-0.019385382000000003,2029.0929922877542,2029.1280898440014,365.9,0.2649,383.0,0.2648083614719398,long_ientry_partial,101.42160244375295,0.049983713328684114,84.0
1703160360000.0,510484,1703160360000.0,0.1417626274848937,-0.0029253560000000005,2029.231829559239,2030.181154488001,-54.7,0.2674,328.3,0.2648083614719398,long_nclose,86.93658507123784,0.04284211582178906,1014.0
1703203200000.0,511198,1703203200000.0,0.12154784696602403,-0.0025082120000000005,2029.350869194205,2030.1364362760012,-46.9,0.2674,281.4,0.2648083614719398,long_nclose,74.51707291820385,0.03671965949771533,714.0
1703203800000.0,511208,1703203800000.0,0.10418386882802061,-0.0021498960000000005,2029.452903167033,2030.029766380001,-40.2,0.2674,241.2,0.2648083614719398,long_nclose,63.87177678703188,0.031472411450079826,10.0
1703203860000.0,511209,1703203860000.0,0.08915236536527135,-0.0018397120000000003,2029.540215820398,2030.096846668001,-34.4,0.2674,206.8,0.2648083614719398,long_nclose,54.762369152397156,0.026982647954211954,1.0
1703204100000.0,511213,1703204100000.0,0.07645333657777631,-0.0015776600000000003,2029.6150914969758,2030.0391290080008,-29.5,0.2674,177.3,0.2648083614719398,long_nclose,46.95052248897493,0.023132722399273158,4.0
1703204400000.0,511218,1703204400000.0,0.06556845475992341,-0.0013530440000000003,2029.6793069077355,2030.1036359640007,-25.3,0.2674,152.0,0.2648083614719398,long_nclose,40.25087094373485,0.019831148106376473,5.0
1703204940000.0,511227,1703204940000.0,0.12881845475992207,-0.001365694,2029.8067596684955,2030.4011902700008,-25.3,0.2699,126.7,0.2648083614719398,long_nclose,33.55121939849477,0.016529267743681325,9.0
1703205060000.0,511229,1703205060000.0,0.1074335729420694,-0.0011389780000000001,2029.9130542634375,2030.4718512920006,-21.1,0.2699,105.6,0.2648083614719398,long_nclose,27.963762971436843,0.013775842720309817,2.0
1703206020000.0,511245,1703206020000.0,0.08961283809385884,-0.000950048,2030.0017170535314,2030.4409812440006,-17.6,0.2699,88.0,0.2648083614719398,long_nclose,23.303135809530705,0.011479367536375438,16.0
1703206080000.0,511246,1703206080000.0,0.07433792250967834,-0.0007881079999999999,2030.075266868041,2030.4343131360006,-14.6,0.2699,73.4,0.2648083614719398,long_nclose,19.436933732040384,0.009574489207007233,1.0
1703206500000.0,511253,1703206500000.0,0.062117990042333954,-0.0006585559999999999,2030.1367263020832,2030.4728145800004,-12.2,0.2699,61.2,0.2648083614719398,long_nclose,16.206271722082718,0.007982847417179938,7.0
1703207040000.0,511262,1703207040000.0,0.05193471298621363,-0.000550596,2030.1881104190693,2030.4273839840005,-10.2,0.2699,51.0,0.2648083614719398,long_nclose,13.50522643506893,0.006652204475909967,9.0
1703207520000.0,511270,1703207520000.0,0.043278927488511365,-0.00045882999999999997,2030.2309305165577,2030.4430751540003,-8.5,0.2699,42.5,0.2648083614719398,long_nclose,11.254355362557442,0.005543386810530939,8.0
1703207580000.0,511271,1703207580000.0,0.035641469696421124,-0.00037786,2030.266194126254,2030.4540472940002,-7.0,0.2699,35.5,0.2648083614719398,long_nclose,9.400696832253864,0.0046302779701750145,1.0
1703207880000.0,511276,1703207880000.0,0.03004066731555495,-0.000318482,2030.2959163115695,2030.452548812,-5.9,0.2699,29.6,0.2648083614719398,long_nclose,7.838327499569419,0.0038606822959134338,5.0
1703208960000.0,511294,1703208960000.0,0.04538066731555523,-0.00032155000000000004,2030.340975428885,2030.5398572620002,-5.9,0.2725,23.7,0.2648083614719398,long_nclose,6.2759581668849735,0.0030910858042252007,18.0
1703209140000.0,511297,1703209140000.0,0.03615070108188297,-0.00025615,2030.3768699799668,2030.536311112,-4.7,0.2725,19.0,0.2648083614719398,long_nclose,5.031358867966857,0.0024780418563458612,3.0
1703209440000.0,511302,1703209440000.0,0.029228226406628786,-0.00020710000000000002,2030.4058911063735,2030.528884012,-3.8,0.2725,15.2,0.2648083614719398,long_nclose,4.025087094373485,0.001982405149632522,5.0
1703209860000.0,511309,1703209860000.0,0.023074915584180622,-0.00016350000000000004,2030.4288025219576,2030.5214205119998,-3.0,0.2725,12.2,0.2648083614719398,long_nclose,3.2306620099576655,0.00159112302088353,7.0
1703210160000.0,511314,1703210160000.0,0.018459932467344498,-0.0001308,2030.4471316544248,2030.5234897119997,-2.4,0.2725,9.8,0.2648083614719398,long_nclose,2.5951219424250103,0.0012781036757704121,5.0
1703210340000.0,511317,1703210340000.0,0.014614113203314393,-0.00010355000000000001,2030.4616422176282,2030.5216161619999,-1.9,0.2725,7.9,0.2648083614719398,long_nclose,2.0919860556283245,0.0010303007021317087,3.0
1703210460000.0,511319,1703210460000.0,0.011537457792090311,-8.175000000000002e-05,2030.4730979254205,2030.519764412,-1.5,0.2725,6.4,0.2648083614719398,long_nclose,1.694773513420415,0.0008346692773974709,2.0
1703210580000.0,511321,1703210580000.0,0.009229966233672249,-6.54e-05,2030.4822624916542,2030.5217390120001,-1.2,0.2725,5.2,0.2648083614719398,long_nclose,1.377003479654087,0.0006781657269757839,2.0
1703210640000.0,511322,1703210640000.0,0.007691638528060207,-5.45e-05,2030.4898996301822,2030.523044512,-1.0,0.2725,4.2,0.2648083614719398,long_nclose,1.1121951181821472,0.0005477471808082936,1.0
1703212380000.0,511351,1703212380000.0,0.003564146969642112,-3.7785999999999994e-05,2030.493425991152,2030.5126467260002,-0.7,0.2699,3.5,0.2648083614719398,long_nclose,0.9268292651517893,0.00045645519127912116,29.0
1703216100000.0,511413,1703216100000.0,0.0025458192640300803,-2.6989999999999997e-05,2030.495944820416,2030.5127197360002,-0.5,0.2699,3.0,0.2648083614719398,long_nclose,0.7944250844158194,0.0003912468214685753,62.0
1703216520000.0,511420,1703216520000.0,0.0025458192640300803,-2.6989999999999997e-05,2030.4984636496802,2030.5109427460004,-0.5,0.2699,2.5,0.2648083614719398,long_nclose,0.6620209036798496,0.0003260386134397329,7.0
1703216700000.0,511423,1703216700000.0,0.0020366554112240644,-2.1592000000000003e-05,2030.5004787130915,2030.5118011540005,-0.4,0.2699,2.1,0.2648083614719398,long_nclose,0.5560975590910736,0.0002738721634990808,3.0
1703217600000.0,511438,1703217600000.0,0.003076655411224083,-2.1800000000000005e-05,2030.5035335685027,2030.5160993540003,-0.4,0.2725,1.7,0.2648083614719398,long_nclose,0.45017421450229766,0.00022170570356562752,15.0
1703220660000.0,511489,1703220660000.0,0.0023074915584180623,-1.635e-05,2030.5058247100612,2030.5165930040005,-0.3,0.2725,1.4,0.2648083614719398,long_nclose,0.3707317060607157,0.0001825809616249946,51.0
1703220780000.0,511491,1703220780000.0,0.0015383277056120416,-1.0900000000000002e-05,2030.507352137767,2030.5168221040005,-0.2,0.2725,1.2,0.2648083614719398,long_nclose,0.3177700337663278,0.0001564978493831957,2.0
1703220960000.0,511494,1703220960000.0,0.0015383277056120416,-1.0900000000000002e-05,2030.5088795654726,2030.5166712040007,-0.2,0.2725,1.0,0.2648083614719398,long_nclose,0.2648083614719398,0.00013041477638285856,3.0
1703221680000.0,511506,1703221680000.0,0.0015383277056120416,-1.0900000000000002e-05,2030.5104069931783,2030.5164003040009,-0.2,0.2725,0.8,0.2648083614719398,long_nclose,0.21184668917755187,0.00010433174262389466,12.0
1703221980000.0,511511,1703221980000.0,0.0007691638528060208,-5.450000000000001e-06,2030.5111707070312,2030.5164848540007,-0.1,0.2725,0.7,0.2648083614719398,long_nclose,0.18536585303035785,9.129024045989996e-05,5.0
1703222160000.0,511514,1703222160000.0,0.0007691638528060208,-5.450000000000001e-06,2030.511934420884,2030.5164294040007,-0.1,0.2725,0.6,0.2648083614719398,long_nclose,0.1588850168831639,7.824874810621539e-05,3.0
1703222280000.0,511516,1703222280000.0,0.0007691638528060208,-5.450000000000001e-06,2030.5126981347369,2030.516643954001,-0.1,0.2725,0.5,0.2648083614719398,long_nclose,0.1324041807359699,6.520726556282982e-05,2.0
1703224620000.0,511555,1703224620000.0,0.001019163852806021,-5.500000000000001e-06,2030.5137117985896,2030.5175884540008,-0.1,0.275,0.4,0.2648083614719398,long_nclose,0.10592334458877593,5.2165786408283395e-05,39.0
1703226180000.0,511581,1703226180000.0,0.001019163852806021,-5.500000000000001e-06,2030.5147254624424,2030.5178129540009,-0.1,0.275,0.3,0.2648083614719398,long_nclose,0.07944250844158195,3.912432027474669e-05,26.0
1703226720000.0,511590,1703226720000.0,0.0012691638528060213,-5.550000000000001e-06,2030.5159890762952,2030.5187474040008,-0.1,0.2775,0.2,0.2648083614719398,long_nclose,0.05296167229438797,2.608286395148301e-05,9.0
1703226780000.0,511591,1703226780000.0,0.0015291638528060203,-5.602000000000001e-06,2030.517512638148,2030.5190118020007,-0.1,0.2801,0.1,0.2648083614719398,long_nclose,0.026480836147193983,1.3041422190340423e-05,1.0
1703226840000.0,511592,1703226840000.0,0.0015291638528060203,-5.602000000000001e-06,2030.5190362000008,2030.5190362000008,-0.1,0.2801,0.0,0.2648083614719398,long_nclose,0.0,0.0,1.0
1703261700000.0,512173,1703261700000.0,0.0,-0.0203061,2030.4987301000008,2030.4268501000008,359.4,0.2825,359.4,0.2825,long_ientry_normal,101.53049999999999,0.05000273996477687,581.0
1703264700000.0,512223,1703264700000.0,0.13851000000000183,-0.0029261520000000004,2030.6343139480007,2031.4969939480006,-51.3,0.2852,308.1,0.2825,long_nclose,87.03825,0.04286259195077742,50.0
1703264880000.0,512226,1703264880000.0,0.11880000000000157,-0.00250976,2030.7506041880006,2031.6221341880005,-44.0,0.2852,264.1,0.2825,long_nclose,74.60825,0.03673924796384943,3.0
1703266260000.0,512249,1703266260000.0,0.0,-0.00539384,2030.7452103480007,2030.7188003480007,95.5,0.2824,359.6,0.2824734427141268,long_ientry_partial,101.57745,0.050019790509609564,23.0
1703272920000.0,512360,1703272920000.0,0.0,-0.02030751,2030.7249028380006,2027.7847028380006,369.9,0.2745,729.5,0.2784304318026045,long_rentry,203.115,0.10002093327172998,111.0
1703279400000.0,512468,1703279400000.0,0.2781690061686111,-0.005858124000000001,2030.9972137201692,2032.4163747140005,-104.2,0.2811,625.3,0.2784304318026045,long_nclose,174.1025490061686,0.08572269219772374,108.0
1703279520000.0,512470,1703279520000.0,0.23839244002741813,-0.0050204460000000005,2031.2305857141966,2032.6078742680006,-89.3,0.2811,536.0,0.2784304318026045,long_nclose,149.23871144619602,0.0734720678665453,2.0
1703279580000.0,512471,1703279580000.0,0.20422196710075574,-0.004300830000000001,2031.4305068512974,2032.7950234380007,-76.5,0.2811,459.5,0.2784304318026045,long_nclose,127.93878341329678,0.06297965053778826,1.0
1703279700000.0,512473,1703279700000.0,0.17512367374914478,-0.003688032,2031.6019424930466,2032.6534854060008,-65.6,0.2811,393.9,0.2784304318026045,long_nclose,109.67374708704591,0.05398387587307659,2.0
1703280000000.0,512478,1703280000000.0,0.1500297326936271,-0.0031595640000000006,2031.7488126617402,2032.7178658420007,-56.2,0.2811,337.7,0.2784304318026045,long_nclose,94.02595681973955,0.04627833727957672,5.0
1703280120000.0,512480,1703280120000.0,0.1286731871144631,-0.0027098040000000006,2031.8747760448546,2032.7344660380006,-48.2,0.2811,289.5,0.2784304318026045,long_nclose,80.60561000685401,0.039670559897277156,2.0
1703281380000.0,512501,1703281380000.0,0.0,-0.0041227780000000006,2031.8706532668546,2032.3108332600004,73.7,0.2797,363.2,0.2786880506796641,long_ientry_partial,101.219500006854,0.049815917093006215,21.0
1703282400000.0,512518,1703282400000.0,0.14047897479339755,-0.002915304,2032.008216937648,2032.9461379560007,-51.8,0.2814,311.4,0.2786880506796641,long_nclose,86.7834589816474,0.042708222465967685,17.0
1703284380000.0,512551,1703284380000.0,0.12041054982291219,-0.002498832,2032.1261286554711,2032.8235191240008,-44.4,0.2814,267.0,0.2786880506796641,long_nclose,74.40970953147033,0.036616678700304155,33.0
1703284500000.0,512553,1703284500000.0,0.10332526910479628,-0.002144268,2032.227309656576,2032.8480748560007,-38.1,0.2814,228.9,0.2786880506796641,long_nclose,63.79169480057512,0.03139003914446717,2.0
1703284920000.0,512560,1703284920000.0,0.08868074277498264,-0.001840356,2032.314150043351,2032.8854745000008,-32.7,0.2814,196.2,0.2786880506796641,long_nclose,54.6785955433501,0.02690459816076356,7.0
1703286480000.0,512586,1703286480000.0,0.07593458096940409,-0.0015758399999999998,2032.3885087843205,2032.861478660001,-28.0,0.2814,168.2,0.2786880506796641,long_nclose,46.875330124319504,0.023064158216658158,26.0
1703288580000.0,512621,1703288580000.0,0.06508678368806065,-0.00135072,2032.4522448480086,2032.843307940001,-24.0,0.2814,144.2,0.2786880506796641,long_nclose,40.186816908007565,0.01977257621175391,35.0
1703288640000.0,512622,1703288640000.0,0.055866155998918726,-0.0011593680000000002,2032.5069516360077,2032.8545085720011,-20.6,0.2814,123.6,0.2786880506796641,long_nclose,34.44584306400648,0.01694746629834663,1.0
1703289840000.0,512642,1703289840000.0,0.047730308037911146,-0.000990528,2032.5536914160455,2032.862358044001,-17.6,0.2814,106.0,0.2786880506796641,long_nclose,29.540933372044396,0.014533900627965076,20.0
1703290020000.0,512645,1703290020000.0,0.04095043473707149,-0.000849828,2032.5937920227827,2032.8493982160012,-15.1,0.2814,90.9,0.2786880506796641,long_nclose,25.33274380678147,0.012463259460007994,3.0
1703291220000.0,512665,1703291220000.0,0.0349841462323326,-0.0007260120000000001,2032.628050157015,2032.8629822040011,-12.9,0.2814,78.0,0.2786880506796641,long_nclose,21.7376679530138,0.010694365824251331,20.0
1703291400000.0,512668,1703291400000.0,0.030102637455728047,-0.000624708,2032.6575280864706,2032.8523374960012,-11.1,0.2814,66.9,0.2786880506796641,long_nclose,18.644230590469533,0.009172342282381962,3.0
1703291640000.0,512672,1703291640000.0,0.0,-0.016576318000000003,2032.6409517684706,2032.626571178001,295.9,0.2801,362.8,0.27983963779070986,long_ientry_partial,101.52582059046954,0.04994773941858174,4.0
1703292300000.0,512683,1703292300000.0,0.13780676244122783,-0.0029266999999999995,2032.7758318309118,2033.758704478001,-51.8,0.2825,311.0,0.27983963779070986,long_nclose,87.03012735291077,0.042813440611660133,11.0
1703326800000.0,513258,1703326800000.0,0.118120082092481,-0.0025086,2032.8914433130042,2033.813975878001,-44.4,0.2825,266.6,0.27983963779070986,long_nclose,74.60524743500325,0.036699080848812585,575.0
1703328540000.0,513287,1703328540000.0,0.10109376395302427,-0.002147,2032.9903900769573,2033.621408878001,-38.0,0.2825,228.6,0.27983963779070986,long_nclose,63.971341198956274,0.03146662252374675,29.0
1703329800000.0,513308,1703329800000.0,0.08672780802285766,-0.0018419,2033.0752759849802,2033.6163069780011,-32.6,0.2825,196.0,0.27983963779070986,long_nclose,54.84856900697913,0.02697812995655373,21.0
1703330400000.0,513318,1703330400000.0,0.07449014186012315,-0.0015819999999999999,2033.1481841268403,2033.679124978001,-28.0,0.2825,168.0,0.27983963779070986,long_nclose,47.013059148839254,0.02312328216697573,10.0
1703333880000.0,513376,1703333880000.0,0.15009014186012415,-0.00159712,2033.2966771487004,2034.075127858001,-28.0,0.2852,140.0,0.27983963779070986,long_nclose,39.17754929069938,0.019267994548458223,58.0
1703334240000.0,513382,1703334240000.0,0.12489643947646045,-0.0013290320000000002,2033.4202445561768,2034.069138826001,-23.3,0.2852,116.7,0.27983963779070986,long_nclose,32.65728573017584,0.016060273727285412,6.0
1703336460000.0,513419,1703336460000.0,0.10399102686022886,-0.001106576,2033.5231290070371,2033.986312250001,-19.4,0.2852,97.3,0.27983963779070986,long_nclose,27.22839675703607,0.01338976496929819,37.0
1703337180000.0,513431,1703337180000.0,0.0868378677905004,-0.000924048,2033.6090428268278,2034.0518782020013,-16.2,0.2852,81.1,0.27983963779070986,long_nclose,22.694994624826567,0.011159959533460415,12.0
1703338920000.0,513460,1703338920000.0,0.072364889825417,-0.00077004,2033.6806376766533,2034.0362381620014,-13.5,0.2852,67.6,0.27983963779070986,long_nclose,18.917159514651985,0.009301932252383342,29.0
1703339100000.0,513463,1703339100000.0,0.06003605674404965,-0.000638848,2033.7400348853973,2034.0536393140012,-11.2,0.2852,56.4,0.27983963779070986,long_nclose,15.782955571396036,0.007760557052851357,3.0
1703339820000.0,513475,1703339820000.0,0.05038740476732739,-0.0005361760000000001,2033.7898861141648,2034.0653231380015,-9.4,0.2852,47.0,0.27983963779070986,long_nclose,13.152462976163363,0.006466972358335871,12.0
1703340360000.0,513484,1703340360000.0,0.041810825232463156,-0.000444912,2033.8312520273973,2034.0413782260016,-7.8,0.2852,39.2,0.27983963779070986,long_nclose,10.969713801395827,0.005393620434566936,9.0
1703340420000.0,513485,1703340420000.0,0.03484235436038596,-0.00037076000000000003,2033.8657236217578,2034.0475474660016,-6.5,0.2852,32.7,0.27983963779070986,long_nclose,9.150756155756213,0.004499193850153108,1.0
1703341080000.0,513496,1703341080000.0,0.028945955930166804,-0.00030801600000000004,2033.894361561688,2034.0679994500015,-5.4,0.2852,27.3,0.27983963779070986,long_nclose,7.639622111686379,0.0037561548210500164,11.0
1703341380000.0,513501,1703341380000.0,0.024121629941805667,-0.00025668,2033.9182265116299,2034.0450027700017,-4.5,0.2852,22.8,0.27983963779070986,long_nclose,6.380343741628185,0.003136971613933124,5.0
1703342640000.0,513522,1703342640000.0,0.020369376395302563,-0.00021675200000000001,2033.9383791360253,2034.0345260180018,-3.8,0.2852,19.0,0.27983963779070986,long_nclose,5.316953118023488,0.002614117110215511,21.0
1703342760000.0,513524,1703342760000.0,0.01661712284879946,-0.000176824,2033.9548194348743,2034.040049194002,-3.1,0.2852,15.9,0.27983963779070986,long_nclose,4.449450240872287,0.0021875855836898817,2.0
1703342820000.0,513525,1703342820000.0,0.013936941744154385,-0.000148304,2033.9686080726183,2034.0438908900019,-2.6,0.2852,13.3,0.27983963779070986,long_nclose,3.7218671826164416,0.00182985478135932,1.0
1703343120000.0,513530,1703343120000.0,0.020956941744154335,-0.000149708,2033.9894153063624,2034.0788711820019,-2.6,0.2879,10.7,0.27983963779070986,long_nclose,2.994284124360595,0.0014721237494294392,5.0
1703345340000.0,513567,1703345340000.0,0.009112615755793252,-9.6968e-05,2033.9984309541182,2034.0502742140018,-1.7,0.2852,9.0,0.27983963779070986,long_nclose,2.518556740116389,0.0012382294409809212,37.0
1703345760000.0,513574,1703345760000.0,0.014508651976722232,-0.00010364400000000001,2034.0128359620949,2034.0715905700017,-1.8,0.2879,7.2,0.27983963779070986,long_nclose,2.014845392093111,0.0009905765374091568,7.0
1703346000000.0,513578,1703346000000.0,0.011284507093006178,-8.0612e-05,2034.024039857188,2034.070209958002,-1.4,0.2879,5.8,0.27983963779070986,long_nclose,1.6230698991861172,0.0007979600375323368,4.0
1703346060000.0,513579,1703346060000.0,0.008866398430219143,-6.333800000000001e-05,2034.0328429176182,2034.0740166200019,-1.1,0.2879,4.7,0.27983963779070986,long_nclose,1.3152462976163364,0.0006466199905256919,1.0
1703347020000.0,513595,1703347020000.0,0.007254325988361116,-5.1822000000000006e-05,2034.0400454216067,2034.069914798002,-0.9,0.2879,3.8,0.27983963779070986,long_nclose,1.0633906236046975,0.0005227972900525086,16.0
1703347140000.0,513597,1703347140000.0,0.005642253546503089,-4.0306e-05,2034.0456473691531,2034.071254492002,-0.7,0.2879,3.1,0.27983963779070986,long_nclose,0.8675028771512006,0.00042649135149608564,2.0
1703347560000.0,513604,1703347560000.0,0.004836217325574077,-3.4547999999999995e-05,2034.0504490384787,2034.071599944002,-0.6,0.2879,2.5,0.27983963779070986,long_nclose,0.6995990944767747,0.0003439438263723911,7.0
1703347860000.0,513609,1703347860000.0,0.004030181104645064,-2.879e-05,2034.0544504295833,2034.0711711540018,-0.5,0.2879,2.0,0.27983963779070986,long_nclose,0.5596792755814197,0.0002751545198129863,5.0
1703348160000.0,513614,1703348160000.0,0.0032241448837160517,-2.3032000000000002e-05,2034.057651542467,2034.071028122002,-0.4,0.2879,1.6,0.27983963779070986,long_nclose,0.4477434204651358,0.0002201232694292627,5.0
1703348760000.0,513624,1703348760000.0,0.0024181086627870383,-1.7273999999999998e-05,2034.06005237713,2034.070270848002,-0.3,0.2879,1.3,0.27983963779070986,long_nclose,0.36379152912792284,0.00017884994531148344,10.0
1703349180000.0,513631,1703349180000.0,0.0016120724418580258,-1.1516000000000001e-05,2034.0616529335718,2034.0702993320022,-0.2,0.2879,1.1,0.27983963779070986,long_nclose,0.3078236015697809,0.00015133445002801682,7.0
1703349300000.0,513633,1703349300000.0,0.0016120724418580258,-1.1516000000000001e-05,2034.0632534900137,2034.0714978160022,-0.2,0.2879,0.9,0.27983963779070986,long_nclose,0.2518556740116389,0.00012381899804713982,2.0
1703350980000.0,513661,1703350980000.0,0.0008060362209290129,-5.758000000000001e-06,2034.0640537682345,2034.070582058002,-0.1,0.2879,0.8,0.27983963779070986,long_nclose,0.2238717102325679,0.00011006128829514054,28.0
1703351640000.0,513672,1703351640000.0,0.0008060362209290129,-5.758000000000001e-06,2034.0648540464554,2034.070566300002,-0.1,0.2879,0.7,0.27983963779070986,long_nclose,0.19588774645349688,9.630358936875031e-05,11.0
1703353200000.0,513698,1703353200000.0,0.0008060362209290129,-5.758000000000001e-06,2034.0656543246762,2034.0699505420018,-0.1,0.2879,0.6,0.27983963779070986,long_nclose,0.1679037826744259,8.254590126795643e-05,26.0
1703354040000.0,513712,1703354040000.0,0.0005360362209290148,-5.704000000000001e-06,2034.0661846568971,2034.0687648380017,-0.1,0.2852,0.5,0.27983963779070986,long_nclose,0.13991981889535493,6.878823312180296e-05,14.0
1703354100000.0,513713,1703354100000.0,0.0005360362209290148,-5.704000000000001e-06,2034.066714989118,2034.0688591340017,-0.1,0.2852,0.4,0.27983963779070986,long_nclose,0.11193585511628396,5.503057214958792e-05,1.0
1703354220000.0,513715,1703354220000.0,0.0005360362209290148,-5.704000000000001e-06,2034.067245321339,2034.0690034300019,-0.1,0.2852,0.3,0.27983963779070986,long_nclose,0.08395189133721295,4.1272918351305714e-05,2.0
1703354580000.0,513721,1703354580000.0,0.0005360362209290148,-5.704000000000001e-06,2034.06777565356,2034.0689477260019,-0.1,0.2852,0.2,0.27983963779070986,long_nclose,0.05596792755814198,2.751527172695074e-05,6.0
1703356200000.0,513748,1703356200000.0,0.0005360362209290148,-5.704000000000001e-06,2034.0683059857809,2034.0688320220017,-0.1,0.2852,0.1,0.27983963779070986,long_nclose,0.02798396377907099,1.375763227651737e-05,27.0
1703356260000.0,513749,1703356260000.0,0.0005360362209290148,-5.704000000000001e-06,2034.0688363180018,2034.0688363180018,-0.1,0.2852,0.0,0.27983963779070986,long_nclose,0.0,0.0,1.0
1703386560000.0,514254,1703386560000.0,0.0,-0.02034256,2034.0484937580018,2034.0130537580017,354.4,0.287,354.4,0.287,long_ientry_normal,101.71279999999999,0.05000510081845725,505.0
1703420340000.0,514817,1703420340000.0,0.14168000000000125,-0.0029327760000000002,2034.1872409820016,2035.1290209820017,-50.6,0.2898,303.8,0.287,long_nclose,87.1906,0.042862622596093386,563.0
1703420460000.0,514819,1703420460000.0,0.27830000000000027,-0.0029601000000000002,2034.4625808820015,2035.8045408820014,-50.6,0.2925,253.2,0.287,long_nclose,72.66839999999999,0.035718720355375634,2.0
1703420520000.0,514820,1703420520000.0,0.23210000000000022,-0.0024687000000000003,2034.6922121820014,2035.8105121820015,-42.2,0.2925,211.0,0.287,long_nclose,60.556999999999995,0.02976224100993572,1.0
1703420580000.0,514821,1703420580000.0,0.19305000000000017,-0.0020533500000000002,2034.8832088320014,2035.7802988320013,-35.1,0.2925,175.9,0.287,long_nclose,50.4833,0.024808942243411018,1.0
1703421360000.0,514834,1703421360000.0,0.07028000000000062,-0.0014547960000000002,2034.9520340360014,2035.3290340360013,-25.1,0.2898,150.8,0.287,long_nclose,43.2796,0.021268118007755618,13.0
1703421420000.0,514835,1703421420000.0,0.06020000000000053,-0.00124614,2035.0109878960013,2035.4376778960013,-21.5,0.2898,129.3,0.287,long_nclose,37.1091,0.018235331514532563,1.0
1703422200000.0,514848,1703422200000.0,0.05152000000000045,-0.0010664639999999998,2035.0614414320014,2035.3386914320015,-18.4,0.2898,110.9,0.287,long_nclose,31.8283,0.01563997005299434,13.0
1703422260000.0,514849,1703422260000.0,0.04424000000000039,-0.0009157680000000002,2035.1047656640014,2035.3805556640013,-15.8,0.2898,95.1,0.287,long_nclose,27.293699999999998,0.013411447145373264,1.0
1703422440000.0,514852,1703422440000.0,0.03780000000000033,-0.00078246,2035.1417832040015,2035.4192232040016,-13.5,0.2898,81.6,0.287,long_nclose,23.419199999999996,0.011507404640442424,3.0
1703422680000.0,514856,1703422680000.0,0.032480000000000286,-0.0006723359999999999,2035.1735908680016,2035.4045908680016,-11.6,0.2898,70.0,0.287,long_nclose,20.09,0.009871393816304197,4.0
1703423880000.0,514876,1703423880000.0,0.06380000000000005,-0.0006786,2035.2367122680016,2035.5637522680015,-11.6,0.2925,58.4,0.287,long_nclose,16.7608,0.008235307420984122,20.0
1703425200000.0,514898,1703425200000.0,0.09628000000000034,-0.0006850960000000001,2035.3323071720015,2035.7301071720015,-11.6,0.2953,46.8,0.287,long_nclose,13.431599999999998,0.00659921721513013,22.0
1703425860000.0,514909,1703425860000.0,0.07719000000000029,-0.0005492580000000001,2035.4089479140014,2035.7239479140014,-9.3,0.2953,37.5,0.287,long_nclose,10.7625,0.0052876352003021305,11.0
1703426460000.0,514919,1703426460000.0,0.03410000000000003,-0.0003627,2035.4426852140014,2035.6023152140015,-6.2,0.2925,31.3,0.287,long_nclose,8.9831,0.004413339695219932,10.0
1703426520000.0,514920,1703426520000.0,0.028600000000000025,-0.0003042,2035.4709810140014,2035.6145310140014,-5.2,0.2925,26.1,0.287,long_nclose,7.4906999999999995,0.0036800819416587267,1.0
1703426580000.0,514921,1703426580000.0,0.02365000000000002,-0.00025155,2035.4943794640014,2035.6186394640015,-4.3,0.2925,21.8,0.287,long_nclose,6.2566,0.003073749582962506,1.0
1703426760000.0,514924,1703426760000.0,0.01980000000000002,-0.0002106,2035.5139688640015,2035.6286288640015,-3.6,0.2925,18.2,0.287,long_nclose,5.2234,0.0025661332124952813,3.0
1703427480000.0,514936,1703427480000.0,0.029880000000000108,-0.00021261600000000003,2035.5436362480016,2035.6648162480017,-3.6,0.2953,14.6,0.287,long_nclose,4.1902,0.0020585164205683894,12.0
1703427540000.0,514937,1703427540000.0,0.024070000000000084,-0.00017127400000000001,2035.5675349740015,2035.6704949740015,-2.9,0.2953,11.7,0.287,long_nclose,3.3578999999999994,0.001649613654328048,1.0
1703428140000.0,514947,1703428140000.0,0.031900000000000026,-0.00017284,2035.5992621340015,2035.6978221340014,-2.9,0.298,8.8,0.287,long_nclose,2.5256,0.0012407157179612606,10.0
1703428260000.0,514949,1703428260000.0,0.024200000000000024,-0.00013112000000000003,2035.6233310140015,2035.6985710140013,-2.2,0.298,6.6,0.287,long_nclose,1.8941999999999997,0.0009305257859549316,2.0
1703428620000.0,514955,1703428620000.0,0.017600000000000015,-9.536000000000001e-05,2035.6408356540014,2035.6968356540015,-1.6,0.298,5.0,0.287,long_nclose,1.4349999999999998,0.0007049377153700936,6.0
1703429040000.0,514962,1703429040000.0,0.013200000000000012,-7.151999999999999e-05,2035.6539641340016,2035.7003241340017,-1.2,0.298,3.8,0.287,long_nclose,1.0905999999999998,0.0005357492084682269,7.0
1703429400000.0,514968,1703429400000.0,0.00990000000000001,-5.364e-05,2035.6638104940016,2035.6983204940016,-0.9,0.298,2.9,0.287,long_nclose,0.8322999999999999,0.0004088592604090274,6.0
1703429760000.0,514974,1703429760000.0,0.007700000000000006,-4.172e-05,2035.6714687740018,2035.695668774002,-0.7,0.298,2.2,0.287,long_nclose,0.6314,0.00031016792723447917,6.0
1703429820000.0,514975,1703429820000.0,0.005500000000000005,-2.98e-05,2035.6769389740018,2035.6969989740019,-0.5,0.298,1.7,0.287,long_nclose,0.48789999999999994,0.00023967457245249613,1.0
1703430900000.0,514993,1703430900000.0,0.0024900000000000087,-1.7718000000000002e-05,2035.679411256002,2035.691171256002,-0.3,0.2953,1.4,0.287,long_nclose,0.40179999999999993,0.00019737881995480407,18.0
1703431020000.0,514995,1703431020000.0,0.001660000000000006,-1.1812000000000001e-05,2035.681059444002,2035.6916194440018,-0.2,0.2953,1.2,0.287,long_nclose,0.3444,0.00016918170869756222,2.0
1703431260000.0,514999,1703431260000.0,0.001660000000000006,-1.1812000000000001e-05,2035.682707632002,2035.6910076320019,-0.2,0.2953,1.0,0.287,long_nclose,0.287,0.00014098464309983324,4.0
1703431320000.0,515000,1703431320000.0,0.001660000000000006,-1.1812000000000001e-05,2035.6843558200019,2035.690835820002,-0.2,0.2953,0.8,0.287,long_nclose,0.2296,0.00011278762316150626,1.0
1703431380000.0,515001,1703431380000.0,0.000830000000000003,-5.906000000000001e-06,2035.6851799140018,2035.6910599140017,-0.1,0.2953,0.7,0.287,long_nclose,0.20089999999999997,9.868913031458383e-05,1.0
1703431500000.0,515003,1703431500000.0,0.001100000000000001,-5.9600000000000005e-06,2035.6862739540018,2035.6923339540017,-0.1,0.298,0.6,0.287,long_nclose,0.1722,8.459063766516854e-05,2.0
1703431860000.0,515009,1703431860000.0,0.001100000000000001,-5.9600000000000005e-06,2035.6873679940018,2035.6932179940018,-0.1,0.298,0.5,0.287,long_nclose,0.1435,7.04921601696665e-05,6.0
1703432280000.0,515016,1703432280000.0,0.001100000000000001,-5.9600000000000005e-06,2035.6884620340018,2035.6929020340017,-0.1,0.298,0.4,0.287,long_nclose,0.1148,5.639369782805328e-05,7.0
1703432820000.0,515025,1703432820000.0,0.001100000000000001,-5.9600000000000005e-06,2035.6895560740018,2035.6928860740018,-0.1,0.298,0.3,0.287,long_nclose,0.0861,4.2295250640304444e-05,9.0
1703434140000.0,515047,1703434140000.0,0.001100000000000001,-5.9600000000000005e-06,2035.6906501140018,2035.6929101140017,-0.1,0.298,0.2,0.287,long_nclose,0.0574,2.819681860639558e-05,22.0
1703435100000.0,515063,1703435100000.0,0.0013800000000000036,-6.0160000000000005e-06,2035.6920240980016,2035.6934440980017,-0.1,0.3008,0.1,0.287,long_nclose,0.0287,1.4098399787520283e-05,16.0
1703435460000.0,515069,1703435460000.0,0.0013800000000000036,-6.0160000000000005e-06,2035.6933980820015,2035.6933980820015,-0.1,0.3008,0.0,0.287,long_nclose,0.0,0.0,6.0
1703446560000.0,515254,1703446560000.0,0.0,-0.02035655,2035.6730415320014,2035.5687915320013,347.5,0.2929,347.5,0.2929,long_ientry_normal,101.78275,0.04999955686567456,185.0
1703447520000.0,515270,1703447520000.0,0.13888000000000122,-0.0029333440000000005,2035.8089881880014,2036.7324781880013,-49.6,0.2957,297.9,0.2929,long_nclose,87.25491,0.04286006718030181,16.0
1703448180000.0,515281,1703448180000.0,0.11900000000000105,-0.0025134500000000004,2035.9254747380014,2036.5895147380013,-42.5,0.2957,255.4,0.2929,long_nclose,74.80666,0.0367433194034898,11.0
1703448240000.0,515282,1703448240000.0,0.1019200000000009,-0.002152696,2036.0252420420015,2036.6822420420015,-36.4,0.2957,219.0,0.2929,long_nclose,64.1451,0.03150506127108062,1.0
1703448360000.0,515284,1703448360000.0,0.08736000000000077,-0.0018451680000000001,2036.1107568740015,2036.6741568740015,-31.2,0.2957,187.8,0.2929,long_nclose,55.006620000000005,0.027015534304455288,2.0
1703448540000.0,515287,1703448540000.0,0.07504000000000066,-0.0015849520000000004,2036.1842119220014,2036.6511119220013,-26.8,0.2957,161.0,0.2929,long_nclose,47.1569,0.023159446833883223,3.0
1703448660000.0,515289,1703448660000.0,0.06440000000000057,-0.0013602200000000003,2036.2472517020014,2036.6612517020014,-23.0,0.2957,138.0,0.2929,long_nclose,40.4202,0.0198503398672311,2.0
1703448900000.0,515293,1703448900000.0,0.055160000000000486,-0.001165058,2036.3012466440014,2036.5141866440013,-19.7,0.2957,118.3,0.2929,long_nclose,34.65007,0.017016180713490342,4.0
1703450160000.0,515314,1703450160000.0,0.0,-0.01343112,2036.2878155240014,2036.2996455240013,229.2,0.293,347.5,0.2929659568345323,long_ientry_partial,101.80566999999998,0.049995717316514095,21.0
1703456100000.0,515413,1703456100000.0,0.0,-0.020361744,2036.2674537800015,2032.8309537800014,357.6,0.2847,705.1,0.28877377676925253,long_rentry,203.61438999999996,0.09999393234028406,99.0
1703456220000.0,515415,1703456220000.0,0.0,-0.02036327,2036.2470905100015,2034.2987505100016,363.5,0.2801,1068.6,0.285823264083848,long_rentry,305.43073999999996,0.149996894494519,2.0
1703459820000.0,515475,1703459820000.0,0.4237299008047979,-0.008808072,2036.6620123388063,2039.5719024380016,-152.6,0.2886,916.0,0.285823264083848,long_nclose,261.8141099008048,0.12855059323277201,60.0
1703460000000.0,515478,1703460000000.0,0.36319705783268397,-0.007549776000000002,2037.017659620639,2039.4335126620017,-130.8,0.2886,785.2,0.285823264083848,long_nclose,224.42842695863746,0.11017500309763321,3.0
1703462880000.0,515526,1703462880000.0,0.31127209620064117,-0.006470412000000001,2037.3224613048396,2039.3934122500016,-112.1,0.2886,673.1,0.285823264083848,long_nclose,192.3876390548381,0.09443160948199629,48.0
1703466360000.0,515584,1703466360000.0,0.2668443215422089,-0.005546892,2037.583758734382,2039.4744353580018,-96.1,0.2886,577.0,0.285823264083848,long_nclose,164.9200233763803,0.08093901547331639,58.0
1703467140000.0,515597,1703467140000.0,0.5263143215422069,-0.005598786,2038.1044742699241,2040.6901465720016,-96.1,0.2913,480.9,0.285823264083848,long_nclose,137.4524076979225,0.06744129627955395,13.0
1703467200000.0,515598,1703467200000.0,0.438686546883775,-0.004666625999999999,2038.5384941908078,2040.7335699460016,-80.1,0.2913,400.8,0.285823264083848,long_nclose,114.55796424480629,0.05619612510200832,1.0
1703467260000.0,515599,1703467260000.0,0.36584595919895346,-0.003891768,2038.9004483820067,2040.8298781780015,-66.8,0.2913,334.0,0.285823264083848,long_nclose,95.46497020400524,0.04682179077441598,1.0
1703467980000.0,515611,1703467980000.0,0.3045065169380511,-0.0032392560000000003,2039.201715642945,2040.8099589220017,-55.6,0.2913,278.4,0.285823264083848,long_nclose,79.57319672094327,0.03902173880618497,12.0
1703471580000.0,515671,1703471580000.0,0.0,-0.004281640000000001,2039.1974340029449,2040.0596372820016,74.0,0.2893,352.4,0.28655333916272213,long_ientry_partial,100.98139672094327,0.0495201666288471,60.0
1703471640000.0,515672,1703471640000.0,0.13815704011507685,-0.002910358,2039.33268068506,2040.2832869240017,-50.3,0.2893,302.1,0.28655333916272213,long_nclose,86.56776376105836,0.04244906413796998,1.0
1703471940000.0,515677,1703471940000.0,0.1183810820866762,-0.002493766,2039.4485680011467,2040.2117531580016,-43.1,0.2893,259.0,0.28655333916272213,long_nclose,74.21731484314503,0.036390873497675426,5.0
1703472720000.0,515690,1703472720000.0,0.23906108208667726,-0.0025179020000000007,2039.6851111812334,2040.9474052560017,-43.1,0.2921,215.9,0.28655333916272213,long_nclose,61.86686592523171,0.03033157696062361,13.0
1703474340000.0,515717,1703474340000.0,0.19912512405827643,-0.002097278,2039.8821390272917,2040.8805379780017,-35.9,0.2921,180.0,0.28655333916272213,long_nclose,51.579601049289984,0.025285579035407152,27.0
1703474400000.0,515718,1703474400000.0,0.16639982511833684,-0.0017526000000000004,2040.0467862524101,2040.893785378002,-30.0,0.2921,150.0,0.28655333916272213,long_nclose,42.98300087440832,0.02106961524807409,1.0
1703475180000.0,515731,1703475180000.0,0.13866652093194737,-0.0014605000000000002,2040.1839922733423,2040.902324878002,-25.0,0.2921,125.0,0.28655333916272213,long_nclose,35.819167395340266,0.01755683189898357,13.0
1703475600000.0,515738,1703475600000.0,0.11537054541538021,-0.0012151360000000003,2040.2981476827576,2040.876109742002,-20.8,0.2921,104.2,0.28655333916272213,long_nclose,29.858857940755648,0.01463455621653505,7.0
1703476080000.0,515746,1703476080000.0,0.09595723248490758,-0.0010106660000000001,2040.3930942492425,2040.909859076002,-17.3,0.2921,86.9,0.28655333916272213,long_nclose,24.901485173240555,0.012204258700651501,8.0
1703476260000.0,515749,1703476260000.0,0.07987191605680169,-0.0008412480000000001,2040.4721249172994,2040.874257828002,-14.4,0.2921,72.5,0.28655333916272213,long_nclose,20.775117089297353,0.010181524577376606,3.0
1703476440000.0,515752,1703476440000.0,0.06655993004733474,-0.0007010400000000001,2040.5379838073468,2040.8735567880021,-12.0,0.2921,60.5,0.28655333916272213,long_nclose,17.336477019344688,0.008496032495801595,3.0
1703476500000.0,515753,1703476500000.0,0.05546660837277895,-0.0005842000000000001,2040.5928662157196,2040.872972588002,-10.0,0.2921,50.5,0.28655333916272213,long_nclose,14.470943627717467,0.007091538869560903,1.0
1703476560000.0,515754,1703476560000.0,0.046591951033134314,-0.0004907280000000002,2040.6389674387528,2040.8766918600022,-8.4,0.2921,42.1,0.28655333916272213,long_nclose,12.063895578750602,0.005911822606177241,1.0
1703476920000.0,515760,1703476920000.0,0.03882662586094526,-0.00040894000000000005,2040.677385124614,2040.8755829200024,-7.0,0.2921,35.1,0.28655333916272213,long_nclose,10.058022204611547,0.004928766437031571,6.0
1703477760000.0,515774,1703477760000.0,0.03217063285621179,-0.000338836,2040.70921692147,2040.8775940840023,-5.8,0.2921,29.3,0.28655333916272213,long_nclose,8.396012837467758,0.004114262222098275,14.0
1703478960000.0,515794,1703478960000.0,0.026623972018933895,-0.000280416,2040.7355604774891,2040.8739036680024,-4.8,0.2921,24.5,0.28655333916272213,long_nclose,7.020556809486692,0.0034402089841782486,20.0
1703479080000.0,515796,1703479080000.0,0.02218664334911158,-0.00023368000000000003,2040.7575134408382,2040.8794199880024,-4.0,0.2921,20.5,0.28655333916272213,long_nclose,5.874343452835804,0.0028785112460183045,2.0
1703481480000.0,515836,1703481480000.0,0.03381130943283928,-0.00024173600000000002,2040.7910830142712,2040.9328882520026,-4.1,0.2948,16.4,0.28655333916272213,long_nclose,4.699474762268642,0.002302771117231395,40.0
1703484540000.0,515887,1703484540000.0,0.026389314679289202,-0.00018867200000000003,2040.8172836569506,2040.9287795800026,-3.2,0.2948,13.2,0.28655333916272213,long_nclose,3.782504076947932,0.0018534261284626344,51.0
1703484660000.0,515889,1703484660000.0,0.021441318176922474,-0.000153296,2040.8385716791274,2040.9259862840026,-2.6,0.2948,10.6,0.28655333916272213,long_nclose,3.0374653951248547,0.001488341820502608,2.0
1703484720000.0,515890,1703484720000.0,0.017317987758283537,-0.000123816,2040.8557658508857,2040.9292624680027,-2.1,0.2948,8.5,0.28655333916272213,long_nclose,2.4357033828831383,0.001193471593455616,1.0
1703489040000.0,515962,1703489040000.0,0.023197987758283474,-0.00012499199999999999,2040.878838846644,2040.9508174760026,-2.1,0.2976,6.4,0.28655333916272213,long_nclose,1.8339413706414218,0.0008986037464516178,72.0
1703490720000.0,515990,1703490720000.0,0.00989599300473345,-7.0752e-05,2040.8886640876485,2040.9305067240023,-1.2,0.2948,5.2,0.28655333916272213,long_nclose,1.490077363646155,0.0007301120290715485,28.0
1703490780000.0,515991,1703490780000.0,0.008246660837277875,-5.8960000000000005e-05,2040.896851788486,2040.9314877640024,-1.0,0.2948,4.2,0.28655333916272213,long_nclose,1.203524024483433,0.0005897035038437914,1.0
1703490840000.0,515992,1703490840000.0,0.0065973286698223004,-4.7168000000000006e-05,2040.9034019491558,2040.9331405960024,-0.8,0.2948,3.4,0.28655333916272213,long_nclose,0.9742813531532553,0.0004773774948009652,1.0
1703492520000.0,516020,1703492520000.0,0.008837328669822276,-4.7616e-05,2040.9121916618255,2040.9437729800024,-0.8,0.2976,2.6,0.28655333916272213,long_nclose,0.7450386818230775,0.00036505180618105136,28.0
1703492820000.0,516025,1703492820000.0,0.006627996502366706,-3.571199999999999e-05,2040.918783946328,2040.9412772680025,-0.6,0.2976,2.0,0.28655333916272213,long_nclose,0.5731066783254443,0.0002808081746483234,5.0
1703494200000.0,516048,1703494200000.0,0.0032986643349111502,-2.3584000000000003e-05,2040.9220590266627,2040.9354136840025,-0.4,0.2948,1.6,0.28655333916272213,long_nclose,0.45848534266035545,0.00022464617922695782,23.0
1703494860000.0,516059,1703494860000.0,0.0024739982511833626,-1.7688e-05,2040.9245153369138,2040.9352359960023,-0.3,0.2948,1.3,0.28655333916272213,long_nclose,0.37251934091153877,0.00018252480094788984,11.0
1703494920000.0,516060,1703494920000.0,0.0016493321674555751,-1.1792000000000002e-05,2040.9261528770814,2040.9357742040024,-0.2,0.2948,1.1,0.28655333916272213,long_nclose,0.31520867307899436,0.00015444393842209655,1.0
1703496660000.0,516089,1703496660000.0,0.0016493321674555751,-1.1792000000000002e-05,2040.927790417249,2040.9353024120026,-0.2,0.2948,0.9,0.28655333916272213,long_nclose,0.2578980052464499,0.0001263631209577116,29.0
1703497140000.0,516097,1703497140000.0,0.0,-0.020355456,2040.907434961249,2040.8782069560025,347.6,0.2928,348.5,0.2927838680207933,long_ientry_partial,102.03517800524646,0.0499950052889997,8.0
1703498100000.0,516113,1703498100000.0,0.139961759366571,-0.002938264,2041.0444584566155,2042.0353186920024,-49.7,0.2956,298.8,0.2927838680207933,long_nclose,87.48381976461305,0.04286228033992264,16.0
1703508420000.0,516285,1703508420000.0,0.1199672223142037,-0.002518512,2041.1619071669297,2041.9090201800025,-42.6,0.2956,256.2,0.2927838680207933,long_nclose,75.01122698692724,0.03674927830249416,172.0
1703509320000.0,516300,1703509320000.0,0.23980883551212545,-0.0025483360000000004,2041.3991676664418,2042.5768618440025,-42.7,0.2984,213.5,0.2927838680207933,long_nclose,62.509355822439375,0.030620839281469327,15.0
1703511540000.0,516337,1703511540000.0,0.1993726852618373,-0.00211864,2041.5964217117037,2042.7028932040025,-35.5,0.2984,178.0,0.2927838680207933,long_nclose,52.11552850770121,0.025526851415622488,37.0
1703512380000.0,516351,1703512380000.0,0.29961429845975884,-0.0021445440000000004,2041.8938914661635,2043.1350686600026,-35.6,0.3012,142.4,0.2927838680207933,long_nclose,41.69242280616097,0.020418506064594815,14.0
1703512560000.0,516354,1703512560000.0,0.23901814820947054,-0.0017108160000000002,2042.131198798373,2043.0906378440025,-28.4,0.3012,114.0,0.2927838680207933,long_nclose,33.37736095437044,0.01634437639168839,3.0
1703514120000.0,516380,1703514120000.0,0.106706507604927,-0.00113392,2042.2367713859778,2042.7608039240024,-19.0,0.2984,95.0,0.2927838680207933,long_nclose,27.814467461975365,0.013619609563243193,26.0
1703514180000.0,516381,1703514180000.0,0.08873488527146561,-0.000942944,2042.3245633272493,2042.7772809800024,-15.8,0.2984,79.2,0.2927838680207933,long_nclose,23.188482347246833,0.011353965360662048,1.0
1703515440000.0,516402,1703515440000.0,0.132974885271466,-0.0009517920000000002,2042.4565864205208,2043.0155291880026,-15.8,0.3012,63.4,0.2927838680207933,long_nclose,18.562497232518297,0.009088319113332903,21.0
1703516340000.0,516417,1703516340000.0,0.17721488527146553,-0.0009606400000000001,2042.6328406657924,2043.1667285480025,-15.8,0.304,47.6,0.2927838680207933,long_nclose,13.936512117789762,0.006822818002498766,15.0
1703516400000.0,516418,1703516400000.0,0.13347197055255947,-0.0007235200000000001,2042.765589116345,2043.1517250280026,-11.9,0.304,35.7,0.2927838680207933,long_nclose,10.452384088342322,0.005116780967934648,1.0
1703517300000.0,516433,1703517300000.0,0.059754537052367634,-0.00042770400000000005,2042.8249159493973,2043.0656173240027,-7.1,0.3012,28.6,0.2927838680207933,long_nclose,8.37361862539469,0.0040990388163065225,15.0
1703517360000.0,516434,1703517360000.0,0.04797195228147824,-0.00034336800000000004,2042.8725445336788,2043.0790139560027,-5.7,0.3012,22.9,0.2927838680207933,long_nclose,6.704750577676166,0.003282020993241476,1.0
1703518800000.0,516458,1703518800000.0,0.06393195228147806,-0.00034656000000000004,2042.9361299259604,2043.1342073960027,-5.7,0.304,17.2,0.2927838680207933,long_nclose,5.035882529957645,0.0024650220122839346,24.0
1703518980000.0,516461,1703518980000.0,0.04822936751058871,-0.00026144,2042.984097853471,2043.1236259560028,-4.3,0.304,12.9,0.2927838680207933,long_nclose,3.7769118974682336,0.0018487231013871188,3.0
1703520360000.0,516484,1703520360000.0,0.021040329948016773,-0.00015060000000000003,2043.0049875834188,2043.0914753560025,-2.5,0.3012,10.4,0.2927838680207933,long_nclose,3.0449522274162506,0.0014904281907887026,23.0
1703520600000.0,516488,1703520600000.0,0.016832263958413418,-0.00012048000000000001,2043.021699367377,2043.0923948760023,-2.0,0.3012,8.4,0.2927838680207933,long_nclose,2.459384491374664,0.0012037975378020771,4.0
1703520660000.0,516489,1703520660000.0,0.013465811166730735,-9.638400000000002e-05,2043.0350687945438,2043.0950184920025,-1.6,0.3012,6.8,0.2927838680207933,long_nclose,1.9909303025413945,0.0009744963916434911,1.0
1703520900000.0,516493,1703520900000.0,0.010940971572968722,-7.8312e-05,2043.045931454117,2043.0955201800025,-1.3,0.3012,5.5,0.2927838680207933,long_nclose,1.6103112741143633,0.0007881914201352491,4.0
1703521080000.0,516496,1703521080000.0,0.00925774517712738,-6.626400000000001e-05,2043.055122935294,2043.0939139160025,-1.1,0.3012,4.4,0.2927838680207933,long_nclose,1.2882490192914906,0.0006305502993187184,3.0
1703521260000.0,516499,1703521260000.0,0.006732905583365367,-4.819200000000001e-05,2043.0618076488777,2043.0921057240027,-0.8,0.3012,3.6,0.2927838680207933,long_nclose,1.054021924874856,0.0005159031023578318,3.0
1703521440000.0,516502,1703521440000.0,0.005891292385444696,-4.2168e-05,2043.0676567732633,2043.094093556003,-0.7,0.3012,2.9,0.2927838680207933,long_nclose,0.8490732172603006,0.0004155874204387787,3.0
1703522220000.0,516515,1703522220000.0,0.0022464527916826738,-2.3872e-05,2043.069879354055,2043.084169684003,-0.4,0.2984,2.5,0.2927838680207933,long_nclose,0.7319596700519833,0.0003582646278762636,13.0
1703522520000.0,516520,1703522520000.0,0.0022464527916826738,-2.3872e-05,2043.0721019348468,2043.083685812003,-0.4,0.2984,2.1,0.2927838680207933,long_nclose,0.614846122843666,0.00030094196003234024,5.0
1703522640000.0,516522,1703522640000.0,0.0016848395937620053,-1.7904e-05,2043.0737688704405,2043.0838779080032,-0.3,0.2984,1.8,0.2927838680207933,long_nclose,0.527010962437428,0.00025795004099572863,2.0
1703522700000.0,516523,1703522700000.0,0.0016848395937620053,-1.7904e-05,2043.0754358060342,2043.084010004003,-0.3,0.2984,1.5,0.2927838680207933,long_nclose,0.43917580203119,0.0002149581921129243,1.0
1703523120000.0,516530,1703523120000.0,0.0011232263958413369,-1.1936e-05,2043.07654709643,2043.0842380680028,-0.2,0.2984,1.3,0.2927838680207933,long_nclose,0.3806190284270313,0.00018629699849864053,7.0
1703523240000.0,516532,1703523240000.0,0.0011232263958413369,-1.1936e-05,2043.0776583868258,2043.084386132003,-0.2,0.2984,1.1,0.2927838680207933,long_nclose,0.32206225482287265,0.00015763583606369946,2.0
1703523540000.0,516537,1703523540000.0,0.0005616131979206684,-5.968e-06,2043.0782140320237,2043.0839301640028,-0.1,0.2984,1.0,0.2927838680207933,long_nclose,0.2927838680207933,0.00014330526653846652,5.0
1703524080000.0,516546,1703524080000.0,0.0005616131979206684,-5.968e-06,2043.0787696772215,2043.0843641960028,-0.1,0.2984,0.9,0.2927838680207933,long_nclose,0.263505481218714,0.00012897470480805018,9.0
1703526780000.0,516591,1703526780000.0,0.0005616131979206684,-5.968e-06,2043.0793253224194,2043.0843782280028,-0.1,0.2984,0.8,0.2927838680207933,long_nclose,0.23422709441663467,0.00011464415087244406,45.0
1703527740000.0,516607,1703527740000.0,0.0008416131979206709,-6.024000000000001e-06,2043.0801609116174,2043.0861222040028,-0.1,0.3012,0.7,0.2927838680207933,long_nclose,0.2049487076145553,0.00010031359098661488,16.0
1703527920000.0,516610,1703527920000.0,0.0008416131979206709,-6.024000000000001e-06,2043.0809965008154,2043.086106180003,-0.1,0.3012,0.6,0.2927838680207933,long_nclose,0.175670320812476,8.598304282274983e-05,3.0
1703528220000.0,516615,1703528220000.0,0.0008416131979206709,-6.024000000000001e-06,2043.0818320900134,2043.0860901560031,-0.1,0.3012,0.5,0.2927838680207933,long_nclose,0.14639193401039666,7.165250638083447e-05,5.0
1703530500000.0,516653,1703530500000.0,0.0008416131979206709,-6.024000000000001e-06,2043.0826676792115,2043.0860741320032,-0.1,0.3012,0.4,0.2927838680207933,long_nclose,0.11711354720831733,5.732198166085445e-05,38.0
1703535120000.0,516730,1703535120000.0,0.0,-0.02040615,2043.0622615292114,2042.9271479820031,342.5,0.2979,342.9,0.29789403192536695,long_ientry_partial,102.14786354720832,0.04999743055835786,77.0
1703540640000.0,516822,1703540640000.0,0.14210183884955654,-0.0029418240000000004,2043.201421544061,2044.1439761580032,-48.9,0.3008,294.0,0.29789403192536695,long_nclose,87.58084538605789,0.042864518623852786,92.0
1703540880000.0,516826,1703540880000.0,0.12205065913458846,-0.0025267200000000005,2043.3209454831956,2044.0784494380032,-42.0,0.3008,252.0,0.29789403192536695,long_nclose,75.06929604519247,0.03673886679972363,4.0
1703542200000.0,516848,1703542200000.0,0.23965065913458716,-0.00255024,2043.5580459023304,2044.7982991980034,-42.0,0.3036,210.0,0.29789403192536695,long_nclose,62.55774670432706,0.030612170194903747,22.0
1703543100000.0,516863,1703543100000.0,0.36145065913458774,-0.0025746,2043.916921961465,2045.4131245980034,-42.0,0.3065,168.0,0.29789403192536695,long_nclose,50.04619736346165,0.024485436186630485,15.0
1703543220000.0,516865,1703543220000.0,0.2891605273076702,-0.0020596800000000004,2044.2040228087726,2045.4278649180033,-33.6,0.3065,134.4,0.29789403192536695,long_nclose,40.03695789076932,0.019585597838594326,2.0
1703543460000.0,516869,1703543460000.0,0.23063994440016553,-0.00164284,2044.4330199131728,2045.4235820780032,-26.8,0.3065,107.6,0.29789403192536695,long_nclose,32.053397835169484,0.01567838003151152,4.0
1703544720000.0,516890,1703544720000.0,0.1850283136046104,-0.00131795,2044.6167302767774,2045.4093641280033,-21.5,0.3065,86.1,0.29789403192536695,long_nclose,25.648676148774094,0.012544490988930753,21.0
1703545800000.0,516908,1703545800000.0,0.24737831360461068,-0.0013304200000000001,2044.8627781703822,2045.6189837080035,-21.5,0.3094,64.6,0.29789403192536695,long_nclose,19.243954462378703,0.009410878161515078,18.0
1703546160000.0,516914,1703546160000.0,0.1852460860015922,-0.000996268,2045.0470279883837,2045.6050674400033,-16.1,0.3094,48.5,0.29789403192536695,long_nclose,14.447860548380298,0.0070648060169999985,6.0
1703546220000.0,516915,1703546220000.0,0.13922221370305995,-0.000748748,2045.1855014540868,2045.6079586920034,-12.1,0.3094,36.4,0.29789403192536695,long_nclose,10.843342762083356,0.005301887165919156,1.0
1703546700000.0,516923,1703546700000.0,0.0619629701373579,-0.00044136,2045.247023064224,2045.5216773320035,-7.2,0.3065,29.2,0.29789403192536695,long_nclose,8.698505732220715,0.004253034295675671,8.0
1703549100000.0,516963,1703549100000.0,0.049914614832871636,-0.00035554,2045.296582139057,2045.4909417920032,-5.8,0.3065,23.4,0.29789403192536695,long_nclose,6.970720347053586,0.003408170926371624,40.0
1703550120000.0,516980,1703550120000.0,0.03958745314331199,-0.00028198,2045.3358876122002,2045.5051998120032,-4.6,0.3065,18.8,0.29789403192536695,long_nclose,5.600407800196899,0.002738135987402548,17.0
1703550360000.0,516984,1703550360000.0,0.03184208187614226,-0.00022681,2045.3675028840764,2045.5019830020035,-3.7,0.3065,15.1,0.29789403192536695,long_nclose,4.498199882073041,0.002199213527999414,4.0
1703550540000.0,516987,1703550540000.0,0.025817904223899124,-0.0001839,2045.3931368883004,2045.4960591020035,-3.0,0.3065,12.1,0.29789403192536695,long_nclose,3.60451778629694,0.0017622616020803554,3.0
1703550600000.0,516988,1703550600000.0,0.020654323379119297,-0.00014712,2045.4136440916795,2045.5010019820036,-2.4,0.3065,9.7,0.29789403192536695,long_nclose,2.889572109676059,0.00141270794688536,1.0
1703551020000.0,516995,1703551020000.0,0.016351339341802777,-0.00011646999999999999,2045.4298789610214,2045.5001255120035,-1.9,0.3065,7.8,0.29789403192536695,long_nclose,2.323573449017862,0.0011359829407587045,7.0
1703555700000.0,517073,1703555700000.0,0.0,-0.019984608,2045.4098943530214,2045.3717809040036,331.2,0.3017,339.0,0.30161242905315006,long_ientry_partial,102.24661344901787,0.049988324458242264,78.0
1703559120000.0,517130,1703559120000.0,0.13975843382753697,-0.00294756,2045.546705226849,2046.4730133440037,-48.4,0.3045,290.6,0.30161242905315006,long_nclose,87.64857188284542,0.042848482344051524,57.0
1703561160000.0,517164,1703561160000.0,0.11983419429427242,-0.00252735,2045.6640120711434,2046.4580359940037,-41.5,0.3045,249.1,0.30161242905315006,long_nclose,75.13165607713968,0.03672727077066396,34.0
1703563680000.0,517206,1703563680000.0,0.10250876861317279,-0.00216195,2045.7643588897565,2046.4665840440036,-35.5,0.3045,213.6,0.30161242905315006,long_nclose,64.42441484575285,0.03149161073502923,42.0
1703566260000.0,517249,1703566260000.0,0.0880709138789231,-0.00185745,2045.8505723536355,2046.4525265940038,-30.5,0.3045,183.1,0.30161242905315006,long_nclose,55.22523575963177,0.026993777798785305,43.0
1703566920000.0,517260,1703566920000.0,0.17652091387892352,-0.0018751400000000002,2046.0252181275143,2046.9236614540036,-30.5,0.3074,152.6,0.30161242905315006,long_nclose,46.026056673510695,0.02249535160452857,11.0
1703567700000.0,517273,1703567700000.0,0.14700430204998877,-0.0015615919999999999,2046.1706608375644,2046.9195598620038,-25.4,0.3074,127.2,0.30161242905315006,long_nclose,38.365100975560686,0.018749707299515573,13.0
1703567940000.0,517277,1703567940000.0,0.052265034137983876,-0.0011022900000000001,2046.2218235817022,2046.5914075720036,-18.1,0.3045,109.1,0.30161242905315006,long_nclose,32.90591600969867,0.016081304397438313,4.0
1703568060000.0,517279,1703568060000.0,0.044757349676174035,-0.0009439499999999999,2046.2656369813785,2046.4516736220037,-15.5,0.3045,93.6,0.30161242905315006,long_nclose,28.230923359374845,0.013796314050907239,2.0
1703568480000.0,517286,1703568480000.0,0.0,-0.014800608000000003,2046.2508363733784,2046.2813530140036,244.8,0.3023,338.4,0.30210982080193516,long_ientry_partial,102.23396335937485,0.04996159881384174,7.0
1703568900000.0,517293,1703568900000.0,0.0,-0.020463920000000003,2046.2303724533783,2045.0678990940035,348.5,0.2936,686.9,0.2977923472985513,long_rentry,204.5535633593749,0.09996604786689797,7.0
1703570040000.0,517312,1703570040000.0,0.28524073001211897,-0.005899734,2046.5097134493906,2048.3394993600036,-98.1,0.3007,588.8,0.2977923472985513,long_nclose,175.340134089387,0.08567764567012552,19.0
1703570160000.0,517314,1703570160000.0,0.24453359219183693,-0.005057774,2046.7491892675823,2047.9138615860036,-84.1,0.3007,504.7,0.2977923472985513,long_nclose,150.29579768157885,0.07343146804194478,2.0
1703575500000.0,517403,1703575500000.0,0.20964175977445235,-0.004336094,2046.9544949333567,2048.2556054920033,-72.1,0.3007,432.6,0.2977923472985513,long_nclose,128.8249694413533,0.06293494543245695,89.0
1703576160000.0,517414,1703576160000.0,0.1796929369495306,-0.003716652,2047.1304712183062,2048.431108840003,-61.8,0.3007,370.8,0.2977923472985513,long_nclose,110.42140237830283,0.05393960176489771,11.0
1703577780000.0,517441,1703577780000.0,0.15381482790663703,-0.0031814060000000003,2047.2811046402128,2048.3008174340034,-52.9,0.3007,317.9,0.2977923472985513,long_nclose,94.66818720620945,0.04624093242087845,27.0
1703579580000.0,517471,1703579580000.0,0.13200743264577167,-0.002730356,2047.4103817168586,2048.4207170780032,-45.4,0.3007,272.5,0.2977923472985513,long_nclose,81.14841463885523,0.03963466013628793,30.0
1703580060000.0,517479,1703580060000.0,0.25912743264577026,-0.0027557799999999998,2047.6667533695045,2049.0992212980036,-45.4,0.3035,227.1,0.2977923472985513,long_nclose,67.628642071501,0.03302717200453433,8.0
1703580660000.0,517489,1703580660000.0,0.21574927211476025,-0.00229446,2047.8802081816193,2048.8849468380035,-37.8,0.3035,189.3,0.2977923472985513,long_nclose,56.372091343615764,0.027527045341031158,10.0
1703582220000.0,517515,1703582220000.0,0.17979106009563356,-0.00191205,2048.058087191715,2048.9429747880035,-31.5,0.3035,157.8,0.2977923472985513,long_nclose,46.9916324037114,0.022944482237877366,26.0
1703582280000.0,517516,1703582280000.0,0.1501112660481004,-0.0015964100000000001,2048.206602047763,2048.9966083780037,-26.3,0.3035,131.5,0.2977923472985513,long_nclose,39.1596936697595,0.019119015450203256,1.0
1703582580000.0,517521,1703582580000.0,0.12499759416172618,-0.0013293299999999999,2048.3302703119252,2048.879109048004,-21.9,0.3035,109.6,0.2977923472985513,long_nclose,32.638041263921224,0.015933973996757375,5.0
1703583300000.0,517533,1703583300000.0,0.10387927916636605,-0.00110474,2048.433044851092,2049.018704308004,-18.2,0.3035,91.4,0.2977923472985513,long_nclose,27.21822054308759,0.013287337172919989,12.0
1703583900000.0,517543,1703583900000.0,0.0,-0.014995968,2048.4180488830916,2049.099688340004,249.6,0.3004,341.0,0.2997010573111073,long_ientry_partial,102.19806054308759,0.04989121268425237,10.0
1703584140000.0,517547,1703584140000.0,0.14117850894907355,-0.0029473240000000003,2048.5562800680405,2049.3744110160037,-48.7,0.3026,292.3,0.2997010573111073,long_nclose,87.60261905203667,0.042763100972323324,4.0
1703584200000.0,517548,1703584200000.0,0.12088591012682479,-0.002523684,2048.674642294167,2049.576537332003,-41.7,0.3026,250.6,0.2997010573111073,long_nclose,75.10508496216349,0.036660328297937333,1.0
1703584680000.0,517556,1703584680000.0,0.10378214826235796,-0.0021666159999999997,2048.776257826429,2049.4419107160033,-35.8,0.3026,214.8,0.2997010573111073,long_nclose,64.37578711042585,0.03142158001124187,8.0
1703585160000.0,517564,1703585160000.0,0.20760214826235843,-0.00218738,2048.981672594691,2049.948083336003,-35.8,0.3055,179.0,0.2997010573111073,long_nclose,53.646489258688206,0.026182024942543257,8.0
1703585220000.0,517565,1703585220000.0,0.1728084921290023,-0.00182078,2049.1526603068205,2050.152142556003,-29.8,0.3055,149.2,0.2997010573111073,long_nclose,44.7153977508172,0.02182140873004647,1.0
1703585580000.0,517571,1703585580000.0,0.256248492129003,-0.0018374680000000003,2049.4070713309497,2050.4218450880035,-29.8,0.3083,119.4,0.2997010573111073,long_nclose,35.784306242946215,0.017460809393863738,6.0
1703585640000.0,517572,1703585640000.0,0.2046548359956467,-0.0014675080000000002,2049.6102586589454,2050.4227575800037,-23.8,0.3083,95.6,0.2997010573111073,long_nclose,28.651421078941855,0.013978960613559967,1.0
1703585700000.0,517573,1703585700000.0,0.16423980535785093,-0.0011777060000000004,2049.7733207583033,2050.4693898740034,-19.1,0.3083,76.5,0.2997010573111073,long_nclose,22.927130884299707,0.011185203091538889,1.0
1703585820000.0,517575,1703585820000.0,0.1315638231400586,-0.0009433980000000002,2049.9039411834433,2050.4363164760034,-15.3,0.3083,61.2,0.2997010573111073,long_nclose,18.341704707439767,0.008947592293934905,2.0
1703585940000.0,517577,1703585940000.0,0.10490710080449117,-0.000752252,2050.008096032248,2050.3902442240037,-12.2,0.3083,49.0,0.2997010573111073,long_nclose,14.685351808244258,0.007163557956999038,2.0
1703586120000.0,517580,1703586120000.0,0.08426963835114865,-0.0006042680000000001,2050.091761402599,2050.4405999560036,-9.8,0.3083,39.2,0.2997010573111073,long_nclose,11.748281446595406,0.0057306124866126264,3.0
1703586360000.0,517584,1703586360000.0,0.06707175297336321,-0.000480948,2050.158352207572,2050.4314990080034,-7.8,0.3083,31.4,0.2997010573111073,long_nclose,9.410613199568768,0.004590188455167669,4.0
1703586480000.0,517586,1703586480000.0,0.05331344467113486,-0.00038229200000000006,2050.211283360243,2050.4078167160033,-6.2,0.3083,25.2,0.2997010573111073,long_nclose,7.552466644239904,0.0036837504044273947,2.0
1703587560000.0,517604,1703587560000.0,0.042994713444463595,-0.0003083,2050.2539697736875,2050.431708416003,-5.0,0.3083,20.2,0.2997010573111073,long_nclose,6.053961357684368,0.002952786067938998,18.0
1703587740000.0,517607,1703587740000.0,0.034395770755570876,-0.00024664,2050.288118904443,2050.432281776003,-4.0,0.3083,16.2,0.2997010573111073,long_nclose,4.855157128439938,0.0023680365133434307,3.0
1703588760000.0,517624,1703588760000.0,0.0275166166044567,-0.00019731200000000002,2050.315438209047,2050.422024464003,-3.2,0.3083,13.0,0.2997010573111073,long_nclose,3.896113745044395,0.0019002508942953943,17.0
1703588880000.0,517626,1703588880000.0,0.02235725099112107,-0.00016031600000000003,2050.3376351440384,2050.427064148003,-2.6,0.3083,10.4,0.2997010573111073,long_nclose,3.116890996035516,0.0015201842577583819,2.0
1703588940000.0,517627,1703588940000.0,0.017197885377785438,-0.00012332,2050.354709709416,2050.431980828003,-2.0,0.3083,8.4,0.2997010573111073,long_nclose,2.5174888814133016,0.001227830906277719,1.0
1703589240000.0,517632,1703589240000.0,0.01375830830222835,-9.865600000000001e-05,2050.3683693617186,2050.4282021720032,-1.6,0.3083,6.8,0.2997010573111073,long_nclose,2.0379671897155296,0.0009939517309028477,5.0
1703590200000.0,517648,1703590200000.0,0.01954820257111755,-0.000105808,2050.3878117562895,2050.4510463640027,-1.7,0.3112,5.1,0.2997010573111073,long_nclose,1.5284753922866472,0.000745456729464954,16.0
1703590500000.0,517653,1703590500000.0,0.024478202571117574,-0.000106794,2050.4121831648604,2050.4577395700026,-1.7,0.3141,3.4,0.2997010573111073,long_nclose,1.0189835948577648,0.0004969652459267674,5.0
1703590620000.0,517655,1703590620000.0,0.01583883695778196,-6.910200000000002e-05,2050.427952899818,2050.4613004680027,-1.1,0.3141,2.3,0.2997010573111073,long_nclose,0.6893124318155467,0.0003361797866834026,2.0
1703590800000.0,517658,1703590800000.0,0.010079259882224884,-4.3973999999999996e-05,2050.4379881857003,2050.4627864940026,-0.7,0.3141,1.6,0.2997010573111073,long_nclose,0.4795216916977717,0.00023386305485008566,3.0
1703591160000.0,517664,1703591160000.0,0.007199471344446345,-3.141e-05,2050.445156247045,2050.461545084003,-0.5,0.3141,1.1,0.2997010573111073,long_nclose,0.32967116304221805,0.00016078028814270714,6.0
1703591280000.0,517666,1703591280000.0,0.004319682806667807,-1.8846e-05,2050.4494570838515,2050.4604962380026,-0.3,0.3141,0.8,0.2997010573111073,long_nclose,0.23976084584888585,0.00011693087338513267,2.0
1703592300000.0,517683,1703592300000.0,0.0022997885377785353,-1.2448e-05,2050.4517444243893,2050.4584637900025,-0.2,0.3112,0.6,0.2997010573111073,long_nclose,0.17982063438666437,8.769805720892218e-05,17.0
1703592360000.0,517684,1703592360000.0,0.0011498942688892677,-6.224e-06,2050.452888094658,2050.4588875660024,-0.1,0.3112,0.5,0.2997010573111073,long_nclose,0.14985052865555365,7.308167357836698e-05,1.0
1703593800000.0,517708,1703593800000.0,0.0011498942688892677,-6.224e-06,2050.454031764927,2050.4587113420025,-0.1,0.3112,0.4,0.2997010573111073,long_nclose,0.11988042292444293,5.846530625280876e-05,24.0
1703594220000.0,517715,1703594220000.0,0.0011498942688892677,-6.224e-06,2050.455175435196,2050.4586251180026,-0.1,0.3112,0.3,0.2997010573111073,long_nclose,0.08991031719333219,4.384895523222023e-05,7.0
1703594280000.0,517716,1703594280000.0,0.0011498942688892677,-6.224e-06,2050.456319105465,2050.4589388940026,-0.1,0.3112,0.2,0.2997010573111073,long_nclose,0.05994021146222146,2.923262051657412e-05,1.0
1703594520000.0,517720,1703594520000.0,0.001439894268889269,-6.282e-06,2050.457752717734,2050.459212612003,-0.1,0.3141,0.1,0.2997010573111073,long_nclose,0.02997010573111073,1.4616300039046168e-05,4.0
1703597820000.0,517775,1703597820000.0,0.0011498942688892677,-6.224e-06,2050.458896388003,2050.458896388003,-0.1,0.3112,0.0,0.2997010573111073,long_nclose,0.0,0.0,55.0
1703603040000.0,517862,1703603040000.0,0.0,-0.020503152000000004,2050.438393236003,2050.438393236003,334.8,0.3062,334.8,0.3062,long_ientry_normal,102.51576000000001,0.04999699592934835,87.0
1703611200000.0,517998,1703611200000.0,0.0,-0.020504639999999998,2050.4178885960027,2047.8782585960028,344.5,0.2976,679.3,0.30183859855733847,long_rentry,205.03896,0.09999862034972676,136.0
1703612220000.0,518015,1703612220000.0,0.0,-0.020501856000000002,2050.3973867400027,2043.6398267400027,350.1,0.2928,1029.4,0.29876456188070716,long_rentry,307.54823999999996,0.14999445570352657,17.0
1703612340000.0,518017,1703612340000.0,0.0,-0.029486832000000004,2050.3678999080025,2020.2046999080026,509.8,0.2892,1539.2,0.2955966735966736,long_rentry,454.9824,0.22190281072017098,2.0
1703612340000.0,518017,1703612340000.0,0.0,-0.043496837999999996,2050.3244030700025,2013.0718130700027,762.3,0.2853,2301.5,0.29218622202911143,long_rentry,672.46659,0.32798058150851583,0.0
1703612340000.0,518017,1703612340000.0,0.0,-0.064033964,2050.2603691060026,2007.4227591060028,1139.8,0.2809,3441.3,0.28844808938482547,long_rentry,992.63641,0.4841513911878568,0.0
1703612340000.0,518017,1703612340000.0,0.0,-0.093941016,2050.1664280900027,2008.010538090003,1704.3,0.2756,5145.6,0.2841926092195273,long_rentry,1462.34149,0.713279405010237,0.0
1703612340000.0,518017,1703612340000.0,0.0,-0.11756440800000001,2050.048863682003,2022.9653336820031,2184.4,0.2691,7330.0,0.2796948881309686,long_rentry,2050.16353,1.0000559334560402,0.0
1703612400000.0,518018,1703612400000.0,2.8325226380627626,-0.059140208,2052.822246112066,2092.436633474003,-1047.1,0.2824,6282.9,0.2796948881309686,long_nclose,1757.2950126380624,0.8560385664011017,1.0
1703612400000.0,518018,1703612400000.0,5.6596926380628,-0.059705642,2058.4222331081287,2091.434537832003,-1047.1,0.2851,5235.8,0.2796948881309686,long_nclose,1464.4264952761255,0.7114315380595675,0.0
1703612520000.0,518020,1703612520000.0,4.716500616916818,-0.049755652000000004,2063.0889780730454,2081.000402180003,-872.6,0.2851,4363.2,0.2796948881309686,long_nclose,1220.364735893042,0.5915230747986837,2.0
1703612580000.0,518021,1703612580000.0,3.930597351159649,-0.041464944000000004,2066.978110480205,2088.085497236003,-727.2,0.2851,3636.0,0.2796948881309686,long_nclose,1016.9706132442018,0.49200840980746374,1.0
1703612700000.0,518023,1703612700000.0,5.894037351159635,-0.041857632000000006,2072.8302901993648,2096.1155596040035,-727.2,0.2878,2908.8,0.2796948881309686,long_nclose,813.5764905953615,0.3924954659539985,2.0
1703612760000.0,518024,1703612760000.0,4.714743574215566,-0.033482652,2077.51155112158,2090.787916952003,-581.7,0.2878,2327.1,0.2796948881309686,long_nclose,650.877974169577,0.31329692189590447,1.0
1703612880000.0,518026,1703612880000.0,2.096102382810385,-0.022112356000000003,2079.5855411483903,2091.813044596003,-387.8,0.2851,1939.3,0.2796948881309686,long_nclose,542.4122965523874,0.2608271147398226,2.0
1703613360000.0,518034,1703613360000.0,3.1431623828103774,-0.022321768000000002,2082.7063817632006,2096.212362828003,-387.8,0.2878,1551.5,0.2796948881309686,long_nclose,433.94661893519776,0.20835707939196998,8.0
1703613480000.0,518036,1703613480000.0,4.1902223828103695,-0.02253118,2086.874072966011,2098.982501648003,-387.8,0.2905,1163.7,0.2796948881309686,long_nclose,325.48094131800815,0.1559657794087268,2.0
1703613780000.0,518041,1703613780000.0,3.1432070427012286,-0.01690129,2090.0003787187125,2099.780200358003,-290.9,0.2905,872.8,0.2796948881309686,long_nclose,244.11769836070937,0.11680270532312881,5.0
1703614080000.0,518046,1703614080000.0,2.3576754098226473,-0.012677419999999998,2092.3453767085352,2099.4838629380033,-218.2,0.2905,654.6,0.2796948881309686,long_nclose,183.08827377053206,0.08750384893843285,5.0
1703614320000.0,518050,1703614320000.0,1.0609591436562105,-0.007534604,2093.398801248192,2098.0624083340035,-130.9,0.2878,523.7,0.2796948881309686,long_nclose,146.47621291418827,0.06997052488367321,4.0
1703615580000.0,518071,1703615580000.0,0.4713257549795399,-0.004972144000000001,2093.8651548591715,2096.2244861900035,-87.2,0.2851,436.5,0.2796948881309686,long_nclose,122.0868186691678,0.05830691550783225,21.0
1703615640000.0,518072,1703615640000.0,0.39295163287858426,-0.004145354,2094.2539611380503,2096.438620836004,-72.7,0.2851,363.8,0.2796948881309686,long_nclose,101.75300030204637,0.04858675317808744,1.0
1703616420000.0,518085,1703616420000.0,0.5892416328785829,-0.004184612,2094.839018158929,2097.285746224004,-72.7,0.2878,291.1,0.2796948881309686,long_nclose,81.41918193492496,0.03886655787349286,13.0
1703617740000.0,518107,1703617740000.0,0.7855316328785814,-0.00422387,2095.6203259218078,2098.0675223540043,-72.7,0.2905,218.4,0.2796948881309686,long_nclose,61.08536356780354,0.0291490604534644,22.0
1703617800000.0,518108,1703617800000.0,0.0,-0.008249924,2095.6120759978076,2097.915192430004,141.8,0.2909,360.2,0.2841060065735801,long_ientry_partial,102.33498356780355,0.04883298046422911,1.0
1703618760000.0,518124,1703618760000.0,0.5899675267022335,-0.00420912,2096.19783440451,2098.4728833100044,-72.0,0.2923,288.2,0.2841060065735801,long_nclose,81.87935109450578,0.03906088907766005,16.0
1703619000000.0,518128,1703619000000.0,0.47197402136178684,-0.0033672960000000005,2096.666441129872,2098.6482160140044,-57.6,0.2923,230.6,0.2841060065735801,long_nclose,65.51484511586757,0.031247147295667257,4.0
1703619060000.0,518129,1703619060000.0,0.0,-0.007469704000000001,2096.658971425872,2098.3541863100045,127.6,0.2927,358.2,0.2871674068003003,long_ientry_partial,102.86336511586755,0.049060608576660135,1.0
1703620140000.0,518147,1703620140000.0,0.330295814022074,-0.003494838,2096.9857724018943,2098.5477014720045,-59.7,0.2927,298.5,0.2871674068003003,long_nclose,85.71947092988964,0.040877469011964866,18.0
1703621580000.0,518171,1703621580000.0,0.27496988202507666,-0.0029094380000000007,2097.2578328459194,2098.659222034005,-49.7,0.2927,248.8,0.2871674068003003,long_nclose,71.44725081191471,0.034066984847048024,24.0
1703621640000.0,518172,1703621640000.0,0.0,-0.006400608,2097.2514322379193,2098.5453914260047,109.3,0.2928,358.1,0.2888865981902114,long_ientry_partial,103.45029081191471,0.04932660396446875,1.0
1703623260000.0,518199,1703623260000.0,0.1437648324801984,-0.0029811740000000005,2097.392215896399,2098.286630252004,-51.1,0.2917,307.0,0.2888865981902114,long_nclose,88.68818564439489,0.042284978923930384,27.0
1703623560000.0,518204,1703623560000.0,0.12322699926874146,-0.0025552920000000002,2097.512887603668,2098.2270549600044,-43.8,0.2917,263.2,0.2888865981902114,long_nclose,76.03495264366363,0.036250052666198775,5.0
1703623620000.0,518205,1703623620000.0,0.10578390804805204,-0.002193584,2097.616477927716,2098.3865413760045,-37.6,0.2917,225.6,0.2888865981902114,long_nclose,65.17281655171169,0.03106993925605382,1.0
1703623680000.0,518206,1703623680000.0,0.0,-0.007786872,2097.608691055716,2098.4863945040042,133.2,0.2923,358.8,0.29015378080187204,long_ientry_partial,104.10717655171169,0.0496313621294709,1.0
1703623740000.0,518207,1703623740000.0,0.1457264229441506,-0.00300032,2097.7514171586604,2098.6576741840045,-51.2,0.293,307.6,0.29015378080187204,long_nclose,89.25130297465584,0.04254617694194862,1.0
1703625660000.0,518239,1703625660000.0,0.12494902279781664,-0.00257254,2097.873793641458,2098.6243416440043,-43.9,0.293,263.7,0.29015378080187204,long_nclose,76.51355199745366,0.036471951853997174,32.0
1703625720000.0,518240,1703625720000.0,0.0,-0.00552598,2097.868267661458,2098.6904156640044,94.3,0.293,358.0,0.2909034971995912,long_ientry_partial,104.14345199745364,0.04964251264143708,1.0
1703625720000.0,518240,1703625720000.0,0.0788285052953707,-0.00220336,2097.9448928067536,2098.6806923040044,-37.6,0.293,320.4,0.2909034971995912,long_nclose,93.20548050274901,0.04442703944337321,0.0
1703626140000.0,518247,1703626140000.0,0.12780017797868348,-0.0026844180000000005,2098.070008566732,2098.9206178860045,-45.7,0.2937,274.7,0.2909034971995912,long_nclose,79.9111906807277,0.038087952429822845,7.0
1703626200000.0,518248,1703626200000.0,0.0,-0.0048274799999999994,2098.065181086732,2098.9871504060043,82.1,0.294,356.8,0.2916160052710978,long_ientry_partial,104.04859068072771,0.049592639741932995,1.0
1703626260000.0,518249,1703626260000.0,0.1417053317011206,-0.002996992,2098.203889426433,2099.055513414004,-50.9,0.2944,305.9,0.2916160052710978,long_nclose,89.20533601242882,0.042515094201266625,1.0
1703626320000.0,518250,1703626320000.0,0.12166056965302495,-0.002573056,2098.322976940086,2099.105380358004,-43.7,0.2944,262.2,0.2916160052710978,long_nclose,76.46171658208185,0.036439441126257605,1.0
1703626380000.0,518251,1703626380000.0,0.0,-0.005532588,2098.317444352086,2098.921797770004,93.9,0.2946,356.1,0.2924028547657451,long_ientry_partial,104.12465658208184,0.04962292853369154,1.0
1703629080000.0,518296,1703629080000.0,0.1420949779001486,-0.002999232,2098.4565400979864,2099.3410385380043,-50.8,0.2952,305.3,0.2924028547657451,long_nclose,89.270591559982,0.042541072380662,45.0
1703629980000.0,518311,1703629980000.0,0.28433497790014706,-0.00302768,2098.7378473958865,2100.2895708580045,-50.8,0.298,254.5,0.2924028547657451,long_nclose,74.41652653788213,0.035457752205792704,15.0
1703630280000.0,518316,1703630280000.0,0.42741469242357377,-0.003062144,2099.16219994431,2100.912578714004,-50.9,0.3008,203.6,0.2924028547657451,long_nclose,59.533221230305706,0.02836046744357587,5.0
1703631180000.0,518331,1703631180000.0,0.34176381103417397,-0.0024485120000000003,2099.5015152433443,2100.9019902020045,-40.7,0.3008,162.9,0.2924028547657451,long_nclose,47.632425041339886,0.02268749257645523,15.0
1703634060000.0,518379,1703634060000.0,0.27290722011328383,-0.0019552000000000003,2099.7724672634577,2100.9326550020046,-32.5,0.3008,130.4,0.2924028547657451,long_nclose,38.129332261453165,0.018158792371987555,48.0
1703634180000.0,518381,1703634180000.0,0.2183257760906271,-0.0015641600000000002,2099.9892288795486,2100.907650842005,-26.0,0.3008,104.4,0.2924028547657451,long_nclose,30.526858037543793,0.014536673625622084,2.0
1703634300000.0,518383,1703634300000.0,0.17466062087250167,-0.0012513280000000003,2100.1626381724213,2100.914799514005,-20.8,0.3008,83.6,0.2924028547657451,long_nclose,24.44487865841629,0.011639516966023366,2.0
1703636520000.0,518420,1703636520000.0,0.23611033539592743,-0.0012694660000000001,2100.3974790418174,2101.124620048005,-20.9,0.3037,62.7,0.2924028547657451,long_nclose,18.33365899381222,0.008728661682728678,37.0
1703636880000.0,518426,1703636880000.0,0.17623546565437645,-0.0009475440000000001,2100.5727669634716,2101.104862504005,-15.6,0.3037,47.1,0.2924028547657451,long_nclose,13.772174459466596,0.006556390083727145,6.0
1703636940000.0,518427,1703636940000.0,0.13217659924078234,-0.0007106580000000001,2100.704232904712,2101.118311846005,-11.7,0.3037,35.4,0.2924028547657451,long_nclose,10.351061058707376,0.004927424287804013,1.0
1703637540000.0,518437,1703637540000.0,0.058780016639784216,-0.00042112,2100.7625918013523,2101.009590726005,-7.0,0.3008,28.4,0.2924028547657451,long_nclose,8.30424107534716,0.003952965036485383,10.0
1703637660000.0,518439,1703637660000.0,0.04702401331182737,-0.000336896,2100.809278918664,2100.996173830005,-5.6,0.3008,22.8,0.2924028547657451,long_nclose,6.6667850886589894,0.0031734366158600274,2.0
1703637720000.0,518440,1703637720000.0,0.037787153554146996,-0.00027072000000000006,2100.846795352218,2101.015103110005,-4.5,0.3008,18.3,0.2924028547657451,long_nclose,5.350972242213136,0.002547054956149726,1.0
1703638080000.0,518446,1703638080000.0,0.05083715355414706,-0.00027333000000000007,2100.8973591757726,2101.0560197800055,-4.5,0.3037,13.8,0.2924028547657451,long_nclose,4.035159395767283,0.0019206837393285902,6.0
1703638200000.0,518448,1703638200000.0,0.03841029379646666,-0.000206516,2100.935562953569,2101.053053264005,-3.4,0.3037,10.4,0.2924028547657451,long_nclose,3.0409896895637494,0.0014474454824728747,2.0
1703638260000.0,518449,1703638260000.0,0.029372577609062745,-0.00015792400000000001,2100.964777607178,2101.048995340005,-2.6,0.3037,7.8,0.2924028547657451,long_nclose,2.280742267172812,0.0010855690164260562,1.0
1703640060000.0,518479,1703640060000.0,0.012595717851382332,-9.024000000000002e-05,2100.9772830850293,2101.030815100005,-1.5,0.3008,6.3,0.2924028547657451,long_nclose,1.8421379850241941,0.0008768005250962251,30.0
1703640180000.0,518481,1703640180000.0,0.010076574281105866,-7.2192e-05,2100.98728746731,2101.028072908005,-1.2,0.3008,5.1,0.2924028547657451,long_nclose,1.4912545593053,0.0007097875214194997,2.0
1703640960000.0,518494,1703640960000.0,0.008397145234254888,-6.016000000000001e-05,2100.9956244525442,2101.0275927480047,-1.0,0.3008,4.1,0.2924028547657451,long_nclose,1.1988517045395548,0.0005706112333536816,13.0
1703641020000.0,518495,1703641020000.0,0.00671771618740391,-4.8128000000000004e-05,2101.0022940407316,2101.0309946200045,-0.8,0.3008,3.3,0.2924028547657451,long_nclose,0.9649294207269589,0.0004592709981630567,1.0
1703641920000.0,518510,1703641920000.0,0.009037716187403922,-4.859200000000001e-05,2101.011283164919,2101.0400260280044,-0.8,0.3037,2.5,0.2924028547657451,long_nclose,0.7310071369143628,0.00034793108574514135,15.0
1703643120000.0,518530,1703643120000.0,0.004198572617127444,-3.0080000000000003e-05,2101.015451657536,2101.0310459480042,-0.5,0.3008,2.0,0.2924028547657451,long_nclose,0.5848057095314902,0.00027834431634956544,20.0
1703643900000.0,518543,1703643900000.0,0.0,-0.020890847999999997,2100.994560809536,2101.1821551000044,350.4,0.2981,352.4,0.2980676665991245,long_ientry_partial,105.03904570953146,0.04999491558372183,13.0
1703647920000.0,518610,1703647920000.0,0.0,-0.021009044000000004,2100.973551765536,2097.8102860560043,362.6,0.2897,715.0,0.2938241478454986,long_rentry,210.0842657095315,0.0999937698087579,67.0
1703657640000.0,518772,1703657640000.0,0.29362450497459536,-0.006058614,2101.2611176565106,2102.9011474420045,-102.1,0.2967,612.9,0.2938241478454986,long_nclose,180.0848202145061,0.08570320875463144,162.0
1703657700000.0,518773,1703657700000.0,0.2516370635188746,-0.005192250000000001,2101.5075624700294,2103.2286951920046,-87.5,0.2967,525.4,0.2938241478454986,long_nclose,154.37520727802496,0.07345926802022944,1.0
1703657940000.0,518777,1703657940000.0,0.21568891158760678,-0.0044505000000000005,2101.718800881617,2102.9690446920044,-75.0,0.2967,450.4,0.2938241478454986,long_nclose,132.33839618961255,0.06296674709009598,4.0
1703658240000.0,518782,1703658240000.0,0.18491729353444153,-0.003815562,2101.8999026131514,2102.9330491300043,-64.3,0.2967,386.1,0.2938241478454986,long_nclose,113.44550348314702,0.05397283826033191,5.0
1703672880000.0,519026,1703672880000.0,0.15845945371302844,-0.003269634000000001,2102.0550924328645,2103.0731994960047,-55.1,0.2967,331.0,0.2938241478454986,long_nclose,97.25579293686003,0.046267004745483946,244.0
1703674740000.0,519057,1703674740000.0,0.31273945371302675,-0.00330049,2102.3645313965776,2103.9580890060047,-55.1,0.2995,275.9,0.2938241478454986,long_nclose,81.06608239057306,0.03855947966203642,31.0
1703674860000.0,519059,1703674860000.0,0.26052161389161393,-0.00274941,2102.6223036004694,2103.904749596005,-45.9,0.2995,230.0,0.2938241478454986,long_nclose,67.57955400446468,0.03214060551376413,2.0
1703674920000.0,519060,1703674920000.0,0.21738513751740332,-0.00229417,2102.837394567987,2103.9637954260047,-38.3,0.2995,191.7,0.2938241478454986,long_nclose,56.32608914198208,0.026785755897000243,1.0
1703675100000.0,519063,1703675100000.0,0.18105968372859443,-0.0019108099999999998,2103.0165434417154,2103.9235446160046,-31.9,0.2995,159.8,0.2938241478454986,long_nclose,46.953098825710676,0.02232654753579306,3.0
1703675160000.0,519064,1703675160000.0,0.15097766730973705,-0.0015933400000000002,2103.165927769025,2103.9485912760047,-26.6,0.2995,133.2,0.2938241478454986,long_nclose,39.13737649302041,0.018608791620419677,1.0
1703675460000.0,519069,1703675460000.0,0.12600391782993092,-0.00132978,2103.290601906855,2103.9317214960047,-22.2,0.2995,111.0,0.2938241478454986,long_nclose,32.61448041085034,0.015506407141876576,5.0
1703675760000.0,519074,1703675760000.0,0.10500326485827577,-0.00110815,2103.394497021713,2104.0027633460045,-18.5,0.2995,92.5,0.2938241478454986,long_nclose,27.17873367570862,0.012921367681712662,5.0
1703676660000.0,519089,1703676660000.0,0.08740812317932145,-0.0009224600000000001,2103.4809826848923,2103.910880886004,-15.4,0.2995,77.1,0.2938241478454986,long_nclose,22.65384179888794,0.010769691756363053,15.0
1703676960000.0,519094,1703676960000.0,0.07265090757761783,-0.00076672,2103.55286687247,2103.9242541660046,-12.8,0.2995,64.3,0.2938241478454986,long_nclose,18.89289270646556,0.00898142043587201,5.0
1703677140000.0,519097,1703677140000.0,0.0607316180531649,-0.00064093,2103.6129575605232,2103.9225432360045,-10.7,0.2995,53.6,0.2938241478454986,long_nclose,15.748974324518725,0.00748663116373945,3.0
1703677320000.0,519100,1703677320000.0,0.0505150841750624,-0.00053311,2103.662939534698,2103.9166501260042,-8.9,0.2995,44.7,0.2938241478454986,long_nclose,13.133939408693788,0.006243366825485284,3.0
1703677380000.0,519101,1703677380000.0,0.04200130594331031,-0.00044326,2103.7044975806416,2103.9497768660044,-7.4,0.2995,37.3,0.2938241478454986,long_nclose,10.959640714637096,0.0052096864018882855,1.0
1703678160000.0,519114,1703678160000.0,0.035190283357908636,-0.00037138000000000004,2103.7393164839996,2103.9251654860045,-6.2,0.2995,31.1,0.2938241478454986,long_nclose,9.137930997995007,0.004343661273235755,13.0
1703679060000.0,519129,1703679060000.0,0.0289468459879571,-0.00030548999999999995,2103.7679578399875,2103.9233299960047,-5.1,0.2995,26.0,0.2938241478454986,long_nclose,7.639427843982963,0.0036313072530235854,15.0
1703679780000.0,519141,1703679780000.0,0.02440616426435599,-0.00025757,2103.7921064342518,2103.9131024260046,-4.3,0.2995,21.7,0.2938241478454986,long_nclose,6.375984008247319,0.003030710110921591,12.0
1703680080000.0,519146,1703680080000.0,0.020433067756205014,-0.00021564000000000002,2103.812323862008,2103.9168667860044,-3.6,0.2995,18.1,0.2938241478454986,long_nclose,5.318217076003525,0.002527895200385923,5.0
1703680380000.0,519151,1703680380000.0,0.01702755646350418,-0.0001797,2103.829171718471,2103.917897086004,-3.0,0.2995,15.1,0.2938241478454986,long_nclose,4.436744632467029,0.0021088901571048005,5.0
1703680860000.0,519159,1703680860000.0,0.014189630386253482,-0.00014975,2103.843211598857,2103.913467336004,-2.5,0.2995,12.6,0.2938241478454986,long_nclose,3.702184262853282,0.0017597244140829934,8.0
1703682900000.0,519193,1703682900000.0,0.011919289524452925,-0.00012579,2103.8550050983818,2103.916701546004,-2.1,0.2995,10.5,0.2938241478454986,long_nclose,3.085153552377735,0.001466428791385966,34.0
1703683680000.0,519206,1703683680000.0,0.017799289524452977,-0.000126966,2103.8726774219062,2103.940514580004,-2.1,0.3023,8.4,0.2938241478454986,long_nclose,2.468122841902188,0.001173133178822701,13.0
1703683980000.0,519211,1703683980000.0,0.013561363447202268,-9.673600000000002e-05,2103.886142049353,2103.9451378440035,-1.6,0.3023,6.8,0.2938241478454986,long_nclose,1.9980042053493905,0.0009496731621622712,5.0
1703684700000.0,519223,1703684700000.0,0.011018607800851843,-7.859800000000001e-05,2103.897082059154,2103.9431492460035,-1.3,0.3023,5.5,0.2938241478454986,long_nclose,1.6160328131502424,0.0007681140046872338,12.0
1703684760000.0,519224,1703684760000.0,0.00932343736995156,-6.650600000000002e-05,2103.9063389905236,2103.9467127400035,-1.1,0.3023,4.4,0.2938241478454986,long_nclose,1.292826250520194,0.0006144885000634133,1.0
1703685000000.0,519228,1703685000000.0,0.012403437369951526,-6.712200000000001e-05,2103.9186753058934,2103.955225618003,-1.1,0.3051,3.3,0.2938241478454986,long_nclose,0.9696196878901453,0.0004608636727601508,4.0
1703685060000.0,519229,1703685060000.0,0.00902068172360111,-4.8816e-05,2103.927647171617,2103.9553368020033,-0.8,0.3051,2.5,0.2938241478454986,long_nclose,0.7345603696137465,0.00034913765718191,1.0
1703685180000.0,519231,1703685180000.0,0.0067655112927008315,-3.6611999999999994e-05,2103.93437607091,2103.9590301900034,-0.6,0.3051,1.9,0.2938241478454986,long_nclose,0.5582658809064474,0.0002653437708209355,2.0
1703685300000.0,519233,1703685300000.0,0.008445511292700847,-3.6948e-05,2103.942784634203,2103.962383242004,-0.6,0.3079,1.3,0.2938241478454986,long_nclose,0.38197139219914816,0.0001815502755059752,2.0
1703685480000.0,519236,1703685480000.0,0.010185511292700854,-3.7296000000000003e-05,2103.9529328494955,2103.9656559460036,-0.6,0.3108,0.7,0.2938241478454986,long_nclose,0.205676903491849,9.775736913148995e-05,3.0
1703685540000.0,519237,1703685540000.0,0.013843096508150975,-4.3904e-05,2103.9667320420035,2103.9667320420035,-0.7,0.3136,0.0,0.2938241478454986,long_nclose,0.0,0.0,1.0
1703726700000.0,519923,1703726700000.0,0.0,-0.021040523999999998,2103.9456915180035,2104.1081415180033,324.9,0.3238,324.9,0.3238,long_ientry_normal,105.20261999999998,0.05000253591341322,686.0
1703741220000.0,520165,1703741220000.0,0.0,-0.021040842,2103.9246506760037,2100.968060676004,334.3,0.3147,659.2,0.31918511832524266,long_rentry,210.40682999999999,0.10000682768386929,242.0
1703756520000.0,520420,1703756520000.0,0.29311036559466375,-0.006065686,2104.2116953555983,2106.3674849900035,-94.1,0.3223,565.1,0.31918511832524266,long_nclose,180.37151036559465,0.08571927946399567,255.0
1703756640000.0,520422,1703756640000.0,0.2513709511529157,-0.005201922,2104.457864384751,2106.4026730680034,-80.7,0.3223,484.4,0.31918511832524266,long_nclose,154.61327131674753,0.07346940698285234,2.0
1703756820000.0,520425,1703756820000.0,0.21554981189320652,-0.004460632,2104.668953564644,2106.709612436003,-69.2,0.3223,415.2,0.31918511832524266,long_nclose,132.52566112864073,0.06296746141676302,3.0
1703757060000.0,520429,1703757060000.0,0.4231498118932067,-0.004502152,2105.0876012245376,2107.2033502840036,-69.2,0.3253,346.0,0.31918511832524266,long_nclose,110.43805094053396,0.052462449009861495,4.0
1703757120000.0,520430,1703757120000.0,0.35221718446602174,-0.0037474559999999997,2105.4360709530038,2107.1419228280038,-57.6,0.3253,288.4,0.31918511832524266,long_nclose,92.05298812499997,0.0437215783442587,1.0
1703757360000.0,520434,1703757360000.0,0.29351432038835146,-0.00312288,2105.7264623933925,2107.316679948004,-48.0,0.3253,240.4,0.31918511832524266,long_nclose,76.73210244538834,0.03643972938354669,4.0
1703757480000.0,520436,1703757480000.0,0.24459526699029288,-0.0026024,2105.968455260383,2107.1337575480043,-40.0,0.3253,200.4,0.31918511832524266,long_nclose,63.96469771237863,0.030373055946115775,2.0
1703757540000.0,520437,1703757540000.0,0.20423704793689454,-0.002173004,2106.1705193043204,2107.308604544005,-33.4,0.3253,167.0,0.31918511832524266,long_nclose,53.30391476031552,0.025308451652776003,1.0
1703757660000.0,520439,1703757660000.0,0.30777704793689614,-0.002193712,2106.476102640257,2107.9343308320044,-33.4,0.3284,133.6,0.31918511832524266,long_nclose,42.64313180825242,0.020243824154854415,2.0
1703757720000.0,520440,1703757720000.0,0.41131704793689583,-0.0022144200000000004,2106.8852052681937,2108.0690564120046,-33.4,0.3315,100.2,0.31918511832524266,long_nclose,31.982348856189315,0.015179919995744693,1.0
1703757960000.0,520444,1703757960000.0,0.307872041868934,-0.0016575,2107.1914198100626,2108.1325389120043,-25.0,0.3315,75.2,0.31918511832524266,long_nclose,24.00272089805825,0.011390859260532581,4.0
1703758260000.0,520449,1703758260000.0,0.3828720418689341,-0.0016725000000000002,2107.5726193519313,2108.301266412004,-25.0,0.3345,50.2,0.31918511832524266,long_nclose,16.02309293992718,0.007602629106490389,5.0
1703758320000.0,520450,1703758320000.0,0.25575852396844795,-0.00111723,2107.8272606458995,2108.390559182004,-16.7,0.3345,33.5,0.31918511832524266,long_nclose,10.692701463895629,0.005072854717999555,1.0
1703758440000.0,520452,1703758440000.0,0.3075285239684478,-0.001127584,2108.1336615858677,2108.4783115980035,-16.7,0.3376,16.8,0.31918511832524266,long_nclose,5.3623099878640765,0.002543629033384068,2.0
1703758500000.0,520453,1703758500000.0,0.3614500121359234,-0.0011447520000000002,2108.4939668460033,2108.4939668460033,-16.8,0.3407,0.0,0.31918511832524266,long_nclose,0.0,0.0,1.0
1703768160000.0,520614,1703768160000.0,0.0,-0.021086010000000002,2108.4728808360032,2108.7000308360034,324.5,0.3249,324.5,0.3249,long_ientry_normal,105.43005000000001,0.05000303819805228,161.0
1703768760000.0,520624,1703768760000.0,0.1435299999999996,-0.00303728,2108.613373556003,2109.948733556003,-46.3,0.328,278.2,0.3249,long_nclose,90.38718,0.04286569607000522,10.0
1703768940000.0,520627,1703768940000.0,0.2916899999999987,-0.0030669119999999998,2108.901996644003,2110.362966644003,-46.3,0.3312,231.9,0.3249,long_nclose,75.34431000000001,0.0357267953275681,3.0
1703769000000.0,520628,1703769000000.0,0.24317999999999895,-0.0025568640000000003,2109.142619780003,2110.437729780003,-38.6,0.3312,193.3,0.3249,long_nclose,62.80317000000001,0.029776635022695043,1.0
1703769240000.0,520632,1703769240000.0,0.20285999999999912,-0.002132928,2109.343346852003,2110.3743868520028,-32.2,0.3312,161.1,0.3249,long_nclose,52.341390000000004,0.02481406835834224,4.0
1703769720000.0,520640,1703769720000.0,0.16883999999999927,-0.0017752320000000003,2109.5104116200027,2110.3833616200027,-26.8,0.3312,134.3,0.3249,long_nclose,43.63407000000001,0.02068445349197928,8.0
1703769840000.0,520642,1703769840000.0,0.1404899999999994,-0.0014771520000000002,2109.6494244680025,2110.3662244680027,-22.3,0.3312,112.0,0.3249,long_nclose,36.3888,0.01724874264792895,2.0
1703770260000.0,520649,1703770260000.0,0.11717999999999949,-0.0012320640000000002,2109.765372404003,2110.223032404003,-18.6,0.3312,93.4,0.3249,long_nclose,30.345660000000002,0.014383428791146666,7.0
1703770560000.0,520654,1703770560000.0,0.04122999999999989,-0.00087248,2109.8057299240027,2110.1020999240027,-13.3,0.328,80.1,0.3249,long_nclose,26.02449,0.012335017215512742,5.0
1703770920000.0,520660,1703770920000.0,0.0,-0.015887652,2109.7898422720027,2109.7894522720026,244.2,0.3253,324.3,0.32520120259019425,long_ientry_partial,105.46275,0.04998732475004651,6.0
1703771640000.0,520672,1703771640000.0,0.14347432007400535,-0.003040058,2109.9302765340767,2110.819542214003,-46.3,0.3283,278.0,0.32520120259019425,long_nclose,90.405934320074,0.04284783024611661,12.0
1703772480000.0,520686,1703772480000.0,0.12302225716928754,-0.0026067020000000002,2110.0506920892462,2111.289565512003,-39.7,0.3283,238.3,0.32520120259019425,long_nclose,77.4954465772433,0.036726817449353286,14.0
1703772540000.0,520687,1703772540000.0,0.250062257169289,-0.0026321100000000004,2110.2981222364156,2111.628503402003,-39.7,0.3315,198.6,0.32520120259019425,long_nclose,64.58495883441257,0.030604661092134146,1.0
1703772720000.0,520690,1703772720000.0,0.37313225716928866,-0.0026567240000000005,2110.6685977695847,2112.130286678003,-39.7,0.3346,158.9,0.32520120259019425,long_nclose,51.67447109158187,0.02448251286165343,3.0
1703772840000.0,520692,1703772840000.0,0.29794187789084253,-0.002121364,2110.964418283476,2112.6560253140033,-31.7,0.3346,127.2,0.32520120259019425,long_nclose,41.36559296947271,0.01959558986934939,2.0
1703772840000.0,520692,1703772840000.0,0.3962118778908423,-0.002141018,2111.3584891433666,2112.628524296003,-31.7,0.3377,95.5,0.32520120259019425,long_nclose,31.05671484736355,0.01470935182587779,0.0
1703773080000.0,520696,1703773080000.0,0.2974713783533769,-0.001607452,2111.65435306972,2112.600706844003,-23.8,0.3377,71.7,0.32520120259019425,long_nclose,23.31692622571693,0.011042018402216738,4.0
1703773200000.0,520698,1703773200000.0,0.3728112580943572,-0.0016290239999999997,2112.025535303814,2112.775937820003,-23.9,0.3408,47.8,0.32520120259019425,long_nclose,15.544617483811285,0.007360051866785407,2.0
1703773320000.0,520700,1703773320000.0,0.44929125809435677,-0.00164432,2112.4731822419085,2112.922473500003,-23.9,0.344,23.9,0.32520120259019425,long_nclose,7.7723087419056425,0.0036792461117338823,2.0
1703773380000.0,520701,1703773380000.0,0.22370568917668812,-0.0008187199999999999,2112.696069211085,2112.8496547800028,-11.9,0.344,12.0,0.32520120259019425,long_nclose,3.902414431082331,0.0018471253333374902,1.0
1703773500000.0,520703,1703773500000.0,0.03749639222941725,-0.00020262000000000004,2112.7333629833147,2112.887252160003,-3.0,0.3377,9.0,0.32520120259019425,long_nclose,2.9268108233117482,0.0013853195460400663,2.0
1703773500000.0,520703,1703773500000.0,0.04679639222941723,-0.00020448,2112.779954895544,2112.882547680003,-3.0,0.3408,6.0,0.32520120259019425,long_nclose,1.9512072155411655,0.0009235259975938352,0.0
1703773560000.0,520704,1703773560000.0,0.05639639222941717,-0.0002064,2112.8361448877736,2112.894641280003,-3.0,0.344,3.0,0.32520120259019425,long_nclose,0.9756036077705827,0.00046175071840339203,1.0
1703773680000.0,520706,1703773680000.0,0.028198196114708585,-0.0001032,2112.8642398838883,2112.894238080003,-1.5,0.344,1.5,0.32520120259019425,long_nclose,0.4878018038852914,0.00023087228922578497,2.0
1703773740000.0,520707,1703773740000.0,0.032848196114708655,-0.00010413000000000002,2112.896983950003,2112.896983950003,-1.5,0.3471,0.0,0.32520120259019425,long_nclose,0.0,0.0,1.0
1703786760000.0,520924,1703786760000.0,0.0,-0.021128754,2112.8758551960027,2112.844025196003,318.3,0.3319,318.3,0.3319,long_ientry_normal,105.64376999999999,0.04999998922804665,217.0
1703787660000.0,520939,1703787660000.0,0.14528000000000163,-0.0030427080000000003,2113.018092488003,2113.7822124880026,-45.4,0.3351,272.9,0.3319,long_nclose,90.57550999999998,0.042865468271192406,15.0
1703788080000.0,520946,1703788080000.0,0.1244800000000014,-0.002607078,2113.139965410003,2114.005765410003,-38.9,0.3351,234.0,0.3319,long_nclose,77.6646,0.03675317360482134,7.0
1703788260000.0,520949,1703788260000.0,0.24960000000000065,-0.00263874,2113.386926670003,2114.673926670003,-39.0,0.3383,195.0,0.3319,long_nclose,64.7205,0.030624065656532685,3.0
1703788560000.0,520954,1703788560000.0,0.20800000000000055,-0.00219895,2113.592727720003,2114.860227720003,-32.5,0.3383,162.5,0.3319,long_nclose,53.933749999999996,0.025517569819697467,5.0
1703788680000.0,520956,1703788680000.0,0.17280000000000045,-0.00182682,2113.7637009000027,2114.576700900003,-27.0,0.3383,135.5,0.3319,long_nclose,44.972449999999995,0.02127600638654715,2.0
1703788740000.0,520957,1703788740000.0,0.14400000000000038,-0.00152235,2113.9061785500026,2114.6632785500024,-22.5,0.3383,113.0,0.3319,long_nclose,37.5047,0.017741894309484304,1.0
1703789400000.0,520968,1703789400000.0,0.051520000000000586,-0.0010790220000000002,2113.9566195280026,2114.4217395280025,-16.1,0.3351,96.9,0.3319,long_nclose,32.16111,0.015213703868332373,11.0
1703789820000.0,520975,1703789820000.0,0.044160000000000504,-0.0009248760000000001,2113.9998546520023,2114.2574646520025,-13.8,0.3351,83.1,0.3319,long_nclose,27.580889999999997,0.013046779515763138,7.0
1703790000000.0,520978,1703790000000.0,0.03776000000000043,-0.0007908360000000002,2114.0368238160027,2114.329153816003,-11.8,0.3351,71.3,0.3319,long_nclose,23.664469999999998,0.01119397246699032,3.0
1703790300000.0,520983,1703790300000.0,0.03232000000000036,-0.0006769020000000001,2114.0684669140023,2114.276546914002,-10.1,0.3351,61.2,0.3319,long_nclose,20.312279999999998,0.009608146717050615,5.0
1703790480000.0,520986,1703790480000.0,0.027840000000000312,-0.0005830739999999999,2114.0957238400024,2114.2217238400026,-8.7,0.3351,52.5,0.3319,long_nclose,17.42475,0.008242176455638453,3.0
1703790540000.0,520987,1703790540000.0,0.02400000000000027,-0.0005026500000000001,2114.1192211900025,2114.2992211900023,-7.5,0.3351,45.0,0.3319,long_nclose,14.9355,0.007064644155495192,1.0
1703790660000.0,520989,1703790660000.0,0.048000000000000126,-0.00050745,2114.1667137400023,2114.4104637400023,-7.5,0.3383,37.5,0.3319,long_nclose,12.44625,0.005887071213027633,2.0
1703791260000.0,520999,1703791260000.0,0.039680000000000104,-0.000419492,2114.205974248002,2114.412554248002,-6.2,0.3383,31.3,0.3319,long_nclose,10.38847,0.004913650858306299,10.0
1703791860000.0,521009,1703791860000.0,0.03328000000000009,-0.000351832,2114.238902416002,2114.379842416002,-5.2,0.3383,26.1,0.3319,long_nclose,8.66259,0.004097261662388771,10.0
1703792100000.0,521013,1703792100000.0,0.027520000000000072,-0.00029093799999999997,2114.266131478002,2114.4274514780022,-4.3,0.3383,21.8,0.3319,long_nclose,7.2354199999999995,0.003422189804905022,4.0
1703792520000.0,521020,1703792520000.0,0.02304000000000006,-0.00024357600000000001,2114.2889279020023,2114.399947902002,-3.6,0.3383,18.2,0.3319,long_nclose,6.040579999999999,0.002857026738532862,7.0
1703793660000.0,521039,1703793660000.0,0.0,-0.019934051999999997,2114.2689938500025,2114.2871938500025,299.4,0.3329,317.6,0.3328426952141057,long_ientry_partial,105.71083999999998,0.04999876567621824,19.0
1703805120000.0,521230,1703805120000.0,0.0,-0.021143960000000003,2114.2478498900027,2111.4094898900025,326.8,0.3235,644.4,0.3281046554934823,long_rentry,211.43063999999998,0.10000276931155447,191.0
1703809920000.0,521310,1703809920000.0,0.0,-0.021141207999999998,2114.226708682003,2107.844148682003,332.2,0.3182,976.6,0.3247354904771656,long_rentry,317.13667999999996,0.1500012646220429,80.0
1703811180000.0,521331,1703811180000.0,0.0,-0.030415056,2114.196293626003,2104.686773626003,483.7,0.3144,1460.3,0.3213120317742929,long_rentry,469.2119599999999,0.22193396205196572,21.0
1703813100000.0,521363,1703813100000.0,0.0,-0.044867328,2114.151426298003,2094.6492762980033,723.2,0.3102,2183.5,0.31763160064117235,long_rentry,693.5485999999999,0.32805057924088343,32.0
1703814060000.0,521379,1703814060000.0,0.0,-0.06603028400000001,2114.085396014003,2087.159346014003,1081.4,0.3053,3264.9,0.31354712854911326,long_rentry,1023.7000199999999,0.4842283201663152,16.0
1703819340000.0,521467,1703819340000.0,1.4238592446935705,-0.029532448,2115.479722810697,2125.4224335660033,-466.4,0.3166,2798.5,0.31354712854911326,long_nclose,877.4616392446935,0.4147813991234427,88.0
1703819700000.0,521473,1703819700000.0,1.2202327189194258,-0.025309004,2116.674646525616,2124.477634562003,-399.7,0.3166,2398.8,0.31354712854911326,long_nclose,752.1368519636129,0.3553389053902057,6.0
1703819940000.0,521477,1703819940000.0,1.0459137590737935,-0.021693432000000002,2117.6988668526897,2124.387421130003,-342.6,0.3166,2056.2,0.31354712854911326,long_nclose,644.7156057226866,0.30444158790189974,4.0
1703821560000.0,521504,1703821560000.0,2.074319046218883,-0.021905384,2119.7512805149086,2129.4374757460027,-342.7,0.3196,1713.5,0.31354712854911326,long_nclose,537.2630047689056,0.25345568119595574,27.0
1703821620000.0,521505,1703821620000.0,1.728094799228162,-0.01824916,2121.4611261541368,2130.390226586003,-285.5,0.3196,1428.0,0.31354712854911326,long_nclose,447.74529956813376,0.2110551515878224,1.0
1703822100000.0,521513,1703822100000.0,1.4405834053110422,-0.015212960000000001,2122.8864965994476,2129.970413626003,-238.0,0.3196,1190.0,0.31354712854911326,long_nclose,373.1210829734448,0.1757612022927886,8.0
1703822160000.0,521514,1703822160000.0,1.200284408710839,-0.012675336,2124.0741056721586,2130.275078290003,-198.3,0.3196,991.7,0.31354712854911326,long_nclose,310.9446873821556,0.14639069632825163,1.0
1703822700000.0,521523,1703822700000.0,1.7951844087108395,-0.012794316000000002,2125.8564957648696,2132.9597039740033,-198.3,0.3226,793.4,0.31354712854911326,long_nclose,248.76829179086644,0.11702026561363033,9.0
1703822760000.0,521524,1703822760000.0,1.4357854121106362,-0.010232871999999999,2127.2820483049804,2133.3462111020035,-158.6,0.3226,634.8,0.31354712854911326,long_nclose,199.03971720297707,0.09356526905380132,1.0
1703823240000.0,521532,1703823240000.0,1.1488093871175267,-0.008187588,2128.422670104098,2133.223783514003,-126.9,0.3226,507.9,0.31354712854911326,long_nclose,159.25058659009463,0.07482094079664446,8.0
1703823780000.0,521541,1703823780000.0,1.5295093871175272,-0.008263728000000001,2129.9439157632155,2134.1931597860034,-126.9,0.3256,381.0,0.31354712854911326,long_nclose,119.46145597721215,0.05608666739678258,9.0
1703824200000.0,521548,1703824200000.0,1.1474333621244175,-0.006199424000000001,2131.08514970134,2133.9582603620033,-95.2,0.3256,285.8,0.31354712854911326,long_nclose,89.61176933933658,0.04204983050625414,7.0
1703824800000.0,521558,1703824800000.0,0.5169189598456325,-0.003684092000000001,2131.5983845691853,2133.6916462700033,-57.1,0.3226,228.7,0.31354712854911326,long_nclose,71.7082282991822,0.03364059046876931,10.0
1703824980000.0,521561,1703824980000.0,0.4137162253055238,-0.0029485640000000003,2132.009152230491,2133.610927706003,-45.7,0.3226,183.0,0.31354712854911326,long_nclose,57.37912452448773,0.026913169891629285,3.0
1703825040000.0,521562,1703825040000.0,0.3313350951024545,-0.002361432,2132.3381258935938,2133.7952262740037,-36.6,0.3226,146.4,0.31354712854911326,long_nclose,45.903299619590186,0.02152721421718875,1.0
1703825160000.0,521564,1703825160000.0,0.44113509510245463,-0.0023833920000000002,2132.776877596696,2134.1112628820033,-36.6,0.3256,109.8,0.31354712854911326,long_nclose,34.427474714692636,0.016142089252902527,2.0
1703825280000.0,521566,1703825280000.0,0.33024867775429656,-0.0017842879999999998,2133.10534198645,2134.106738594003,-27.4,0.3256,82.4,0.31354712854911326,long_nclose,25.836283392446934,0.012112052266667218,2.0
1703826180000.0,521581,1703826180000.0,0.2482891518882668,-0.0013414720000000002,2133.3522896663385,2134.1033371220033,-20.6,0.3256,61.8,0.31354712854911326,long_nclose,19.377212544335197,0.009082987670716983,15.0
1703826480000.0,521586,1703826480000.0,0.18561422034365577,-0.001002848,2133.536901038682,2134.0636742740035,-15.4,0.3256,46.4,0.31354712854911326,long_nclose,14.548586764678856,0.006818999360918521,5.0
1703826660000.0,521589,1703826660000.0,0.13981330883028614,-0.000755392,2133.675958955512,2134.102358882003,-11.6,0.3256,34.8,0.31354712854911326,long_nclose,10.91144007350914,0.005113916210055891,3.0
1703826900000.0,521593,1703826900000.0,0.10485998162271461,-0.000566544,2133.780252393135,2134.113102338003,-8.7,0.3256,26.1,0.31354712854911326,long_nclose,8.183580055131857,0.0038352496916932224,4.0
1703827620000.0,521605,1703827620000.0,0.07834366443076379,-0.00042328000000000005,2133.8581727775654,2134.0904890580027,-6.5,0.3256,19.6,0.31354712854911326,long_nclose,6.14552371956262,0.002880005708890772,12.0
1703828400000.0,521618,1703828400000.0,0.035306198658458264,-0.000251628,2133.8932273482237,2134.0400674300026,-3.9,0.3226,15.7,0.31354712854911326,long_nclose,4.922689918221078,0.002306905451093481,13.0
1703828580000.0,521621,1703828580000.0,0.02806390149774888,-0.000200012,2133.9210912377216,2134.0414574180027,-3.1,0.3226,12.6,0.31354712854911326,long_nclose,3.950693819718827,0.0018513776521264602,3.0
1703829480000.0,521636,1703829480000.0,0.03736390149774889,-0.00020187200000000002,2133.9582532672193,2134.0689555460026,-3.1,0.3256,9.5,0.31354712854911326,long_nclose,2.978697721216576,0.0013958556671181406,15.0
1703829600000.0,521638,1703829600000.0,0.027721604337039494,-0.000149776,2133.9858250955563,2134.0704457700026,-2.3,0.3256,7.2,0.31354712854911326,long_nclose,2.2575393255536156,0.0010578979949187465,2.0
1703829960000.0,521644,1703829960000.0,0.02169516861159613,-0.00011721600000000001,2134.007403048168,2134.0741085540026,-1.8,0.3256,5.4,0.31354712854911326,long_nclose,1.6931544941652117,0.0007934154735108923,6.0
1703830380000.0,521651,1703830380000.0,0.027095168611596134,-0.00011829600000000001,2134.0343799207794,2134.0914502580026,-1.8,0.3286,3.6,0.31354712854911326,long_nclose,1.1287696627768078,0.0005289369624957544,7.0
1703830560000.0,521654,1703830560000.0,0.018063445741064086,-7.886400000000001e-05,2134.0523645025205,2134.0887313940025,-1.2,0.3286,2.4,0.31354712854911326,long_nclose,0.7525131085178718,0.0003526216699435554,3.0
1703831580000.0,521671,1703831580000.0,0.007231722870532042,-3.9072e-05,2134.059557153391,2134.0821523220025,-0.6,0.3256,1.8,0.31354712854911326,long_nclose,0.5643848313884039,0.0002644653610985597,17.0
1703832180000.0,521681,1703832180000.0,0.009031722870532043,-3.9432000000000005e-05,2134.0685494442614,2134.0867328900026,-0.6,0.3286,1.2,0.31354712854911326,long_nclose,0.3762565542589359,0.00017630949781670223,10.0
1703832420000.0,521685,1703832420000.0,0.006021148580354696,-2.6288000000000003e-05,2134.0745443048418,2134.0867466020027,-0.4,0.3286,0.8,0.31354712854911326,long_nclose,0.25083770283929063,0.00011753933502871103,4.0
1703832540000.0,521687,1703832540000.0,0.007221148580354698,-2.6528000000000004e-05,2134.081738925422,2134.0890800740026,-0.4,0.3316,0.4,0.31354712854911326,long_nclose,0.12541885141964532,5.87694693844284e-05,2.0
1703833080000.0,521696,1703833080000.0,0.003610574290177349,-1.3264000000000002e-05,2134.0853362357125,2134.089046810003,-0.2,0.3316,0.2,0.31354712854911326,long_nclose,0.06270942570982266,2.93846851599829e-05,9.0
1703834520000.0,521720,1703834520000.0,0.001505287145088674,-6.572000000000001e-06,2134.0868349508573,2134.0884802380024,-0.1,0.3286,0.1,0.31354712854911326,long_nclose,0.03135471285491133,1.4692332261931296e-05,24.0
1703834820000.0,521725,1703834820000.0,0.001505287145088674,-6.572000000000001e-06,2134.088333666002,2134.088333666002,-0.1,0.3286,0.0,0.31354712854911326,long_nclose,0.0,0.0,5.0
1703836500000.0,521753,1703836500000.0,0.0,-0.021343986000000002,2134.0669896800023,2134.1000196800023,330.3,0.3231,330.3,0.3231,long_ientry_normal,106.71993,0.050007769444951854,28.0
1703836860000.0,521759,1703836860000.0,0.1460099999999996,-0.003072804,2134.209926876002,2135.456006876002,-47.1,0.3262,283.2,0.3231,long_nclose,91.50192,0.04287390797302588,6.0
1703837760000.0,521774,1703837760000.0,0.29263999999999923,-0.0031085920000000003,2134.4994582840022,2135.9626582840024,-47.2,0.3293,236.0,0.3231,long_nclose,76.2516,0.035723410331198344,15.0
1703837820000.0,521775,1703837820000.0,0.24365999999999932,-0.0025882979999999997,2134.7405299860025,2135.9994099860023,-39.3,0.3293,196.7,0.3231,long_nclose,63.55376999999999,0.029771191911748037,1.0
1703838300000.0,521783,1703838300000.0,0.20273999999999948,-0.002153622,2134.9411163640025,2135.8595163640025,-32.7,0.3293,164.0,0.3231,long_nclose,52.9884,0.024819607245301467,8.0
1703838360000.0,521784,1703838360000.0,0.16925999999999955,-0.001797978,2135.1085783860026,2135.9287783860027,-27.3,0.3293,136.7,0.3231,long_nclose,44.16777,0.020686428056688265,1.0
1703838420000.0,521785,1703838420000.0,0.14073999999999962,-0.001495022,2135.247823364002,2136.068623364002,-22.7,0.3293,114.0,0.3231,long_nclose,36.8334,0.017250175645640218,1.0
1703838720000.0,521790,1703838720000.0,0.21203999999999942,-0.001515744,2135.4583476200023,2136.1788276200023,-22.8,0.3324,91.2,0.3231,long_nclose,29.466720000000002,0.013798780029046723,5.0
1703840460000.0,521819,1703840460000.0,0.09423999999999974,-0.001001072,2135.5515865480024,2136.075986548002,-15.2,0.3293,76.0,0.3231,long_nclose,24.5556,0.011498481307910115,29.0
1703840940000.0,521827,1703840940000.0,0.14135999999999962,-0.0010104959999999998,2135.6919360520023,2136.2695360520024,-15.2,0.3324,60.8,0.3231,long_nclose,19.644479999999998,0.009198180537364575,8.0
1703841120000.0,521830,1703841120000.0,0.1125299999999997,-0.000804408,2135.803661644002,2136.246831644002,-12.1,0.3324,48.7,0.3231,long_nclose,15.73497,0.0073672361755800385,3.0
1703841720000.0,521840,1703841720000.0,0.09020999999999975,-0.0006448559999999999,2135.8932267880023,2136.248126788002,-9.7,0.3324,39.0,0.3231,long_nclose,12.6009,0.005899592658453942,10.0
1703841780000.0,521841,1703841780000.0,0.0725399999999998,-0.000518544,2135.9652482440024,2136.2616482440026,-7.8,0.3324,31.2,0.3231,long_nclose,10.08072,0.004719514986626049,1.0
1703842200000.0,521848,1703842200000.0,0.05765999999999984,-0.00041217600000000005,2136.0224960680025,2136.2399960680027,-6.2,0.3324,25.0,0.3231,long_nclose,8.0775,0.0037815612966947167,7.0
1703842440000.0,521852,1703842440000.0,0.046499999999999875,-0.0003324,2136.0686636680025,2136.2446636680024,-5.0,0.3324,20.0,0.3231,long_nclose,6.462,0.0030251836515889983,4.0
1703842680000.0,521856,1703842680000.0,0.0371999999999999,-0.00026592,2136.1055977480028,2136.257597748003,-4.0,0.3324,16.0,0.3231,long_nclose,5.1696,0.0024201050760084475,4.0
1703843100000.0,521863,1703843100000.0,0.029759999999999922,-0.000212736,2136.135145012003,2136.2580250120027,-3.2,0.3324,12.8,0.3231,long_nclose,4.13568,0.0019360572806720812,7.0
1703843520000.0,521870,1703843520000.0,0.023249999999999937,-0.0001662,2136.158228812003,2136.256078812003,-2.5,0.3324,10.3,0.3231,long_nclose,3.3279300000000003,0.0015579042577996602,7.0
1703844300000.0,521883,1703844300000.0,0.010539999999999971,-0.00011196199999999998,2136.168656850003,2136.218536850003,-1.7,0.3293,8.6,0.3231,long_nclose,2.77866,0.0013007680789106865,13.0
1703844720000.0,521890,1703844720000.0,0.008679999999999976,-9.220399999999999e-05,2136.177244646003,2136.223324646003,-1.4,0.3293,7.2,0.3231,long_nclose,2.32632,0.0010890107578060576,7.0
1703845620000.0,521905,1703845620000.0,0.00743999999999998,-7.9032e-05,2136.184605614003,2136.222405614003,-1.2,0.3293,6.0,0.3231,long_nclose,1.9386,0.0009075058377001967,15.0
1703845800000.0,521908,1703845800000.0,0.006199999999999983,-6.586e-05,2136.1907397540026,2136.2277397540024,-1.0,0.3293,5.0,0.3231,long_nclose,1.6155,0.0007562526931401435,3.0
1703846520000.0,521920,1703846520000.0,0.004959999999999987,-5.2688e-05,2136.195647066003,2136.223367066003,-0.8,0.3293,4.2,0.3231,long_nclose,1.3570200000000001,0.0006352508029233297,12.0
1703847360000.0,521934,1703847360000.0,0.004339999999999988,-4.610199999999999e-05,2136.199940964003,2136.228290964003,-0.7,0.3293,3.5,0.3231,long_nclose,1.13085,0.0005293746050239479,14.0
1703847420000.0,521935,1703847420000.0,0.006509999999999982,-4.6535999999999996e-05,2136.206404428003,2136.2316044280033,-0.7,0.3324,2.8,0.3231,long_nclose,0.9046799999999999,0.00042349840264721035,1.0
1703847540000.0,521937,1703847540000.0,0.0046499999999999875,-3.324e-05,2136.211021188003,2136.230571188003,-0.5,0.3324,2.3,0.3231,long_nclose,0.74313,0.00034787293606730195,2.0
1703847600000.0,521938,1703847600000.0,0.0037199999999999902,-2.6592e-05,2136.2147145960034,2136.2310545960036,-0.4,0.3324,1.9,0.3231,long_nclose,0.6138899999999999,0.00028737279815811847,1.0
1703847660000.0,521939,1703847660000.0,0.0027899999999999926,-1.9943999999999997e-05,2136.2174846520033,2136.2333246520034,-0.3,0.3324,1.6,0.3231,long_nclose,0.51696,0.00024199783201578578,1.0
1703847780000.0,521941,1703847780000.0,0.0049600000000000095,-2.6840000000000004e-05,2136.2224178120036,2136.237297812004,-0.4,0.3355,1.2,0.3231,long_nclose,0.38772,0.00018149795487921005,2.0
1703847840000.0,521942,1703847840000.0,0.0037200000000000063,-2.0130000000000002e-05,2136.226117682004,2136.237277682004,-0.3,0.3355,0.9,0.3231,long_nclose,0.29079,0.0001361232303982563,1.0
1703847900000.0,521943,1703847900000.0,0.0024800000000000048,-1.3420000000000002e-05,2136.228584262004,2136.238174262004,-0.2,0.3355,0.7,0.3231,long_nclose,0.22616999999999998,0.00010587350139691825,1.0
1703848500000.0,521953,1703848500000.0,0.0012400000000000024,-6.710000000000001e-06,2136.229817552004,2136.237557552004,-0.1,0.3355,0.6,0.3231,long_nclose,0.19386,9.074866309194784e-05,10.0
1703849280000.0,521966,1703849280000.0,0.0012400000000000024,-6.710000000000001e-06,2136.231050842004,2136.2374008420043,-0.1,0.3355,0.5,0.3231,long_nclose,0.16155,7.562384225073613e-05,13.0
1703849880000.0,521976,1703849880000.0,0.0012400000000000024,-6.710000000000001e-06,2136.232284132004,2136.237524132004,-0.1,0.3355,0.4,0.3231,long_nclose,0.12924,6.0499038873252915e-05,10.0
1703850180000.0,521981,1703850180000.0,0.0012400000000000024,-6.710000000000001e-06,2136.2335174220043,2136.237537422004,-0.1,0.3355,0.3,0.3231,long_nclose,0.09693,4.537425295946795e-05,5.0
1703850420000.0,521985,1703850420000.0,0.0012400000000000024,-6.710000000000001e-06,2136.2347507120044,2136.2374107120045,-0.1,0.3355,0.2,0.3231,long_nclose,0.06462,3.0249484509350966e-05,4.0
1703850900000.0,521993,1703850900000.0,0.0015500000000000015,-6.7720000000000006e-06,2136.2362939400045,2136.2378439400045,-0.1,0.3386,0.1,0.3231,long_nclose,0.03231,1.5124731328484494e-05,8.0
1703850960000.0,521994,1703850960000.0,0.0015500000000000015,-6.7720000000000006e-06,2136.2378371680047,2136.2378371680047,-0.1,0.3386,0.0,0.3231,long_nclose,0.0,0.0,1.0
1703868480000.0,522286,1703868480000.0,0.0,-0.021363750000000004,2136.2164734180046,2136.311423418005,316.5,0.3375,316.5,0.3375,long_ientry_normal,106.81875000000001,0.05000371045219359,292.0
1703871000000.0,522328,1703871000000.0,0.14915999999999863,-0.0030808320000000004,2136.3625525860048,2137.2849725860046,-45.2,0.3408,271.3,0.3375,long_nclose,91.56375000000001,0.04285964940228182,42.0
1703871120000.0,522330,1703871120000.0,0.12770999999999882,-0.002637792,2136.487624794005,2137.2552047940053,-38.7,0.3408,232.6,0.3375,long_nclose,78.5025,0.036743718563578866,2.0
1703871660000.0,522339,1703871660000.0,0.0,-0.00566832,2136.481956474005,2136.458696474005,84.0,0.3374,316.6,0.337473468098547,long_ientry_partial,106.84409999999998,0.05000936220230605,9.0
1703873460000.0,522369,1703873460000.0,0.14583924194567563,-0.0030799280000000004,2136.624715787951,2137.5546765460053,-45.2,0.3407,271.4,0.337473468098547,long_nclose,91.59029924194564,0.0428668163225701,30.0
1703873580000.0,522371,1703873580000.0,0.12486678458623111,-0.002637018,2136.7469455545374,2137.5210295280053,-38.7,0.3407,232.7,0.337473468098547,long_nclose,78.53007602653189,0.03675216486908394,2.0
1703873700000.0,522373,1703873700000.0,0.10712085912823961,-0.0022622480000000006,2136.8518041656657,2137.5752972800055,-33.2,0.3407,199.5,0.337473468098547,long_nclose,67.32595688566013,0.03150707819532088,2.0
1703874660000.0,522389,1703874660000.0,0.21668085912823862,-0.00228416,2137.066200864794,2138.151563120006,-33.2,0.344,166.3,0.337473468098547,long_nclose,56.12183774478837,0.02626116014659624,16.0
1703874720000.0,522390,1703874720000.0,0.18078493367024726,-0.0019057599999999998,2137.245080038464,2138.1912373600053,-27.7,0.344,138.6,0.337473468098547,long_nclose,46.773822678458615,0.021885100176539805,1.0
1703874960000.0,522394,1703874960000.0,0.15076288692356363,-0.00158928,2137.3942536453874,2138.2635680800054,-23.1,0.344,115.5,0.337473468098547,long_nclose,38.97818556538218,0.01823631063801344,4.0
1703875380000.0,522401,1703875380000.0,0.125309412507897,-0.00132096,2137.518242097895,2138.185267120005,-19.2,0.344,96.3,0.337473468098547,long_nclose,32.498694977890075,0.01520393807071972,7.0
1703875680000.0,522406,1703875680000.0,0.0442034870499061,-0.0009335179999999999,2137.561512066945,2137.844543602005,-13.7,0.3407,82.6,0.337473468098547,long_nclose,27.87530846493998,0.013040704703737653,5.0
1703876100000.0,522413,1703876100000.0,0.03807307643714541,-0.0008040520000000001,2137.598781091382,2137.813059550005,-11.8,0.3407,70.8,0.337473468098547,long_nclose,23.893121541377127,0.0111775520049549,7.0
1703876160000.0,522414,1703876160000.0,0.032587972204675304,-0.000688214,2137.6306808495865,2137.8386713360046,-10.1,0.3407,60.7,0.337473468098547,long_nclose,20.484639513581804,0.009582871212084365,1.0
1703876280000.0,522416,1703876280000.0,0.0277481743524958,-0.000586004,2137.657843019939,2137.8311553320045,-8.6,0.3407,52.1,0.337473468098547,long_nclose,17.582367687934298,0.00822506171665673,2.0
1703876460000.0,522419,1703876460000.0,0.023876336070752204,-0.000504236,2137.6812151200097,2137.8075610960045,-7.4,0.3407,44.7,0.337473468098547,long_nclose,15.085064024005051,0.007056741630747864,3.0
1703876700000.0,522423,1703876700000.0,0.020327150979153902,-0.000429282,2137.701112988989,2137.8365318140045,-6.3,0.3407,38.4,0.337473468098547,long_nclose,12.958981174984205,0.006062110879880968,4.0
1703876820000.0,522425,1703876820000.0,0.017423272267846204,-0.00036795600000000007,2137.7181683052568,2137.8609438580047,-5.4,0.3407,33.0,0.337473468098547,long_nclose,11.136624447252052,0.005209584973533233,2.0
1703877300000.0,522433,1703877300000.0,0.0,-0.019144320000000003,2137.6990239852566,2137.6215395380045,283.2,0.338,316.2,0.33794504885278953,long_ientry_partial,106.85822444725204,0.049987497420492355,8.0
1703878140000.0,522447,1703878140000.0,0.14679829673919229,-0.003077624,2137.842744657996,2138.6980519140047,-45.1,0.3412,271.1,0.33794504885278953,long_nclose,91.61690274399125,0.0428548371824457,14.0
1703878200000.0,522448,1703878200000.0,0.12596660939704526,-0.0026408880000000005,2137.966070379393,2138.745761026005,-38.7,0.3412,232.4,0.33794504885278953,long_nclose,78.5384293533883,0.03673511494943942,1.0
1703878320000.0,522450,1703878320000.0,0.10806437808738768,-0.0022655680000000004,2138.0718691894804,2138.7999354580047,-33.2,0.3412,199.2,0.33794504885278953,long_nclose,67.31865373147568,0.03148568329323534,2.0
1703880120000.0,522480,1703880120000.0,0.0924406125807774,-0.001938016,2138.162371786061,2138.7183174420047,-28.4,0.3412,170.8,0.33794504885278953,long_nclose,57.72101434405646,0.026995617875288223,30.0
1703880540000.0,522487,1703880540000.0,0.07942080799193552,-0.001665056,2138.240127538053,2138.7312923860045,-24.4,0.3412,146.4,0.33794504885278953,long_nclose,49.47515515204839,0.023138259597163934,7.0
1703880780000.0,522491,1703880780000.0,0.06802847897669886,-0.0014262160000000001,2138.30672980103,2138.577176170005,-20.9,0.3412,125.5,0.33794504885278953,long_nclose,42.41210363102508,0.019834433965875205,4.0
1703881080000.0,522496,1703881080000.0,0.0,-0.012889230000000002,2138.29384057103,2138.369986940005,190.5,0.3383,316.0,0.3381590304779275,long_ientry_partial,106.8582536310251,0.04997360587377863,5.0
1703884440000.0,522552,1703884440000.0,0.1461677254454688,-0.0030794280000000004,2138.4369288684757,2139.531627512005,-45.1,0.3414,270.9,0.3381590304779275,long_nclose,91.60728135647055,0.0428384303131836,56.0
1703884620000.0,522555,1703884620000.0,0.12542552050420494,-0.002642436,2138.55971195298,2139.335485076005,-38.7,0.3414,232.2,0.3381590304779275,long_nclose,78.52052687697476,0.036716546392463405,3.0
1703884800000.0,522558,1703884800000.0,0.10727609118059905,-0.002260068,2138.6647279761605,2139.369735008005,-33.1,0.3414,199.1,0.3381590304779275,long_nclose,67.32746296815536,0.03148107418962672,3.0
1703885460000.0,522569,1703885460000.0,0.0,-0.007933892,2138.6567940841605,2138.700171116005,117.4,0.3379,316.5,0.3380629477666836,long_ientry_partial,106.99692296815536,0.050029964257998105,11.0
1703888400000.0,522618,1703888400000.0,0.0,-0.02138535,2138.6354087341606,2137.277935766005,325.5,0.3285,642.0,0.3332144438756314,long_rentry,213.9236729681554,0.10002811703878732,49.0
1703889300000.0,522633,1703889300000.0,0.29211549660459596,-0.006169576,2138.9213546547653,2140.8944861900054,-91.7,0.3364,550.3,0.3332144438756314,long_nclose,183.36790846475995,0.08572914944521494,15.0
1703889420000.0,522635,1703889420000.0,0.25038471137536794,-0.005288208,2139.1664511581407,2140.6219079820053,-78.6,0.3364,471.7,0.3332144438756314,long_nclose,157.17725317613534,0.07347593409154293,2.0
1703889480000.0,522636,1703889480000.0,0.21438792717000335,-0.004527944,2139.3763111413105,2140.7049900380052,-67.3,0.3364,404.4,0.3332144438756314,long_nclose,134.75192110330534,0.06298654444360849,1.0
1703889720000.0,522640,1703889720000.0,0.1838065883760653,-0.003882056,2139.556235673687,2140.7300079820056,-57.7,0.3364,346.7,0.3332144438756314,long_nclose,115.5254476916814,0.053995050826652215,4.0
1703890320000.0,522650,1703890320000.0,0.1576850281562432,-0.0033303599999999997,2139.7105903418433,2140.627617622006,-49.5,0.3364,297.2,0.3332144438756314,long_nclose,99.03133271983765,0.04628258287211462,10.0
1703890560000.0,522654,1703890560000.0,0.1350675796732265,-0.0028526719999999997,2139.842805249517,2140.781884950006,-42.4,0.3364,254.8,0.3332144438756314,long_nclose,84.90304029951089,0.03967723240755096,4.0
1703890920000.0,522660,1703890920000.0,0.0,-0.004284808,2139.8385204415167,2140.4973201420057,63.8,0.3358,318.6,0.3337322043299149,long_ientry_partial,106.3270802995109,0.04968930098406315,6.0
1703891880000.0,522676,1703891880000.0,0.14413470298887077,-0.00306579,2139.9795893545056,2140.872024352006,-45.5,0.3369,273.1,0.3337322043299149,long_nclose,91.14226500249977,0.04259024967148941,16.0
1703892240000.0,522682,1703892240000.0,0.1235440311333178,-0.00262782,2140.100505565639,2141.076186532006,-39.0,0.3369,234.1,0.3337322043299149,long_nclose,78.12670903363308,0.03650609344301977,6.0
1703893260000.0,522699,1703893260000.0,0.2522440311333188,-0.00265356,2140.3500960367724,2141.553432972006,-39.0,0.3402,195.1,0.3337322043299149,long_nclose,65.1111530647664,0.03042079573118946,17.0
1703893380000.0,522701,1703893380000.0,0.21020335927776565,-0.0022113000000000002,2140.55808809605,2141.756091672006,-32.5,0.3402,162.6,0.3337322043299149,long_nclose,54.26485642404416,0.025350798338909276,2.0
1703894460000.0,522719,1703894460000.0,0.0,-0.010450638,2140.5476374580503,2140.872101034006,155.1,0.3369,317.7,0.33527871080907823,long_ientry_partial,106.51804642404414,0.049762053672646495,18.0
1703895660000.0,522739,1703895660000.0,0.14592440034875728,-0.00306681,2140.690495048399,2141.758654224006,-45.3,0.3385,272.4,0.33527871080907823,long_nclose,91.3299208243929,0.04266376715160218,20.0
1703895900000.0,522743,1703895900000.0,0.1253081495268578,-0.0026335300000000002,2140.813169667926,2141.7287906940064,-38.9,0.3385,233.5,0.33527871080907823,long_nclose,78.28757897391976,0.03656908509492372,4.0
1703896380000.0,522751,1703896380000.0,0.24978814952685705,-0.002658426,2141.060299391453,2142.3877222680067,-38.9,0.3417,194.6,0.33527871080907823,long_nclose,65.24523712344663,0.030473330032783793,8.0
1703896920000.0,522760,1703896920000.0,0.2080497697858655,-0.002214216,2141.2661349452387,2142.340108052006,-32.4,0.3417,162.2,0.33527871080907823,long_nclose,54.382206893232485,0.025397219899815617,9.0
1703897160000.0,522764,1703897160000.0,0.17337480815488793,-0.0018451799999999999,2141.4376645733932,2142.373422872006,-27.0,0.3417,135.2,0.33527871080907823,long_nclose,45.32968170138737,0.02116787355116299,4.0
1703898000000.0,522778,1703898000000.0,0.14447900679573994,-0.00153765,2141.580605930189,2142.225395222006,-22.5,0.3417,112.7,0.33527871080907823,long_nclose,37.78591070818312,0.017643935793754967,14.0
1703898720000.0,522790,1703898720000.0,0.05186275597384089,-0.0010899700000000002,2141.6313787161625,2141.9715352520057,-16.1,0.3385,96.6,0.33527871080907823,long_nclose,32.387923464156955,0.015123014999701978,12.0
1703898960000.0,522794,1703898960000.0,0.044453790834720765,-0.0009342600000000001,2141.674898246997,2141.9747409920055,-13.8,0.3385,82.8,0.33527871080907823,long_nclose,27.761077254991676,0.012962320881528126,4.0
1703899320000.0,522800,1703899320000.0,0.038011212452877176,-0.0007988600000000001,2141.71211059945,2141.9479221320057,-11.8,0.3385,71.0,0.33527871080907823,long_nclose,23.804788467444553,0.011114840481889866,6.0
1703900160000.0,522814,1703900160000.0,0.07577121245287695,-0.0008064120000000002,2141.7870753999027,2142.1908957200053,-11.8,0.3417,59.2,0.33527871080907823,long_nclose,19.848499679897433,0.009267260927975966,14.0
1703900580000.0,522821,1703900580000.0,0.11353121245287673,-0.000813964,2141.8997926483557,2142.3605817560056,-11.8,0.3449,47.4,0.33527871080907823,long_nclose,15.892210892350308,0.007419679924755189,7.0
1703901240000.0,522832,1703901240000.0,0.09044011839466451,-0.000648412,2141.9895843547506,2142.3589933440057,-9.4,0.3449,38.0,0.33527871080907823,long_nclose,12.740591010744973,0.005948017256387793,11.0
1703902500000.0,522853,1703902500000.0,0.04045412190280718,-0.000430542,2142.0296079346535,2142.2680328020056,-6.3,0.3417,31.7,0.33527871080907823,long_nclose,10.628335132647779,0.004961805893474847,21.0
1703903040000.0,522862,1703903040000.0,0.033390703792793235,-0.000355368,2142.0626432704466,2142.2063074340062,-5.2,0.3417,26.5,0.33527871080907823,long_nclose,8.884885836440573,0.004147817928833003,9.0
1703903520000.0,522870,1703903520000.0,0.028253672440055812,-0.00030069600000000004,2142.0905962468864,2142.2325067380057,-4.4,0.3417,22.1,0.33527871080907823,long_nclose,7.40965950888063,0.00345907849176078,8.0
1703903580000.0,522871,1703903580000.0,0.023116641087318392,-0.000246024,2142.113466863974,2142.239660714006,-3.6,0.3417,18.5,0.33527871080907823,long_nclose,6.202656149967948,0.002895577776768546,1.0
1703904000000.0,522878,1703904000000.0,0.0,-0.02017263,2142.0932942339737,2142.078388084006,298.5,0.3379,317.0,0.3377470225551039,long_ientry_partial,107.06580614996794,0.0499818595381278,7.0
1703917140000.0,523097,1703917140000.0,0.0,-0.021418332,2142.0718759019737,2136.279279752006,326.3,0.3282,643.3,0.33290450202078026,long_rentry,214.15746614996792,0.09997678815506202,219.0
1703917140000.0,523097,1703917140000.0,0.0,-0.021421186000000002,2142.0504547159735,2136.5895585660055,331.7,0.3229,975.0,0.32950091912817225,long_rentry,321.26339614996795,0.14997937861018595,0.0
1703921760000.0,523174,1703921760000.0,0.0,-0.03080902,2142.0196456959734,2132.5101995460054,482.9,0.319,1457.9,0.3260227012483489,long_rentry,475.30849614996794,0.22189735612603742,77.0
1703924460000.0,523219,1703924460000.0,0.0,-0.04544268,2141.974203015973,2124.8128668660056,722.0,0.3147,2179.9,0.3222725336712546,long_rentry,702.5218961499679,0.3279786914150474,45.0
1703926320000.0,523250,1703926320000.0,0.0,-0.066892016,2141.907310999973,2113.4146348500053,1079.6,0.3098,3259.5,0.31814142541799906,long_rentry,1036.981976149968,0.48413951940144484,31.0
1703941680000.0,523506,1703941680000.0,1.4240723253796321,-0.029910144000000003,2143.301473181353,2152.964384706005,-465.6,0.3212,2793.9,0.31814142541799906,long_nclose,888.8553284753476,0.41471316079300724,256.0
1703941860000.0,523509,1703941860000.0,1.2206771156765703,-0.025638184,2144.4965121130294,2151.342226522005,-399.1,0.3212,2394.8,0.31814142541799906,long_nclose,761.8850855910242,0.3552745743756508,3.0
1703942040000.0,523512,1703942040000.0,1.0463383645025175,-0.021976504,2145.5208739735317,2153.4413700180053,-342.1,0.3212,2052.7,0.31814142541799906,long_nclose,653.0489039555266,0.30437779090262207,3.0
1703945100000.0,523563,1703945100000.0,0.8967740674426721,-0.018835168,2146.3988128729743,2154.595574850005,-293.2,0.3212,1759.5,0.31814142541799906,long_nclose,559.7698380229693,0.2607948880076542,51.0
1703945880000.0,523576,1703945880000.0,1.8056940674426696,-0.019016952,2148.185489988417,2157.362437898005,-293.2,0.3243,1466.3,0.31814142541799906,long_nclose,466.490772090412,0.21715572247577528,13.0
1703946000000.0,523578,1703946000000.0,1.5045397703828247,-0.015845298,2149.6741844608,2157.322162600005,-244.3,0.3243,1222.0,0.31814142541799906,long_nclose,388.76882186079484,0.1808501142503645,2.0
1703946120000.0,523580,1703946120000.0,1.2538857848953873,-0.013205496,2150.9148647496954,2156.779397104005,-203.6,0.3243,1018.4,0.31814142541799906,long_nclose,323.99522764569025,0.15063135829106558,2.0
1703946540000.0,523587,1703946540000.0,1.045110106565556,-0.011006741999999998,2151.948968114261,2157.345490362005,-169.7,0.3243,848.7,0.31814142541799906,long_nclose,270.00662775225584,0.12547073920106058,7.0
1703947800000.0,523608,1703947800000.0,0.8708224458949301,-0.009171204,2152.810619356156,2156.8836591580052,-141.4,0.3243,707.3,0.31814142541799906,long_nclose,225.0214301981507,0.10452448913757595,21.0
1703948820000.0,523625,1703948820000.0,0.30891603278209373,-0.006488240000000001,2153.113047148938,2155.2099809180054,-101.0,0.3212,606.3,0.31814142541799906,long_nclose,192.88914623093282,0.08958616756623555,17.0
1703949060000.0,523629,1703949060000.0,0.6220160327820929,-0.00655086,2153.7285123217202,2156.890970058005,-101.0,0.3243,505.3,0.31814142541799906,long_nclose,160.75686226371494,0.07464119147051593,4.0
1703949600000.0,523638,1703949600000.0,0.2205232273622669,-0.0046317039999999995,2153.9444038450824,2155.2693783540053,-72.1,0.3212,433.2,0.31814142541799906,long_nclose,137.8188654910772,0.06398441168910945,9.0
1703950080000.0,523646,1703950080000.0,0.18901990916765735,-0.003970032,2154.12945372225,2155.3025483220054,-61.8,0.3212,371.4,0.31814142541799906,long_nclose,118.15772540024484,0.05485172917350579,8.0
1703950260000.0,523649,1703950260000.0,0.16210445284604919,-0.00340472,2154.288153455096,2155.102803602005,-53.0,0.3212,318.4,0.31814142541799906,long_nclose,101.29622985309089,0.047020743112117895,3.0
1703950320000.0,523650,1703950320000.0,0.13885928602284212,-0.0029164959999999998,2154.424096245119,2155.313687106005,-45.4,0.3212,273.0,0.31814142541799906,long_nclose,86.85260913911374,0.04031360830510879,1.0
1703950500000.0,523653,1703950500000.0,0.11928440869803619,-0.00250536,2154.540875293817,2155.2331817460054,-39.0,0.3212,234.0,0.31814142541799906,long_nclose,74.44509354781178,0.03455264850227528,3.0
1703950560000.0,523654,1703950560000.0,0.102156391038831,-0.002145616,2154.640886068856,2155.2945561300057,-33.4,0.3212,200.6,0.31814142541799906,long_nclose,63.81916993885061,0.029619399850565692,1.0
1703951100000.0,523663,1703951100000.0,0.08747523304522654,-0.0018372640000000001,2154.726524037901,2155.2525988660054,-28.6,0.3212,172.0,0.31814142541799906,long_nclose,54.72032517189584,0.025395485023942333,9.0
1703951160000.0,523664,1703951160000.0,0.07493507725902274,-0.00157388,2154.79988523516,2155.398524986005,-24.5,0.3212,147.5,0.31814142541799906,long_nclose,46.92586024915486,0.021777363443674813,1.0
1703951340000.0,523667,1703951340000.0,0.06423006622201949,-0.00134904,2154.862766261382,2155.312925946005,-21.0,0.3212,126.5,0.31814142541799906,long_nclose,40.24489031537688,0.01867631245269529,3.0
1703951580000.0,523671,1703951580000.0,0.1293300662220193,-0.00136206,2154.9907342676042,2155.4716638860054,-21.0,0.3243,105.5,0.31814142541799906,long_nclose,33.5639203815989,0.01557497201629776,4.0
1703952120000.0,523680,1703952120000.0,0.04587861873001392,-0.0009636,2155.0356492863343,2155.3667502860053,-15.0,0.3212,90.5,0.31814142541799906,long_nclose,28.791799000328915,0.013360242560193221,9.0
1703952540000.0,523687,1703952540000.0,0.039455612107811976,-0.0008286960000000001,2155.074276202442,2155.3038615900055,-12.9,0.3212,77.6,0.31814142541799906,long_nclose,24.687774612436726,0.011455649062797139,7.0
1703952600000.0,523688,1703952600000.0,0.03364432040201021,-0.00070664,2155.107213882844,2155.350874950005,-11.0,0.3212,66.6,0.31814142541799906,long_nclose,21.188218932838737,0.009831631018794675,1.0
1703952840000.0,523692,1703952840000.0,0.029056458529008816,-0.0006102799999999999,2155.135660061373,2155.316014670005,-9.5,0.3212,57.1,0.31814142541799906,long_nclose,18.165875391367745,0.008429109929372347,4.0
1703953020000.0,523695,1703953020000.0,0.024774454114207516,-0.000520344,2155.1599141714873,2155.2901843260056,-8.1,0.3212,49.0,0.31814142541799906,long_nclose,15.588929845481953,0.007233305400204995,3.0
1703953200000.0,523698,1703953200000.0,0.021410022074006496,-0.00044968,2155.1808745135613,2155.2967346460055,-7.0,0.3212,42.0,0.31814142541799906,long_nclose,13.36193986755596,0.006199915759076064,3.0
1703953260000.0,523699,1703953260000.0,0.018351447492005568,-0.00038544,2155.198840521053,2155.2945492060053,-6.0,0.3212,36.0,0.31814142541799906,long_nclose,11.453091315047967,0.0053141692078300315,1.0
1703953320000.0,523700,1703953320000.0,0.015598730368204732,-0.000327624,2155.2141116274215,2155.3024415820055,-5.1,0.3212,30.9,0.31814142541799906,long_nclose,9.83057004541617,0.004561296250047759,1.0
1703953380000.0,523701,1703953380000.0,0.013457728160804084,-0.00028265600000000005,2155.2272866995827,2155.3056889260056,-4.4,0.3212,26.5,0.31814142541799906,long_nclose,8.430747773576975,0.003911767369318825,1.0
1703953440000.0,523702,1703953440000.0,0.011316725953403434,-0.000237688,2155.238365737536,2155.3035412380054,-3.7,0.3212,22.8,0.31814142541799906,long_nclose,7.253624499530379,0.003365578775342626,1.0
1703953620000.0,523705,1703953620000.0,0.00978743866240297,-0.00020556800000000002,2155.247947608198,2155.3216156700055,-3.2,0.3212,19.6,0.31814142541799906,long_nclose,6.235571938192782,0.0028932039792046913,3.0
1703954640000.0,523722,1703954640000.0,0.0,-0.020301120000000002,2155.227646488198,2155.214634550005,318.0,0.3192,337.6,0.3191385424709502,long_ientry_partial,107.74117193819279,0.049990622621118454,17.0
1703990880000.0,524326,1703990880000.0,0.0,-0.02155195,2155.206094538198,2152.2231926000054,347.5,0.3101,685.1,0.3145539657541859,long_rentry,215.5009219381928,0.09999086513550749,604.0
1704003660000.0,524539,1704003660000.0,0.2979021492406157,-0.006212256,2155.497784431439,2157.3454503440057,-97.8,0.3176,587.3,0.3145539657541859,long_nclose,184.73754408743338,0.08570528136087231,213.0
1704006240000.0,524582,1704006240000.0,0.2555622732238002,-0.005329328,2155.748017376663,2157.4827510160057,-83.9,0.3176,503.4,0.3145539657541859,long_nclose,158.3464663606572,0.07345314252142954,43.0
1704007740000.0,524607,1704007740000.0,0.5072622732238005,-0.005379668000000001,2156.2498999818868,2158.702311348006,-83.9,0.3206,419.5,0.3145539657541859,long_nclose,131.955388633881,0.06119670481375534,25.0
1704007800000.0,524608,1704007800000.0,0.4226177937824035,-0.004481988000000001,2156.6680357876694,2158.816689360006,-69.9,0.3206,349.6,0.3145539657541859,long_nclose,109.9680664276634,0.05098979750376849,1.0
1704008520000.0,524620,1704008520000.0,0.35187919310637883,-0.0037317840000000006,2157.0161831967757,2158.632297576006,-58.2,0.3206,291.4,0.3145539657541859,long_nclose,91.66102562076978,0.04249436157911659,12.0
1704008640000.0,524622,1704008640000.0,0.29323266092198236,-0.00310982,2157.3063060376976,2158.823467756006,-48.5,0.3206,242.9,0.3145539657541859,long_nclose,76.40515828169177,0.03541692622315852,2.0
1704009420000.0,524635,1704009420000.0,0.2442597835308884,-0.002590448,2157.547975373229,2158.7722973080063,-40.4,0.3206,202.5,0.3145539657541859,long_nclose,63.69717806522265,0.0295229486399735,13.0
1704009480000.0,524636,1704009480000.0,0.20375135408393416,-0.0021608440000000003,2157.7495658833127,2158.7870164640062,-33.7,0.3206,168.8,0.3145539657541859,long_nclose,53.096709419306585,0.024607447619886563,1.0
1704009600000.0,524638,1704009600000.0,0.16989356230737535,-0.001801772,2157.91765767362,2158.782404692006,-28.1,0.3206,140.7,0.3145539657541859,long_nclose,44.25774298161396,0.020509467923501203,2.0
1704011580000.0,524671,1704011580000.0,0.061225288340862744,-0.0012767520000000001,2157.9776062099604,2158.2846579400057,-20.1,0.3176,120.6,0.3145539657541859,long_nclose,37.93520826995482,0.017579055575363517,33.0
1704013560000.0,524704,1704013560000.0,0.05239178902800194,-0.001092544,2158.0289054549885,2158.3438653960056,-17.2,0.3176,103.4,0.3145539657541859,long_nclose,32.52488005898282,0.015071568307897819,33.0
1704013620000.0,524705,1704013620000.0,0.044776703413466776,-0.0009337439999999999,2158.0727484144018,2158.3074516520055,-14.7,0.3176,88.7,0.3145539657541859,long_nclose,27.90093676239629,0.012928635877959125,1.0
1704014040000.0,524712,1704014040000.0,0.03838003149725724,-0.000800352,2158.1103280938987,2158.3345213000052,-12.6,0.3176,76.1,0.3145539657541859,long_nclose,23.93755679389355,0.011091905952294777,7.0
1704015120000.0,524730,1704015120000.0,0.03289716985479192,-0.0006860160000000001,2158.1425392477536,2158.3545052840054,-10.8,0.3176,65.3,0.3145539657541859,long_nclose,20.54037396374834,0.009517616927614027,18.0
1704016200000.0,524748,1704016200000.0,0.028328118486070822,-0.0005907360000000001,2158.1702766302396,2158.335254548005,-9.3,0.3176,56.0,0.3145539657541859,long_nclose,17.61502208223441,0.008162016812565157,18.0
1704016500000.0,524753,1704016500000.0,0.024368273966512533,-0.00050816,2158.194136744206,2158.325946388005,-8.0,0.3176,48.0,0.3145539657541859,long_nclose,15.098590356200924,0.006995937065688749,5.0
1704016560000.0,524754,1704016560000.0,0.020713032871535652,-0.000431936,2158.2144178410776,2158.3399144520054,-6.8,0.3176,41.2,0.3145539657541859,long_nclose,12.959623389072462,0.0060047895528546865,1.0
1704016620000.0,524755,1704016620000.0,0.017666998625721585,-0.000368416,2158.2317164237033,2158.3324660360054,-5.8,0.3176,35.4,0.3145539657541859,long_nclose,11.135210387698182,0.005159413747356923,1.0
1704017040000.0,524762,1704017040000.0,0.015230171229070333,-0.0003176,2158.2466289949325,2158.333148436005,-5.0,0.3176,30.4,0.3145539657541859,long_nclose,9.562440558927252,0.004430652377935304,7.0
1704017640000.0,524772,1704017640000.0,0.0,-0.019662036,2158.2269669589323,2158.286896400005,311.7,0.3154,342.1,0.3153248189386941,long_ientry_partial,107.87262055892725,0.04998205573852414,10.0
1704036840000.0,525092,1704036840000.0,0.0,-0.021582816,2158.2053841429324,2155.2216335840053,352.2,0.3064,694.3,0.3107974946837495,long_rentry,215.78670055892727,0.09998432129971753,320.0
1704055560000.0,525404,1704055560000.0,0.0,-0.02158137,2158.1838027729323,2151.412892214005,357.9,0.3015,1052.2,0.30763500338236766,long_rentry,323.69355055892726,0.1499842368120042,312.0
1704063000000.0,525528,1704063000000.0,0.0,-0.031036716000000002,2158.1527660569323,2148.433695498005,521.1,0.2978,1573.3,0.3043775062346198,long_rentry,478.8771305589273,0.2218921376144577,124.0
1704063060000.0,525529,1704063060000.0,0.0,-0.045785792000000006,2158.106980264932,2139.5833897060047,779.2,0.2938,2352.5,0.30087400236298717,long_rentry,707.8060905589273,0.3279754419180999,1.0
1704073020000.0,525695,1704073020000.0,0.9831352060363159,-0.02041536,2159.069700110969,2166.1798743460054,-336.0,0.3038,2016.5,0.30087400236298717,long_nclose,606.7124257649637,0.28100641018387723,166.0
1704073500000.0,525703,1704073500000.0,0.8426873194596993,-0.01749888,2159.8948885504287,2165.2981754660054,-288.0,0.3038,1728.5,0.30087400236298717,long_nclose,520.0607130844234,0.24078056568458844,8.0
1704074400000.0,525718,1704074400000.0,0.7224288165784715,-0.015001644000000003,2160.602315723007,2164.789313822005,-246.9,0.3038,1481.6,0.30087400236298717,long_nclose,445.7749219010018,0.20631974642303907,15.0
1704074580000.0,525721,1704074580000.0,0.6191410999919179,-0.012856816000000002,2161.208600006999,2165.1786170060054,-211.6,0.3038,1270.0,0.30087400236298717,long_nclose,382.1099830009937,0.17680384160962354,3.0
1704074760000.0,525724,1704074760000.0,0.5307759713541301,-0.011021864000000001,2161.728354114353,2164.260435142005,-181.4,0.3038,1088.6,0.30087400236298717,long_nclose,327.5314389723478,0.15151368965900228,3.0
1704075060000.0,525729,1704075060000.0,0.4549926325554974,-0.00944818,2162.173898566908,2164.810836962005,-155.5,0.3038,933.1,0.30087400236298717,long_nclose,280.74553160490336,0.12984410356215192,5.0
1704075300000.0,525733,1704075300000.0,0.39003548501381224,-0.008099308000000001,2162.555834743922,2164.9760276540046,-133.3,0.3038,799.8,0.30087400236298717,long_nclose,240.63902708991714,0.11127528973993511,4.0
1704075480000.0,525736,1704075480000.0,0.3341489301468669,-0.006938792000000001,2162.883044882069,2165.026228862005,-114.2,0.3038,685.6,0.30087400236298717,long_nclose,206.279216020064,0.09537233948371507,3.0
1704076680000.0,525756,1704076680000.0,0.2864551686635575,-0.005948404000000001,2163.1635516467327,2165.000700458005,-97.9,0.3038,587.7,0.30087400236298717,long_nclose,176.82365118872758,0.08174307996920463,20.0
1704076980000.0,525761,1704076980000.0,0.2454912017453777,-0.005097764000000001,2163.403945084478,2164.878062694005,-83.9,0.3038,503.8,0.30087400236298717,long_nclose,151.58032239047293,0.07006565867409192,5.0
1704077040000.0,525762,1704077040000.0,0.21037923010122356,-0.0043686440000000005,2163.6099556705794,2164.8736940500053,-71.9,0.3038,431.9,0.30087400236298717,long_nclose,129.94748162057414,0.06006049347295539,1.0
1704078000000.0,525778,1704078000000.0,0.18053405420369253,-0.003748892,2163.786740832783,2165.055045158005,-61.7,0.3038,370.2,0.30087400236298717,long_nclose,111.38355567477785,0.05147621693619831,16.0
1704079200000.0,525798,1704079200000.0,0.1544926752342782,-0.003208128,2163.9380253800173,2164.7715170300053,-52.8,0.3038,317.4,0.30087400236298717,long_nclose,95.49740835001212,0.04413130470002322,20.0
1704081720000.0,525840,1704081720000.0,0.13254769295668187,-0.0027524280000000003,2164.0678206449743,2164.8639846020055,-45.3,0.3038,272.1,0.30087400236298717,long_nclose,81.86781604296881,0.03783052234405902,42.0
1704081780000.0,525841,1704081780000.0,0.11352870831609838,-0.002357488,2164.1789918652903,2164.8616271140054,-38.8,0.3038,233.3,0.30087400236298717,long_nclose,70.1939047512849,0.03243442664175632,1.0
1704081840000.0,525842,1704081840000.0,0.09743572131252773,-0.0020233079999999997,2164.274404278603,2164.9396038060054,-33.3,0.3038,200.0,0.30087400236298717,long_nclose,60.17480047259743,0.027803683467141002,1.0
1704082380000.0,525851,1704082380000.0,0.0,-0.009552680000000001,2164.264851598603,2164.5142511260055,158.0,0.3023,358.0,0.3015033532754118,long_ientry_partial,107.93820047259742,0.049872916613172565,9.0
1704115980000.0,526411,1704115980000.0,0.14801864762645833,-0.0031109680000000004,2164.4097592782296,2165.2373601580057,-51.1,0.3044,306.9,0.3015033532754118,long_nclose,92.53137912022387,0.04275132225936761,560.0
1704115980000.0,526411,1704115980000.0,0.29620864762645904,-0.0031406060000000006,2164.7028273198557,2165.3926295520055,-51.1,0.3073,255.8,0.3015033532754118,long_nclose,77.12455776785033,0.03562824272897503,0.0
1704124800000.0,526558,1704124800000.0,0.10572760544747023,-0.00222212,2164.806332805303,2165.463497432005,-36.5,0.3044,219.3,0.3015033532754118,long_nclose,66.11968537329781,0.030543002563936255,147.0
1704124980000.0,526561,1704124980000.0,0.09066504247961146,-0.0019055440000000001,2164.895092303783,2165.4020618880054,-31.3,0.3044,188.0,0.3015033532754118,long_nclose,56.68263041577742,0.02618262225143591,3.0
1704125160000.0,526564,1704125160000.0,0.07763013221896445,-0.0016315840000000002,2164.971090852002,2165.4219103040055,-26.8,0.3044,161.2,0.3015033532754118,long_nclose,48.60234054799638,0.022449417802096115,3.0
1704125280000.0,526566,1704125280000.0,0.06662287466552919,-0.00140024,2165.0363134866675,2165.4504500640055,-23.0,0.3044,138.2,0.3015033532754118,long_nclose,41.667763422661906,0.019245757294277594,2.0
1704125400000.0,526568,1704125400000.0,0.05706394047438804,-0.001199336,2165.092178091142,2165.4117307280058,-19.7,0.3044,118.5,0.3015033532754118,long_nclose,35.728147363136294,0.016501905888661093,2.0
1704125580000.0,526571,1704125580000.0,0.048953329645541006,-0.0010288720000000001,2165.1401025487876,2165.4547218560056,-16.9,0.3044,101.6,0.3015033532754118,long_nclose,30.632740692781834,0.01414815635104684,3.0
1704126660000.0,526589,1704126660000.0,0.04200137750652927,-0.0008827600000000001,2165.181221166294,2165.4596490960057,-14.5,0.3044,87.1,0.3015033532754118,long_nclose,26.260942070288365,0.012128750154290862,18.0
1704130860000.0,526659,1704130860000.0,0.035918419384894,-0.000754912,2165.216384673679,2165.4327641840055,-12.4,0.3044,74.7,0.3015033532754118,long_nclose,22.52230048967326,0.010401870523932696,70.0
1704131160000.0,526664,1704131160000.0,0.03070445528063519,-0.000645328,2165.2464438009597,2165.4449388560056,-10.6,0.3044,64.1,0.3015033532754118,long_nclose,19.326364944953895,0.008925711435889775,5.0
1704131340000.0,526667,1704131340000.0,0.026359485193752853,-0.000554008,2165.272249278153,2165.4480648480053,-9.1,0.3044,55.0,0.3015033532754118,long_nclose,16.582684430147648,0.0076584754807049755,3.0
1704132300000.0,526683,1704132300000.0,0.05274948519375298,-0.000559286,2165.3244394773465,2165.599685562005,-9.1,0.3073,45.9,0.3015033532754118,long_nclose,13.8390039153414,0.006391191852377457,16.0
1704135060000.0,526729,1704135060000.0,0.07913948519375259,-0.0005645639999999999,2165.40301439854,2165.723050998005,-9.1,0.3102,36.8,0.3015033532754118,long_nclose,11.095323400535152,0.005123906878654169,46.0
1704135120000.0,526730,1704135120000.0,0.06348552108949383,-0.000452892,2165.46604702763,2165.725548106005,-7.3,0.3102,29.5,0.3015033532754118,long_nclose,8.894348921624648,0.004107360137940395,1.0
1704137520000.0,526770,1704137520000.0,0.05131021567507037,-0.000366036,2165.516991207305,2165.7387520700054,-5.9,0.3102,23.6,0.3015033532754118,long_nclose,7.115479137299719,0.003285810809239018,40.0
1704137700000.0,526773,1704137700000.0,0.04087423960556453,-0.000291588,2165.557573858911,2165.7238304820057,-4.7,0.3102,18.9,0.3015033532754118,long_nclose,5.6984133769052825,0.00263138391963923,3.0
1704138060000.0,526779,1704138060000.0,0.03217759288097633,-0.00022954800000000002,2165.589521903792,2165.718670934006,-3.7,0.3102,15.2,0.3015033532754118,long_nclose,4.582850969786259,0.002116214048615006,6.0
1704138420000.0,526785,1704138420000.0,0.026089940173764592,-0.00018612,2165.615425723966,2165.727624814006,-3.0,0.3102,12.2,0.3015033532754118,long_nclose,3.6783409099600233,0.0016985199062896188,6.0
1704139200000.0,526798,1704139200000.0,0.03478994017376463,-0.00018786,2165.6500278041394,2165.7521169540055,-3.0,0.3131,9.2,0.3015033532754118,long_nclose,2.773830850133788,0.0012808306118354282,13.0
1704141600000.0,526838,1704141600000.0,0.015653964104258757,-0.000111672,2165.6655700962438,2165.7328852820056,-1.8,0.3102,7.4,0.3015033532754118,long_nclose,2.231124814238047,0.0010302259245590234,40.0
1704145920000.0,526910,1704145920000.0,0.012175305414423476,-8.6856e-05,2165.6776585456582,2165.731038426006,-1.4,0.3102,6.0,0.3015033532754118,long_nclose,1.8090201196524707,0.0008353136546032904,72.0
1704147000000.0,526928,1704147000000.0,0.010435976069505836,-7.444799999999999e-05,2165.688020073728,2165.729763978006,-1.2,0.3102,4.8,0.3015033532754118,long_nclose,1.4472160957219764,0.0006682477264997328,18.0
1704148320000.0,526950,1704148320000.0,0.007826982052129379,-5.5836e-05,2165.69579121978,2165.732438142006,-0.9,0.3102,3.9,0.3015033532754118,long_nclose,1.175863077774106,0.000542949329514016,22.0
1704150960000.0,526994,1704150960000.0,0.006087652707211738,-4.3428e-05,2165.701835444487,2165.730624714006,-0.7,0.3102,3.2,0.3015033532754118,long_nclose,0.9648107304813177,0.00044549564242452635,44.0
1704153840000.0,527042,1704153840000.0,0.005217988034752918,-3.7223999999999995e-05,2165.707016208522,2165.7304074900057,-0.6,0.3102,2.6,0.3015033532754118,long_nclose,0.7839087185160707,0.0003619643435834874,48.0
1704154680000.0,527056,1704154680000.0,0.004348323362294099,-3.102e-05,2165.7113335118843,2165.729596470006,-0.5,0.3102,2.1,0.3015033532754118,long_nclose,0.6331570418783647,0.00029235523316565324,14.0
1704154740000.0,527057,1704154740000.0,0.003478658689835279,-2.4816e-05,2165.714787354574,2165.730591654006,-0.4,0.3102,1.7,0.3015033532754118,long_nclose,0.5125557005682,0.0002366681446518117,1.0
1704155160000.0,527064,1704155160000.0,0.004638658689835285,-2.5047999999999998e-05,2165.719400965264,2165.734866606006,-0.4,0.3131,1.3,0.3015033532754118,long_nclose,0.39195435925803535,0.00018098113683764425,7.0
1704155700000.0,527073,1704155700000.0,0.003478994017376463,-1.8786e-05,2165.722861173281,2165.734657820006,-0.3,0.3131,1.0,0.3015033532754118,long_nclose,0.3015033532754118,0.00013921603667796728,9.0
1704156780000.0,527091,1704156780000.0,0.0023193293449176424,-1.2523999999999999e-05,2165.7251679786264,2165.734765296006,-0.2,0.3131,0.8,0.3015033532754118,long_nclose,0.24120268262032943,0.0001113727107144695,18.0
1704156900000.0,527093,1704156900000.0,0.0023193293449176424,-1.2523999999999999e-05,2165.7274747839715,2165.7346727720064,-0.2,0.3131,0.6,0.3015033532754118,long_nclose,0.18090201196524705,8.352944406511341e-05,2.0
1704157620000.0,527105,1704157620000.0,0.002899329344917645,-1.2640000000000003e-05,2165.7303614733164,2165.7361601320063,-0.2,0.316,0.4,0.3015033532754118,long_nclose,0.12060134131016471,5.568622181947031e-05,12.0
1704157680000.0,527106,1704157680000.0,0.0014496646724588226,-6.320000000000001e-06,2165.7318048179886,2165.736213812006,-0.1,0.316,0.3,0.3015033532754118,long_nclose,0.09045100598262353,4.1764638530681395e-05,1.0
1704158100000.0,527113,1704158100000.0,0.0011596646724588212,-6.2619999999999995e-06,2165.7329582206607,2165.735257550006,-0.1,0.3131,0.2,0.3015033532754118,long_nclose,0.06030067065508236,2.784307752541414e-05,7.0
1704158160000.0,527114,1704158160000.0,0.0011596646724588212,-6.2619999999999995e-06,2165.734111623333,2165.7352412880055,-0.1,0.3131,0.1,0.3015033532754118,long_nclose,0.03015033532754118,1.3921531348528235e-05,1.0
1704158220000.0,527115,1704158220000.0,0.0011596646724588212,-6.2619999999999995e-06,2165.735265026005,2165.735265026005,-0.1,0.3131,0.0,0.3015033532754118,long_nclose,0.0,0.0,1.0
1704195600000.0,527738,1704195600000.0,0.0,-0.021654648,2165.713610378005,2165.782750378005,345.7,0.3132,345.7,0.3132,long_ientry_normal,108.27323999999999,0.04999425569528647,623.0
1704206220000.0,527915,1704206220000.0,0.0,-0.021655016000000003,2165.691955362005,2162.439375362005,355.7,0.3044,701.4,0.30873726832050186,long_rentry,216.54832,0.09999036080078294,177.0
1704223380000.0,528201,1704223380000.0,0.0,-0.02165984,2165.670295522005,2158.872375522005,361.6,0.2995,1063.0,0.305595032925682,long_rentry,324.84752,0.1499986035139758,286.0
1704261660000.0,528839,1704261660000.0,0.4409740018814689,-0.00936606,2166.101903463886,2168.8400294620046,-151.8,0.3085,911.2,0.305595032925682,long_nclose,278.45819400188145,0.12855267499492504,638.0
1704262200000.0,528848,1704262200000.0,0.3779362163687688,-0.00802717,2166.471812510255,2168.8189922920046,-130.1,0.3085,781.1,0.305595032925682,long_nclose,238.70028021825024,0.11017926881849073,9.0
1704262740000.0,528857,1704262740000.0,0.3239038287864544,-0.006879550000000001,2166.7888367890414,2168.867922742005,-111.5,0.3085,669.6,0.305595032925682,long_nclose,204.6264340470367,0.09443764457928076,9.0
1704266280000.0,528916,1704266280000.0,0.6589943254938865,-0.00695268,2167.4408784345355,2170.680050062005,-111.6,0.3115,558.0,0.305595032925682,long_nclose,170.52202837253057,0.07867436204105022,59.0
1704266400000.0,528918,1704266400000.0,0.5491619379115721,-0.0057939,2167.9842464724475,2170.7765561620054,-93.0,0.3115,465.0,0.305595032925682,long_nclose,142.10169031044214,0.06554553638554222,2.0
1704267000000.0,528928,1704267000000.0,0.4576349482596434,-0.00482825,2168.437053170707,2170.841477912005,-77.5,0.3115,387.5,0.305595032925682,long_nclose,118.41807525870178,0.054609874464905436,10.0
1704267480000.0,528936,1704267480000.0,0.38087037629350967,-0.00401835,2168.813905197,2170.785809562005,-64.5,0.3115,323.0,0.305595032925682,long_nclose,98.70719563499529,0.04551206325193189,8.0
1704267600000.0,528938,1704267600000.0,0.3176872285983073,-0.0033517399999999998,2169.1282406855985,2170.690937822005,-53.8,0.3115,269.2,0.305595032925682,long_nclose,82.2661828635936,0.037925919418020045,2.0
1704268020000.0,528945,1704268020000.0,0.11155073565381031,-0.00236928,2169.2374221412524,2170.115608542005,-38.4,0.3085,230.8,0.305595032925682,long_nclose,70.53133359924742,0.03251434484733626,7.0
1704268980000.0,528961,1704268980000.0,0.2267507356538104,-0.00239232,2169.461780556906,2170.636376222005,-38.4,0.3115,192.4,0.305595032925682,long_nclose,58.79648433490122,0.027101876079055898,16.0
1704270300000.0,528983,1704270300000.0,0.33811073565381095,-0.002414592,2169.79747670056,2171.0918416300046,-38.4,0.3144,154.0,0.305595032925682,long_nclose,47.06163507055503,0.021689413678422167,22.0
1704271680000.0,529006,1704271680000.0,0.15116715710254028,-0.0015948800000000001,2169.9470489776622,2170.7180867500047,-25.6,0.3115,128.4,0.305595032925682,long_nclose,39.23840222765757,0.018082654250086035,23.0
1704272400000.0,529018,1704272400000.0,0.22540715710254064,-0.0016097280000000002,2170.1708464067647,2171.0554370220048,-25.6,0.3144,102.8,0.305595032925682,long_nclose,31.415169384760112,0.01447589688008915,12.0
1704272460000.0,529019,1704272460000.0,0.18050182502351886,-0.00128904,2170.350059191788,2171.0664779820045,-20.5,0.3144,82.3,0.305595032925682,long_nclose,25.15047120978363,0.011588209516371455,1.0
1704272520000.0,529020,1704272520000.0,0.14440146001881507,-0.001031232,2170.493429419807,2171.1198067500045,-16.4,0.3144,65.9,0.305595032925682,long_nclose,20.138712669802448,0.00927840296442902,1.0
1704273060000.0,529029,1704273060000.0,0.19196146001881528,-0.001040744,2170.6843501358258,2171.2439460060045,-16.4,0.3173,49.5,0.305595032925682,long_nclose,15.12695412982126,0.006968748878147449,9.0
1704273540000.0,529037,1704273540000.0,0.14397109501411148,-0.0007805580000000001,2170.82754067284,2171.2294854480047,-12.3,0.3173,37.2,0.305595032925682,long_nclose,11.368135224835372,0.005236774921932242,8.0
1704273660000.0,529039,1704273660000.0,0.10885619379115748,-0.0005901780000000001,2170.935806688631,2171.2651652700047,-9.3,0.3173,27.9,0.305595032925682,long_nclose,8.526101418626528,0.0039273853203571,2.0
1704274680000.0,529056,1704274680000.0,0.08076427281279425,-0.0004378740000000001,2171.016133087444,2171.2619373960047,-6.9,0.3173,21.0,0.305595032925682,long_nclose,6.417495691439322,0.002955987103749836,17.0
1704274740000.0,529057,1704274740000.0,0.060865828786453635,-0.00032999200000000003,2171.0766689242305,2171.2616074040047,-5.2,0.3173,15.8,0.305595032925682,long_nclose,4.828401520225776,0.002223966380062594,1.0
1704274800000.0,529058,1704274800000.0,0.045649371589840226,-0.000247494,2171.12207080182,2171.2649299100044,-3.9,0.3173,11.9,0.305595032925682,long_nclose,3.636580891815616,0.0016749776259575241,1.0
1704276060000.0,529079,1704276060000.0,0.03394440451552222,-0.00018403400000000002,2171.155831172335,2171.267475876004,-2.9,0.3173,9.0,0.305595032925682,long_nclose,2.750355296331138,0.0012667701032062996,21.0
1704277860000.0,529109,1704277860000.0,0.02575092756349962,-0.00013961200000000003,2171.1814424878985,2171.260356264004,-2.2,0.3173,6.8,0.305595032925682,long_nclose,2.0780462238946376,0.0009571038989323067,30.0
1704277920000.0,529110,1704277920000.0,0.01989844402634061,-0.00010788200000000002,2171.2012330499247,2171.262458382004,-1.7,0.3173,5.1,0.305595032925682,long_nclose,1.5585346679209782,0.0007178213811769428,1.0
1704278820000.0,529125,1704278820000.0,0.008804967074317993,-6.288000000000001e-05,2171.209975136999,2171.247305502004,-1.0,0.3144,4.1,0.305595032925682,long_nclose,1.2529396349952961,0.000577069767246366,15.0
1704279600000.0,529138,1704279600000.0,0.011704967074318007,-6.346e-05,2171.2216166440735,2171.2585220420037,-1.0,0.3173,3.1,0.305595032925682,long_nclose,0.9473446020696142,0.0004363187040915094,13.0
1704279960000.0,529144,1704279960000.0,0.008193476952022605,-4.4422e-05,2171.2297656990254,2171.2626576200037,-0.7,0.3173,2.4,0.305595032925682,long_nclose,0.7334280790216369,0.0003377938579363158,6.0
1704280500000.0,529153,1704280500000.0,0.002361986829727192,-2.4920000000000002e-05,2171.232102765855,2171.2459127000034,-0.4,0.3115,2.0,0.305595032925682,long_nclose,0.611190065851364,0.000281494578618652,9.0
1704280620000.0,529155,1704280620000.0,0.0035219868297271975,-2.5152000000000002e-05,2171.2355996006845,2171.2501675480034,-0.4,0.3144,1.6,0.305595032925682,long_nclose,0.48895205268109126,0.00022519530021109419,2.0
1704281100000.0,529163,1704281100000.0,0.002641490122295398,-1.8864e-05,2171.2382222268066,2171.249278684003,-0.3,0.3144,1.3,0.305595032925682,long_nclose,0.3972735428033866,0.0001829709604116796,8.0
1704281220000.0,529165,1704281220000.0,0.0017609934148635987,-1.2576000000000001e-05,2171.2399706442216,2171.250096108003,-0.2,0.3144,1.1,0.305595032925682,long_nclose,0.33615453621825025,0.0001548214572148425,2.0
1704281460000.0,529169,1704281460000.0,0.0,-0.021644200000000002,2171.2183264442215,2171.3632519080033,349.1,0.31,350.2,0.30998616372420973,long_ientry_partial,108.55715453621825,0.04999826743080279,4.0
1704281460000.0,529169,1704281460000.0,0.00015138362757902702,-6.2300000000000005e-06,2171.218471597849,2171.3633556780032,-0.1,0.3115,350.1,0.30998616372420973,long_nclose,108.52615591984583,0.04998398702825099,0.0
1704281640000.0,529172,1704281640000.0,0.15069181378951357,-0.0031300000000000004,2171.3660334116385,2172.210465678003,-50.0,0.313,300.1,0.30998616372420973,long_nclose,93.02684773363535,0.04284254533883081,3.0
1704281700000.0,529173,1704281700000.0,0.1289921926038236,-0.00267928,2171.492346324242,2172.2163463980028,-42.8,0.313,257.3,0.30998616372420973,long_nclose,79.75943992623917,0.03673024225079616,1.0
1704281760000.0,529174,1704281760000.0,0.11060779132150297,-0.0022974200000000005,2171.6006566955634,2172.1993289780025,-36.7,0.313,220.6,0.30998616372420973,long_nclose,68.38294771756067,0.031489651426803406,1.0
1704282000000.0,529178,1704282000000.0,0.0,-0.008041399999999999,2171.5926152955635,2171.735787578003,129.7,0.31,350.3,0.30999128666160625,long_ientry_partial,108.58994771756068,0.050004750869343466,4.0
1704282960000.0,529194,1704282960000.0,0.0,-0.021717704,2171.5708975915636,2170.0188098740027,360.4,0.3013,710.7,0.3055838859118625,long_rentry,217.17846771756066,0.10000984446716799,16.0
1704283260000.0,529199,1704283260000.0,0.0,-0.021714264,2171.5491833275637,2142.082095610003,366.3,0.2964,1077.0,0.30246034142763295,long_rentry,325.7497877175607,0.15000801741842176,5.0
1704283260000.0,529199,1704283260000.0,0.0,-0.031235904000000002,2171.517947423564,2132.609679706003,533.4,0.2928,1610.4,0.2992606232722061,long_rentry,481.92930771756073,0.22193199383378542,0.0
1704283260000.0,529199,1704283260000.0,0.0,-0.046085328,2171.4718620955637,2121.556714378003,797.6,0.2889,2408.0,0.29582888194250856,long_rentry,712.3559477175606,0.32805211992482675,0.0
1704283260000.0,529199,1704283260000.0,0.0,-0.067835088,2171.404027007564,2110.3976992900034,1192.6,0.2844,3600.6,0.2920433782473923,long_rentry,1051.5313877175606,0.48426334972155677,0.0
1704283260000.0,529199,1704283260000.0,0.0,-0.09950256000000002,2171.304524447564,2103.343716730003,1783.2,0.279,5383.8,0.28772320437563814,long_rentry,1549.0441877175606,0.7134163680295732,0.0
1704283260000.0,529199,1704283260000.0,0.0,-0.12445411199999999,2171.180070335564,2109.387142618003,2284.4,0.2724,7668.2,0.2831583354265096,long_rentry,2171.3147477175607,1.0000620295772962,0.0
1704283320000.0,529200,1704283320000.0,3.0032193738013833,-0.06263497200000001,2174.1206547373654,2227.6341876460033,-1095.4,0.2859,6572.8,0.2831583354265096,long_nclose,1861.1431070913623,0.8560440760433276,1.0
1704283320000.0,529200,1704283320000.0,5.960799373801422,-0.06322648800000001,2180.0182276231667,2224.613381158003,-1095.4,0.2886,5477.4,0.2831583354265096,long_nclose,1550.9714664651635,0.711448852497054,0.0
1704283320000.0,529200,1704283320000.0,8.9183793738014,-0.06381800400000001,2188.8727889929683,2224.5495631540034,-1095.4,0.2913,4382.0,0.2831583354265096,long_nclose,1240.799825838965,0.5668670340636004,0.0
1704283380000.0,529201,1704283380000.0,7.135354832206999,-0.051059064,2195.9570847611753,2215.0333840900034,-876.4,0.2913,3505.6,0.2831583354265096,long_nclose,992.639860671172,0.45203062826663937,1.0
1704283440000.0,529202,1704283440000.0,3.179020443833112,-0.03372002400000001,2199.1023851810082,2211.786124066003,-584.2,0.2886,2921.4,0.2831583354265096,long_nclose,827.2187611150051,0.3761620044111392,1.0
1704283680000.0,529206,1704283680000.0,0.0,-0.07862454600000002,2199.0237606350083,2100.024879520003,1446.9,0.2717,4368.3,0.27936302248357603,long_rentry,1220.3414911150053,0.5549469327983111,4.0
1704283680000.0,529206,1704283680000.0,0.0,-0.11517941599999999,2198.9085812190083,2079.3574001040033,2163.4,0.2662,6531.7,0.2750032259771583,long_rentry,1796.238571115005,0.8168773301704179,0.0
1704283680000.0,529206,1704283680000.0,0.0,-0.08053339400000001,2198.828047825008,2075.2393267100033,1552.9,0.2593,8084.6,0.2719869308456825,long_rentry,2198.905541115005,1.0000352429968653,0.0
1704327420000.0,529935,1704327420000.0,-0.26069094317682856,-0.004397568,2198.562959313831,2169.057189142003,-81.8,0.2688,8002.8,0.2719869308456825,unstuck_close_long,2176.657010171828,0.9900362420602047,729.0
1704348660000.0,530289,1704348660000.0,2.9872606572157965,-0.06278454400000001,2201.487435427047,2220.7839645980034,-1143.2,0.2746,6859.6,0.2719869308456825,long_nclose,1865.7215508290437,0.8474822616769235,354.0
1704348960000.0,530294,1704348960000.0,2.560546464315744,-0.053816108,2203.994165783363,2219.9461984900036,-979.9,0.2746,5879.7,0.2719869308456825,long_nclose,1599.2015572933592,0.7255924639550745,5.0
1704349440000.0,530302,1704349440000.0,2.1947167827112906,-0.046127308,2206.142755258074,2219.3121011820035,-839.9,0.2746,5039.8,0.2719869308456825,long_nclose,1370.7597340760706,0.6213377311187278,8.0
1704350160000.0,530314,1704350160000.0,1.8811484841931874,-0.039536908,2207.984366834267,2220.136544274003,-719.9,0.2746,4319.9,0.2719869308456825,long_nclose,1174.9563425602637,0.532139792386699,12.0
1704350580000.0,530321,1704350580000.0,1.6125249751293458,-0.033891132000000004,2209.5630006773963,2221.0900731420033,-617.1,0.2746,3702.8,0.2719869308456825,long_nclose,1007.1132075353931,0.45579746186310943,7.0
1704351660000.0,530339,1704351660000.0,1.3820522757185398,-0.029047188,2210.916005765115,2218.892235954004,-528.9,0.2746,3173.9,0.2719869308456825,long_nclose,863.2593198111117,0.39045324090110334,18.0
1704351840000.0,530342,1704351840000.0,1.1847655545675666,-0.024900728,2212.075870591683,2221.3611252260034,-453.4,0.2746,2720.5,0.2719869308456825,long_nclose,739.9404453656792,0.3345004821953783,3.0
1704352200000.0,530348,1704352200000.0,1.015438673367791,-0.021341912000000005,2213.0699673530507,2219.629763314004,-388.6,0.2746,2331.9,0.2719869308456825,long_nclose,634.246324039047,0.2865911757853907,6.0
1704352320000.0,530350,1704352320000.0,0.8704133353031682,-0.018293852000000003,2213.9220868363536,2219.1450894620034,-333.1,0.2746,1998.8,0.2719869308456825,long_nclose,543.6474773743502,0.2455585409291483,2.0
1704352380000.0,530351,1704352380000.0,0.7460312435576538,-0.01567966,2214.6524384199115,2218.6154198020035,-285.5,0.2746,1713.3,0.2719869308456825,long_nclose,465.9952086179078,0.21041460074447685,1.0
1704352440000.0,530352,1704352440000.0,0.6394180220614988,-0.013438924000000001,2215.2784175179727,2219.1159708780033,-244.7,0.2746,1468.6,0.2719869308456825,long_nclose,399.4400066399693,0.1803114242802524,1.0
1704352500000.0,530353,1704352500000.0,0.5482219085758171,-0.011522216000000002,2215.8151172105486,2219.1044486620035,-209.8,0.2746,1258.8,0.2719869308456825,long_nclose,342.3771485485451,0.1545152146897336,1.0
1704353400000.0,530368,1704353400000.0,0.4698298339462913,-0.009874616000000001,2216.2750724284947,2219.2024740460033,-179.8,0.2746,1079.0,0.2719869308456825,long_nclose,293.4738983824914,0.1324176326456246,15.0
1704381240000.0,530832,1704381240000.0,0.40267395668033085,-0.008463172,2216.669283213175,2219.641050874003,-154.1,0.2746,924.9,0.2719869308456825,long_nclose,251.56071233917172,0.11348590168332268,464.0
1704381960000.0,530844,1704381960000.0,0.8033339566803295,-0.008543304,2217.4640738658554,2221.7135475700034,-154.1,0.2772,770.8,0.2719869308456825,long_nclose,209.64752629585206,0.09454382091988499,12.0
1704382440000.0,530852,1704382440000.0,0.6693580794143693,-0.007118496000000001,2218.1263134492697,2221.7321490740032,-128.4,0.2772,642.4,0.2719869308456825,long_nclose,174.72440437526643,0.07877116975523518,8.0
1704383340000.0,530867,1704383340000.0,0.5577983995119744,-0.00593208,2218.678179768782,2221.6298769940036,-107.0,0.2772,535.4,0.2719869308456825,long_nclose,145.6218027747784,0.06563448638141575,15.0
1704384120000.0,530880,1704384120000.0,0.4650057685651226,-0.004945248,2219.1382402893473,2221.2858317460036,-89.2,0.2772,446.2,0.2719869308456825,long_nclose,121.36056854334352,0.05468815161669227,13.0
1704384960000.0,530894,1704384960000.0,0.38733103816579156,-0.004119192,2219.5214521355133,2221.311432554004,-74.3,0.2772,371.9,0.2719869308456825,long_nclose,101.15193958150931,0.04557376072404524,14.0
1704385860000.0,530909,1704385860000.0,0.13875397209426066,-0.0029162520000000003,2219.6572898556074,2220.490336302004,-53.1,0.2746,318.8,0.2719869308456825,long_nclose,86.70943355360357,0.03906433391762211,15.0
1704385920000.0,530910,1704385920000.0,0.11889464652144746,-0.0024988600000000003,2219.773685642129,2220.515167442004,-45.5,0.2746,273.3,0.2719869308456825,long_nclose,74.33402820012503,0.03348721028676486,1.0
1704386100000.0,530913,1704386100000.0,0.10190969701838354,-0.00214188,2219.873453459147,2220.5559855620036,-39.0,0.2746,234.3,0.2719869308456825,long_nclose,63.72653789714341,0.028707284101190854,3.0
1704386220000.0,530915,1704386220000.0,0.08727650975420538,-0.001834328,2219.9588956409016,2220.584311234004,-33.4,0.2746,200.9,0.2719869308456825,long_nclose,54.64217440689761,0.024614047816017073,2.0
1704387960000.0,530944,1704387960000.0,0.07499508472891302,-0.001576204,2220.0323145216307,2220.585605030004,-28.7,0.2746,172.2,0.2719869308456825,long_nclose,46.83614949162652,0.02109705754518204,29.0
1704390420000.0,530985,1704390420000.0,0.14961508472891275,-0.001591128,2220.1803384783593,2220.9427639020037,-28.7,0.2772,143.5,0.2719869308456825,long_nclose,39.03012457635543,0.017579709134396458,41.0
1704396060000.0,531079,1704396060000.0,0.12459235278818867,-0.001325016,2220.3036058151474,2220.939048886004,-23.9,0.2772,119.6,0.2719869308456825,long_nclose,32.52963692914362,0.014650985948023495,94.0
1704396180000.0,531081,1704396180000.0,0.1037400761709186,-0.0011032560000000002,2220.4062426353184,2220.916015630004,-19.9,0.2772,99.7,0.2719869308456825,long_nclose,27.117097005314545,0.012212673737185256,2.0
1704396480000.0,531086,1704396480000.0,0.0865369479616708,-0.0009203040000000002,2220.49185927928,2220.933375326004,-16.6,0.2772,83.1,0.2719869308456825,long_nclose,22.602113953276213,0.010178877197330655,5.0
1704397740000.0,531107,1704397740000.0,0.030834216020946815,-0.000648056,2220.522045439301,2220.729747270004,-11.8,0.2746,71.3,0.2719869308456825,long_nclose,19.39266816929716,0.008733382408486999,21.0
1704398100000.0,531113,1704398100000.0,0.026391998458607017,-0.0005546920000000001,2220.5478827457596,2220.713922578004,-10.1,0.2746,61.2,0.2719869308456825,long_nclose,16.64560016775577,0.007496168084055496,6.0
1704398220000.0,531115,1704398220000.0,0.02273370164256248,-0.000477804,2220.570138643402,2220.7073247740036,-8.7,0.2746,52.5,0.2719869308456825,long_nclose,14.279313869398331,0.0064304718958897175,2.0
1704398280000.0,531116,1704398280000.0,0.01959801865738145,-0.0004119,2220.5893247620593,2220.7114128740036,-7.5,0.2746,45.0,0.2719869308456825,long_nclose,12.239411888055711,0.005511785430818997,1.0
1704398400000.0,531118,1704398400000.0,0.016723642587632172,-0.00035148800000000006,2220.605696916647,2220.7142813860037,-6.4,0.2746,38.6,0.2719869308456825,long_nclose,10.498695530643344,0.004727852200514923,2.0
1704399000000.0,531128,1704399000000.0,0.014371880348746396,-0.00030206,2220.6197667369956,2220.7128793260035,-5.5,0.2746,33.1,0.2719869308456825,long_nclose,9.00276741099209,0.0040541688162223566,10.0
1704399240000.0,531132,1704399240000.0,0.012281425025292376,-0.00025812400000000004,2220.631790038021,2220.7088412020034,-4.7,0.2746,28.4,0.2719869308456825,long_nclose,7.724428836017382,0.0034784825069468753,4.0
1704399420000.0,531135,1704399420000.0,0.010452276617270106,-0.00021968,2220.642022634638,2220.7204215220036,-4.0,0.2746,24.4,0.2719869308456825,long_nclose,6.636481112634653,0.002988541622193084,3.0
1704400620000.0,531155,1704400620000.0,0.02085227661727007,-0.00022176000000000002,2220.6626531512557,2220.7751197620037,-4.0,0.2772,20.4,0.2719869308456825,long_nclose,5.548533389251922,0.0024985935533153652,20.0
1704401340000.0,531167,1704401340000.0,0.01772443512467956,-0.00018849600000000002,2220.6801890903803,2220.762011266004,-3.4,0.2772,17.0,0.2719869308456825,long_nclose,4.623777824376602,0.0020821448523258824,12.0
1704402060000.0,531179,1704402060000.0,0.01459659363208905,-0.000155232,2220.6946304520125,2220.7601360340036,-2.8,0.2772,14.2,0.2719869308456825,long_nclose,3.862214418008691,0.0017391920370530885,12.0
1704404040000.0,531212,1704404040000.0,0.005226138308635053,-0.00010984,2220.699746750321,2220.7316261940036,-2.0,0.2746,12.2,0.2719869308456825,long_nclose,3.3182405563173263,0.0014942319695281185,33.0
1704404100000.0,531213,1704404100000.0,0.004442217562339795,-9.336400000000001e-05,2220.7040956038836,2220.7315328300037,-1.7,0.2746,10.5,0.2719869308456825,long_nclose,2.8558627738796662,0.001286016799596644,1.0
1704404460000.0,531219,1704404460000.0,0.0,-0.021631408,2220.6824641958838,2220.5348614220043,395.6,0.2734,406.1,0.27336346410706636,long_ientry_partial,111.01290277387966,0.04999044418269759,6.0
1704406380000.0,531251,1704406380000.0,0.15291908179015268,-0.0032016000000000006,2220.832181677674,2221.854389822004,-58.0,0.276,348.1,0.27336346410706636,long_nclose,95.15782185566981,0.042847821929428785,32.0
1704407160000.0,531264,1704407160000.0,0.13103583387880324,-0.0027434400000000006,2220.9604740715527,2221.598016382004,-49.7,0.276,298.4,0.27336346410706636,long_nclose,81.5716576895486,0.03672809968563205,13.0
1704408360000.0,531284,1704408360000.0,0.0,-0.005882400000000001,2220.954591671553,2220.8222239820043,107.5,0.2736,405.9,0.2734261091144336,long_ientry_partial,110.9836576895486,0.04997115119135289,20.0
1704414120000.0,531380,1704414120000.0,0.15481828227429514,-0.0031972380000000002,2221.106212715827,2222.106326744004,-57.9,0.2761,348.0,0.2734261091144336,long_nclose,95.15228597182289,0.042840043140249806,96.0
1704419280000.0,531466,1704419280000.0,0.0,-0.022210248,2221.084002467827,2214.0650564960038,417.8,0.2658,765.8,0.26926550792873194,long_rentry,206.2035259718229,0.0928391387911092,86.0
1704419280000.0,531466,1704419280000.0,0.0,-0.022212448,2221.0617900198267,2213.575124048004,425.2,0.2612,1191.0,0.26638603356156415,long_rentry,317.26576597182293,0.1428441871349247,0.0
1704419340000.0,531467,1704419340000.0,0.0,-0.030427042,2221.0313629778266,2225.171697006004,589.9,0.2579,1780.9,0.2635751451355061,long_rentry,469.40097597182285,0.21134369545438475,1.0
1704419400000.0,531468,1704419400000.0,0.6423230775272447,-0.013539168,2221.6601468873537,2221.6980878380036,-254.4,0.2661,1526.5,0.2635751451355061,long_nclose,402.3474590493501,0.1811021634488322,1.0
1704419640000.0,531472,1704419640000.0,0.5504183604596672,-0.01160196,2222.1989632878135,2225.502735878004,-218.0,0.2661,1308.5,0.2635751451355061,long_nclose,344.88807740980974,0.15520125925157346,4.0
1704419700000.0,531473,1704419700000.0,0.47189537417390737,-0.009946818000000001,2222.6609118439874,2225.7171090600036,-186.9,0.2661,1121.6,0.2635751451355061,long_nclose,295.6258827839836,0.13300539061476696,1.0
1704419940000.0,531477,1704419940000.0,0.40448174929192054,-0.008525844,2223.0568677492793,2225.6765432160037,-160.2,0.2661,961.4,0.2635751451355061,long_nclose,253.40114453327558,0.11398770234331886,4.0
1704420000000.0,531478,1704420000000.0,0.821001749291919,-0.008609147999999999,2223.8692603505715,2227.654814068004,-160.2,0.2687,801.2,0.2635751451355061,long_nclose,211.1764062825675,0.09495900233329256,1.0
1704420060000.0,531479,1704420060000.0,0.6841681244099327,-0.00717429,2224.5462541849815,2227.968119778004,-133.5,0.2687,667.7,0.2635751451355061,long_nclose,175.98912440697745,0.07911236912961178,1.0
1704420120000.0,531480,1704420120000.0,0.5698838609317192,-0.005975888,2225.1101621579132,2228.351693890004,-111.2,0.2687,556.5,0.2635751451355061,long_nclose,146.67956826790916,0.0659201376913668,1.0
1704420300000.0,531483,1704420300000.0,0.47507404593858243,-0.0049816980000000005,2225.580254505852,2227.678882192004,-92.7,0.2687,463.8,0.2635751451355061,long_nclose,122.24615231384774,0.054927766395460854,3.0
1704420360000.0,531484,1704420360000.0,0.3961512810253767,-0.004154102,2225.9722516848774,2227.9916580900044,-77.3,0.2687,386.5,0.2635751451355061,long_nclose,101.87179359487311,0.04576507794190362,1.0
1704420660000.0,531489,1704420660000.0,0.13937198852006252,-0.0029377440000000004,2226.1086859293973,2227.143950346004,-55.2,0.2661,331.3,0.2635751451355061,long_nclose,87.32244558339318,0.03922649695198335,5.0
1704420720000.0,531490,1704420720000.0,0.0,-0.00458724,2226.1040986893972,2227.222823106004,86.0,0.2667,417.3,0.2642191363129479,long_ientry_partial,110.25864558339316,0.04952986953678722,1.0
1704420900000.0,531493,1704420900000.0,0.15381947574830343,-0.0031802560000000002,2226.254737909145,2227.0706028500035,-59.6,0.2668,357.7,0.2642191363129479,long_nclose,94.51118505914147,0.0424529967077822,3.0
1704421260000.0,531499,1704421260000.0,0.13188213440836083,-0.002726696,2226.3838933475536,2227.1751861540038,-51.1,0.2668,306.6,0.2642191363129479,long_nclose,81.00958719354983,0.03638617196055312,6.0
1704421320000.0,531500,1704421320000.0,0.0,-0.005901615999999999,2226.3779917315537,2227.211004538004,110.6,0.2668,417.2,0.26490332500850877,long_ientry_partial,110.51766719354985,0.049640118436310686,1.0
1704421320000.0,531500,1704421320000.0,0.08307436462731498,-0.0023371679999999997,2226.4587289281812,2227.2042873700043,-43.8,0.2668,373.4,0.26490332500850877,long_nclose,98.91490155817716,0.044427008806848564,0.0
1704422520000.0,531520,1704422520000.0,0.13840277704648327,-0.00285155,2226.594280155228,2227.297435820004,-53.3,0.2675,320.1,0.26490332500850877,long_nclose,84.79555433522367,0.03808307381859982,20.0
1704422700000.0,531523,1704422700000.0,0.0,-0.005165714000000001,2226.5891144412276,2227.167230106004,96.7,0.2671,416.8,0.2654129662553351,long_ientry_partial,110.62412433522368,0.04968322337414521,3.0
1704431160000.0,531664,1704431160000.0,0.15392850780756165,-0.0031892000000000005,2226.739853749035,2227.7356609060034,-59.5,0.268,357.3,0.2654129662553351,long_nclose,94.83205284303124,0.04258784549230927,141.0
1704435000000.0,531728,1704435000000.0,0.13193872097790998,-0.0027336000000000005,2226.869058870013,2227.6920973060037,-51.0,0.268,306.3,0.2654129662553351,long_nclose,81.29599156400914,0.03650685757215623,64.0
1704435060000.0,531729,1704435060000.0,0.0,-0.005853120000000001,2226.8632057500126,2227.6140641860034,109.2,0.268,415.5,0.2660928798171099,long_ientry_partial,110.56159156400916,0.04964902706126116,1.0
1704452340000.0,532017,1704452340000.0,0.0,-0.022270632000000002,2226.8409351180126,2225.7582835540034,430.6,0.2586,846.1,0.2622795787306573,long_rentry,221.91475156400918,0.0996545141883916,288.0
1704464400000.0,532218,1704464400000.0,0.0,-0.022270176000000003,2226.8186649420127,2219.6382333780034,437.7,0.2544,1283.8,0.25959310762113197,long_rentry,333.2656315640092,0.14965997762224056,201.0
1704465720000.0,532240,1704465720000.0,0.0,-0.031955308,2226.786709634013,2214.6043380700035,635.8,0.2513,1919.6,0.25684630733695,long_rentry,493.0421715640092,0.22141418818017103,22.0
1704468000000.0,532278,1704468000000.0,0.0,-0.047135706000000006,2226.7395739280128,2210.1403023640037,950.7,0.2479,2870.3,0.2538831138083159,long_rentry,728.7207015640092,0.3272590607794029,38.0
1704496260000.0,532749,1704496260000.0,0.9909233385904664,-0.021016599999999996,2227.709480666603,2234.6398657640034,-410.0,0.2563,2460.3,0.2538831138083159,long_nclose,624.6286249025997,0.2803905223385279,471.0
1704497400000.0,532768,1704497400000.0,0.8492938077577802,-0.018012763999999997,2228.540761710361,2233.6377330000037,-351.4,0.2563,2108.9,0.2538831138083159,long_nclose,535.4140987103574,0.24025322215755104,19.0
1704497640000.0,532772,1704497640000.0,0.7279661209352402,-0.015439512,2229.2532883192966,2234.164603488004,-301.2,0.2563,1807.7,0.2538831138083159,long_nclose,458.9445048312927,0.20587364712482054,4.0
1704498240000.0,532782,1704498240000.0,0.6240400146928254,-0.013235331999999997,2229.8640930019897,2233.918958156004,-258.2,0.2563,1549.5,0.2538831138083159,long_nclose,393.3918848459855,0.1764196688401648,10.0
1704498840000.0,532792,1704498840000.0,1.269540014692826,-0.013364432,2231.1202685846824,2237.211183724004,-258.2,0.2588,1291.3,0.2538831138083159,long_nclose,327.8392648606783,0.1469393064447593,10.0
1704498900000.0,532793,1704498900000.0,1.0581139084504112,-0.011138751999999998,2232.1672437411326,2237.5659149720036,-215.2,0.2588,1076.1,0.2538831138083159,long_nclose,273.20361876912875,0.12239388403139409,1.0
1704499140000.0,532797,1704499140000.0,0.8815976941689532,-0.009280568,2233.0395608673016,2237.538704404004,-179.3,0.2588,896.8,0.2538831138083159,long_nclose,227.6823764632977,0.10196074465195187,4.0
1704501300000.0,532833,1704501300000.0,0.30960312115472866,-0.0065664059999999995,2233.3425975824566,2235.2773279980042,-128.1,0.2563,768.7,0.2538831138083159,long_nclose,195.15994958445245,0.08738468956608302,36.0
1704501540000.0,532837,1704501540000.0,0.2653741038469103,-0.005628347999999999,2233.602343338304,2235.2607196500044,-109.8,0.2563,658.9,0.2538831138083159,long_nclose,167.28358368829936,0.07489407601456945,4.0
1704502080000.0,532846,1704502080000.0,0.22742899063747046,-0.004823565999999999,2233.8249487629414,2235.4724060840044,-94.1,0.2563,564.8,0.2538831138083159,long_nclose,143.39318267893682,0.06419177239395854,9.0
1704502920000.0,532860,1704502920000.0,0.1948010270497356,-0.004131555999999999,2234.015618233991,2235.2342945280043,-80.6,0.2563,484.2,0.2538831138083159,long_nclose,122.93020370598656,0.055026564139763694,14.0
1704505500000.0,532903,1704505500000.0,0.16700683584536885,-0.003542065999999999,2234.1790830038362,2235.182332462004,-69.1,0.2563,415.1,0.2538831138083159,long_nclose,105.38688054183194,0.04717029236534616,43.0
1704508560000.0,532954,1704508560000.0,0.143321351166865,-0.003039718,2234.319364637003,2235.2504527440046,-59.3,0.2563,355.8,0.2538831138083159,long_nclose,90.33161189299881,0.04042914066927691,51.0
1704509460000.0,532969,1704509460000.0,0.12277781853755047,-0.0026040079999999997,2234.4395384475406,2235.237688736004,-50.8,0.2563,305.0,0.2538831138083159,long_nclose,77.43434971153636,0.03465493175319335,15.0
1704509880000.0,532976,1704509880000.0,0.1051345493382568,-0.00222981,2234.542443186879,2235.2529089260047,-43.5,0.2563,261.5,0.2538831138083159,long_nclose,66.39043426087461,0.02971097481871471,7.0
1704511140000.0,532997,1704511140000.0,0.0901498549498156,-0.0019119979999999998,2234.6306810438286,2235.262226928004,-37.3,0.2563,224.2,0.2538831138083159,long_nclose,56.92059411582442,0.025472036430304438,21.0
1704511320000.0,533000,1704511320000.0,0.07734035813389006,-0.0016403199999999998,2234.7063810819623,2235.190126608004,-32.0,0.2563,192.2,0.2538831138083159,long_nclose,48.79633447395832,0.02183568046659129,3.0
1704511440000.0,533002,1704511440000.0,0.06622268165214336,-0.0014045239999999999,2234.7711992396144,2235.169502084004,-27.4,0.2563,164.8,0.2538831138083159,long_nclose,41.839937155610464,0.018722246451827636,2.0
1704511500000.0,533003,1704511500000.0,0.056796825504575515,-0.00120461,2234.826791455119,2235.1541674740038,-23.5,0.2563,141.3,0.2538831138083159,long_nclose,35.87368398111504,0.016052109326001644,1.0
1704515280000.0,533066,1704515280000.0,0.0,-0.015165572,2234.8116258831187,2234.8124419020037,298.3,0.2542,439.6,0.25409814372410156,long_ientry_partial,111.70154398111505,0.04998253216844375,63.0
1704518880000.0,533126,1704518880000.0,0.0,-0.022349388,2234.789276495119,2231.6249725140037,452.6,0.2469,892.2,0.2504466307791023,long_rentry,223.44848398111506,0.09998637738747138,60.0
1704523380000.0,533201,1704523380000.0,0.0,-0.022346800000000003,2234.766929695119,2227.8986057140037,460.0,0.2429,1352.2,0.24787936990172685,long_rentry,335.18248398111507,0.14998543227362093,75.0
1704531420000.0,533335,1704531420000.0,0.46742367197654994,-0.009666586000000001,2235.2246867810954,2237.566799128004,-193.1,0.2503,1159.1,0.24787936990172685,long_nclose,287.31697765309156,0.12854053525457937,134.0
1704532380000.0,533351,1704532380000.0,0.40061428126421034,-0.008284930000000001,2235.6170161323594,2238.2208741980035,-165.5,0.2503,993.6,0.24787936990172685,long_nclose,246.2929419343558,0.11016777030998143,16.0
1704532560000.0,533354,1704532560000.0,0.34348741094496343,-0.007103514000000002,2235.9534000293042,2238.2705606840036,-141.9,0.2503,851.7,0.24787936990172685,long_nclose,211.11885934530076,0.09442006230654622,3.0
1704533760000.0,533374,1704533760000.0,0.294348619950018,-0.006087296,2236.2416613532546,2238.081973388004,-121.6,0.2503,730.1,0.24787936990172685,long_nclose,180.97672796525077,0.08092896715631945,20.0
1704551400000.0,533668,1704551400000.0,0.2524717192498921,-0.005221258,2236.4889118145047,2238.066322130004,-104.3,0.2503,625.8,0.24787936990172685,long_nclose,155.12290968450066,0.06936001733120446,294.0
1704551700000.0,533673,1704551700000.0,0.2164043307856218,-0.004475364000000001,2236.7008407812905,2238.106546766004,-89.4,0.2503,536.4,0.24787936990172685,long_nclose,132.96249401528627,0.059445810360960846,5.0
1704552180000.0,533681,1704552180000.0,0.18542026552772514,-0.003834596,2236.882426450818,2238.041412170004,-76.6,0.2503,459.8,0.24787936990172685,long_nclose,113.97493428081401,0.050952581563106114,8.0
1704553560000.0,533704,1704553560000.0,0.15879333444672022,-0.003283936,2237.0379358492646,2238.149828234004,-65.6,0.2503,394.2,0.24787936990172685,long_nclose,97.71404761526072,0.04368010307262168,23.0
1704553740000.0,533707,1704553740000.0,0.1362814745327797,-0.0028183780000000003,2237.1713989457976,2238.056909856004,-56.3,0.2503,337.9,0.24787936990172685,long_nclose,83.7584390897935,0.03743943764400986,3.0
1704554280000.0,533716,1704554280000.0,0.11667437073676701,-0.0024128920000000007,2237.2856604245344,2238.0448569640043,-48.2,0.2503,289.7,0.24787936990172685,long_nclose,71.81065346053026,0.03209722152642049,9.0
1704555180000.0,533731,1704555180000.0,0.0999720230586821,-0.002067478,2237.3835649695934,2238.0345294860044,-41.3,0.2503,248.4,0.24787936990172685,long_nclose,61.57323548358895,0.02752019655799418,15.0
1704555900000.0,533743,1704555900000.0,0.08569030547887037,-0.0017721240000000004,2237.467483151072,2238.025677362004,-35.4,0.2503,213.0,0.24787936990172685,long_nclose,52.79830578906782,0.023597351106399485,12.0
1704557520000.0,533770,1704557520000.0,0.17113236848869617,-0.0017941699999999999,2237.6368213495607,2238.4924831920043,-35.5,0.2527,177.5,0.24787936990172685,long_nclose,43.99858815755652,0.019662971103157012,27.0
1704560520000.0,533820,1704560520000.0,0.06124194148631131,-0.0012665180000000001,2237.696796773047,2238.080436674004,-25.3,0.2503,152.2,0.24787936990172685,long_nclose,37.727240099042824,0.016859853467837457,50.0
1704560820000.0,533825,1704560820000.0,0.05252767313252788,-0.0010863020000000001,2237.748238144179,2238.0771803720036,-21.7,0.2503,130.5,0.24787936990172685,long_nclose,32.34825777217535,0.014455718128060097,5.0
1704562200000.0,533848,1704562200000.0,0.045023719827881045,-0.0009311160000000002,2237.792330748007,2238.1079592560036,-18.6,0.2503,111.9,0.24787936990172685,long_nclose,27.737701492003236,0.012395118667124757,23.0
1704567600000.0,533938,1704567600000.0,0.038488018562543476,-0.0007959540000000001,2237.8300228125695,2238.072003302004,-15.9,0.2503,96.0,0.24787936990172685,long_nclose,23.796419510565777,0.010633702858565526,90.0
1704568500000.0,533953,1704568500000.0,0.0,-0.01759352,2237.8124292925695,2237.8045097820036,353.0,0.2492,449.0,0.24891763810816434,long_ientry_partial,111.76401951056579,0.04994342602069526,15.0
1704588300000.0,534283,1704588300000.0,0.1527093972666676,-0.0032216659999999998,2237.961917023836,2238.955868116004,-64.1,0.2513,384.9,0.24891763810816434,long_nclose,95.80839890783244,0.04281055820433427,330.0
1704588420000.0,534285,1704588420000.0,0.1307916678617793,-0.0027592740000000004,2238.089949417698,2238.8761288420037,-54.9,0.2513,330.0,0.24891763810816434,long_nclose,82.14282057569423,0.03670219804930807,2.0
1704588540000.0,534287,1704588540000.0,0.11220924510546092,-0.0023672460000000004,2238.1997914168032,2238.9303415960035,-47.1,0.2513,282.9,0.24891763810816434,long_nclose,70.41879982079969,0.03146224930001618,2.0
1704589080000.0,534296,1704589080000.0,0.0962474204301618,-0.0020305040000000002,2238.2940083332337,2238.8959810920037,-40.4,0.2513,242.5,0.24891763810816434,long_nclose,60.36252724122985,0.026968095798183083,9.0
1704589440000.0,534302,1704589440000.0,0.08242972145751482,-0.0017389960000000002,2238.3746990586915,2238.869992096004,-34.6,0.2513,207.9,0.24891763810816434,long_nclose,51.74997696268737,0.02311944331056364,6.0
1704589500000.0,534303,1704589500000.0,0.07075614818751993,-0.0014927220000000001,2238.443962484879,2238.9219593740045,-29.7,0.2513,178.2,0.24891763810816434,long_nclose,44.35712311087488,0.01981605251428067,1.0
1704592200000.0,534348,1704592200000.0,0.06051199205262647,-0.0012766040000000002,2238.503197872932,2238.8825027700045,-25.4,0.2513,152.8,0.24891763810816434,long_nclose,38.03461510292751,0.016991092592169944,45.0
1704593040000.0,534362,1704593040000.0,0.051935489242018004,-0.0010956680000000004,2238.5540376941744,2238.957827102005,-21.8,0.2513,131.0,0.24891763810816434,long_nclose,32.60821059216953,0.01456663991268116,14.0
1704596520000.0,534420,1704596520000.0,0.044550167377327365,-0.0009398620000000002,2238.5976479995516,2238.8764172400047,-18.7,0.2513,112.3,0.24891763810816434,long_nclose,27.953450759546854,0.012487036598348314,58.0
1704600180000.0,534481,1704600180000.0,0.08943016737732658,-0.000948838,2238.686129328929,2239.208638402005,-18.7,0.2537,93.6,0.24891763810816434,long_nclose,23.29869092692418,0.010407305705649869,61.0
1704601500000.0,534503,1704601500000.0,0.07460484551263608,-0.0007915439999999999,2238.7599426304414,2239.1563668580047,-15.6,0.2537,78.0,0.24891763810816434,long_nclose,19.415575772436817,0.008672468808613932,22.0
1704601620000.0,534505,1704601620000.0,0.062170704593863396,-0.00065962,2238.821453715035,2239.1388072380046,-13.0,0.2537,65.0,0.24891763810816434,long_nclose,16.179646477030683,0.0072268587788377,2.0
1704603780000.0,534541,1704603780000.0,0.09337070459386357,-0.00066586,2238.914158559629,2239.2876413780045,-13.0,0.2561,52.0,0.24891763810816434,long_nclose,12.943717181624546,0.005781247633876096,36.0
1704603840000.0,534542,1704603840000.0,0.07469656367509085,-0.000532688,2238.988322435304,2239.291268690004,-10.4,0.2561,41.6,0.24891763810816434,long_nclose,10.354973745299636,0.004624844909435139,1.0
1704605040000.0,534562,1704605040000.0,0.05961360370223598,-0.00042512600000000006,2239.0475109130057,2239.290013564004,-8.3,0.2561,33.3,0.24891763810816434,long_nclose,8.28895734900187,0.003702001546908633,20.0
1704606360000.0,534584,1704606360000.0,0.047403588486115346,-0.000338052,2239.094576449492,2239.297025512004,-6.6,0.2561,26.7,0.24891763810816434,long_nclose,6.646100937487987,0.0029682091178241513,22.0
1704607920000.0,534610,1704607920000.0,0.038066518026728995,-0.000271466,2239.1323715015187,2239.288214046004,-5.3,0.2561,21.4,0.24891763810816434,long_nclose,5.326837455514716,0.0023789738933311217,26.0
1704608160000.0,534614,1704608160000.0,0.03016591994570977,-0.00021512400000000002,2239.1623222974645,2239.2910189220042,-4.2,0.2561,17.2,0.24891763810816434,long_nclose,4.281383375460426,0.0019120468993366977,4.0
1704609420000.0,534635,1704609420000.0,0.02442003043224124,-0.000174148,2239.1865681798968,2239.284304774004,-3.4,0.2561,13.8,0.24891763810816434,long_nclose,3.435063405892668,0.0015340675291227873,21.0
1704609480000.0,534636,1704609480000.0,0.01939237710795628,-0.00013829400000000001,2239.205822263005,2239.2866564800042,-2.7,0.2561,11.1,0.24891763810816434,long_nclose,2.762985783000624,0.0012339132720762007,1.0
1704610560000.0,534654,1704610560000.0,0.015801196162038452,-0.00011268400000000001,2239.2215107751667,2239.285433796004,-2.2,0.2561,8.9,0.24891763810816434,long_nclose,2.2153669791626625,0.0009893469531720217,18.0
1704610620000.0,534655,1704610620000.0,0.01221001521612062,-8.7074e-05,2239.233633716383,2239.2860667220043,-1.7,0.2561,7.2,0.24891763810816434,long_nclose,1.7922069943787833,0.0008003662357483957,1.0
1704610980000.0,534661,1704610980000.0,0.010055306648569922,-7.1708e-05,2239.2436173150313,2239.286435014004,-1.4,0.2561,5.8,0.24891763810816434,long_nclose,1.443722301027353,0.0006447365931351634,6.0
1704611280000.0,534666,1704611280000.0,0.007900598081019226,-5.6342000000000004e-05,2239.2514615711125,2239.286628672004,-1.1,0.2561,4.7,0.24891763810816434,long_nclose,1.1699128991083725,0.0005224571331919701,5.0
1704612120000.0,534680,1704612120000.0,0.006464125702652093,-4.6098000000000005e-05,2239.257879598815,2239.2851725740043,-0.9,0.2561,3.8,0.24891763810816434,long_nclose,0.9458870248110244,0.00042241093954774393,14.0
1704612660000.0,534689,1704612660000.0,0.005027653324284961,-3.5854e-05,2239.2628713981394,2239.285756720004,-0.7,0.2561,3.1,0.24891763810816434,long_nclose,0.7716446781353095,0.000344597629868044,9.0
1704614280000.0,534716,1704614280000.0,0.004309417135101396,-3.0731999999999996e-05,2239.2671500832744,2239.285355988004,-0.6,0.2561,2.5,0.24891763810816434,long_nclose,0.6222940952704108,0.00027790078340910276,27.0
1704614460000.0,534719,1704614460000.0,0.0035911809459178295,-2.561e-05,2239.27071565422,2239.285280378004,-0.5,0.2561,2.0,0.24891763810816434,long_nclose,0.49783527621632867,0.00022232027272811554,3.0
1704614880000.0,534726,1704614880000.0,0.002872944756734264,-2.0488e-05,2239.273568110977,2239.285379890004,-0.4,0.2561,1.6,0.24891763810816434,long_nclose,0.39826822097306297,0.00017785599162367508,7.0
1704615960000.0,534744,1704615960000.0,0.002154708567550698,-1.5365999999999998e-05,2239.275707453545,2239.285174524004,-0.3,0.2561,1.3,0.24891763810816434,long_nclose,0.32359292954061364,0.00014450785513526443,18.0
1704617160000.0,534764,1704617160000.0,0.0,-0.022328572,2239.253378881545,2239.4798459520043,441.8,0.2527,443.1,0.2526889030231113,long_ientry_partial,111.96645292954062,0.050001689842471185,20.0
1704640860000.0,535159,1704640860000.0,0.0,-0.022393808,2239.230985073545,2235.7302921440046,455.9,0.2456,899.0,0.24909398546111305,long_rentry,223.93549292954063,0.1000055351244551,395.0
1704646140000.0,535247,1704646140000.0,0.0,-0.022391488,2239.2085935855453,2232.1990206560044,463.4,0.2416,1362.4,0.24654501829825354,long_rentry,335.8929329295406,0.15000520000313602,88.0
1704665760000.0,535574,1704665760000.0,0.0,-0.032210178000000006,2239.1763834075455,2226.0438104780046,674.7,0.2387,2037.1,0.24394670017649633,long_rentry,496.94382292954066,0.22193152205959715,327.0
1704666660000.0,535589,1704666660000.0,0.0,-0.04751919,2239.1288642175455,2220.703691288005,1008.9,0.2355,3046.0,0.2411489733846161,long_rentry,734.5397729295406,0.3280471189791136,15.0
1704672960000.0,535694,1704672960000.0,0.0,-0.069938696,2239.0589255215455,2210.126492592005,1508.6,0.2318,4554.6,0.23805235430763194,long_rentry,1084.2332529295406,0.48423614071567567,105.0
1704680160000.0,535814,1704680160000.0,0.0,-0.10258923599999999,2238.9563362855456,2186.352943356005,2255.7,0.2274,6810.3,0.23452409334824315,long_rentry,1597.1794329295403,0.7133589016654427,120.0
1704682320000.0,535850,1704682320000.0,0.0,-0.12835596000000002,2238.8279803255455,2162.266227396005,2890.9,0.222,9701.2,0.23079198789114133,long_rentry,2238.9592329295406,1.0000586255867572,36.0
1704694860000.0,536059,1704694860000.0,-0.00892282544071027,-0.004475580000000001,2238.814581920105,2248.4957318160054,-97.0,0.2307,9604.2,0.23079198789114133,unstuck_close_long,2216.5724101040996,0.990065201470624,209.0
1704694920000.0,536060,1704694920000.0,3.0293926133541107,-0.06393520000000001,2241.780039333459,2255.8407366160054,-1372.0,0.233,8232.2,0.23079198789114133,long_nclose,1899.9258027174537,0.8475076811203798,1.0
1704695040000.0,536062,1704695040000.0,2.596622240017809,-0.05480160000000001,2244.3218599734773,2260.607655016006,-1176.0,0.233,7056.2,0.23079198789114133,long_nclose,1628.5144249574714,0.7256153647127586,2.0
1704697380000.0,536101,1704697380000.0,2.2256762057295507,-0.0469728,2246.500563379207,2264.088802216006,-1008.0,0.233,6048.2,0.23079198789114133,long_nclose,1395.876101163201,0.6213557761425669,39.0
1704698100000.0,536113,1704698100000.0,4.44327620572953,-0.04741632,2250.8964232649364,2273.113685896006,-1008.0,0.2352,5040.2,0.23079198789114133,long_nclose,1163.2377773689304,0.516788673768315,12.0
1704698160000.0,536114,1704698160000.0,3.7027301714412753,-0.039513599999999996,2254.5596398363773,2274.334232296005,-840.0,0.2352,4200.2,0.23079198789114133,long_nclose,969.3725075403718,0.4299609069604045,1.0
1704701820000.0,536175,1704701820000.0,3.0856084762010627,-0.032928,2257.6123203125785,2273.7412842960057,-700.0,0.2352,3500.2,0.23079198789114133,long_nclose,807.8181160165728,0.35781967911334134,61.0
1704702540000.0,536187,1704702540000.0,2.5711934630972566,-0.027438431999999995,2260.1560753436756,2273.0138058640055,-583.3,0.2352,2916.9,0.23079198789114133,long_nclose,673.1971494796702,0.29785427512005114,12.0
1704702600000.0,536188,1704702600000.0,2.1427346861161953,-0.022866144,2262.2759438857915,2273.234019720005,-486.1,0.2352,2430.8,0.23079198789114133,long_nclose,561.0091641657864,0.24798440954208736,1.0
1704706140000.0,536247,1704706140000.0,1.7856857052986437,-0.019055904000000002,2264.0425736870898,2273.3770238160046,-405.1,0.2352,2025.7,0.23079198789114133,long_nclose,467.515329871085,0.20649582092871882,59.0
1704708060000.0,536279,1704708060000.0,0.6387779030928166,-0.013481380000000003,2264.6678702101826,2268.501862436005,-289.3,0.233,1736.4,0.23079198789114133,long_nclose,400.7472077741778,0.17695628266099112,32.0
1704708120000.0,536280,1704708120000.0,0.547587002996953,-0.011556800000000002,2265.2039004131793,2269.0856656360047,-248.0,0.233,1488.4,0.23079198789114133,long_nclose,343.5107947771748,0.15164674346292512,1.0
1704708240000.0,536282,1704708240000.0,0.4694233743433556,-0.009907160000000002,2265.663416627523,2267.970078476005,-212.6,0.233,1275.8,0.23079198789114133,long_nclose,294.4444181515181,0.12995947058623714,2.0
1704708360000.0,536284,1704708360000.0,0.4022998062340517,-0.00849052,2266.057225913757,2268.7999879560048,-182.2,0.233,1093.6,0.23079198789114133,long_nclose,252.39411795775214,0.11138029307974674,2.0
1704709260000.0,536299,1704709260000.0,0.803139806234048,-0.008570688,2266.851795031991,2271.0515372680047,-182.2,0.2352,911.4,0.23079198789114133,long_nclose,210.3438177639862,0.09279116447973068,15.0
1704710220000.0,536315,1704710220000.0,0.6695770393356306,-0.007145376000000001,2267.5142266953267,2271.014011892005,-151.9,0.2352,759.5,0.23079198789114133,long_nclose,175.28651480332184,0.0773033803888341,16.0
1704714600000.0,536388,1704714600000.0,1.0189470393356301,-0.00721525,2268.525958484662,2272.7232666420045,-151.9,0.2375,607.6,0.23079198789114133,long_nclose,140.2292118426575,0.06181512330426595,73.0
1704714900000.0,536393,1704714900000.0,1.3531270393356312,-0.007282086,2269.8718034379976,2273.8856145560044,-151.9,0.2397,455.7,0.23079198789114133,long_nclose,105.1719088819931,0.04633385406290233,5.0
1704714960000.0,536394,1704714960000.0,1.014622579199002,-0.005460366,2270.8809656511967,2273.8915441900044,-113.9,0.2397,341.8,0.23079198789114133,long_nclose,78.88470146119211,0.03473748851409795,1.0
1704715020000.0,536395,1704715020000.0,0.76074423409653,-0.004094076,2271.637615809293,2273.9216301140045,-85.4,0.2397,256.4,0.23079198789114133,long_nclose,59.17506569528863,0.0260495183225811,1.0
1704715080000.0,536396,1704715080000.0,0.5710035761778404,-0.0030729539999999997,2272.205546431471,2274.072397160004,-64.1,0.2397,192.3,0.23079198789114133,long_nclose,44.38129927146648,0.019532255495620942,1.0
1704715320000.0,536400,1704715320000.0,0.7120235761778408,-0.003101158,2272.9144688496485,2274.389796002004,-64.1,0.2419,128.2,0.23079198789114133,long_nclose,29.587532847644315,0.01301744225448965,4.0
1704715980000.0,536411,1704715980000.0,0.8530435761778413,-0.0031293619999999997,2273.7643830638262,2274.623836640004,-64.1,0.2441,64.1,0.23079198789114133,long_nclose,14.793766423822158,0.006506288221424254,11.0
1704716220000.0,536415,1704716220000.0,0.42585638748347776,-0.0015622400000000001,2274.18867721131,2274.5869744000042,-32.0,0.2441,32.1,0.23079198789114133,long_nclose,7.408422811305637,0.0032576113343375296,4.0
1704717000000.0,536428,1704717000000.0,0.1188557295647878,-0.0005176660000000001,2274.3070152748746,2274.5554267340044,-10.7,0.2419,21.4,0.23079198789114133,long_nclose,4.938948540870424,0.002171627888275013,13.0
1704717180000.0,536431,1704717180000.0,0.07886688597289657,-0.000343498,2274.3855386628475,2274.5443832360043,-7.1,0.2419,14.3,0.23079198789114133,long_nclose,3.300325426843321,0.001451084422909074,3.0
1704717240000.0,536432,1704717240000.0,0.052207656911635765,-0.00022738600000000002,2274.4375189337593,2274.5431958500044,-4.7,0.2419,9.6,0.23079198789114133,long_nclose,2.2156030837549565,0.0009741323141704135,1.0
1704717300000.0,536433,1704717300000.0,0.035545638748347756,-0.00015481600000000003,2274.4729097565078,2274.5440010340044,-3.2,0.2419,6.4,0.23079198789114133,long_nclose,1.4770687225033046,0.0006494114377741396,1.0
1704718380000.0,536451,1704718380000.0,0.023326825428603214,-0.00010159800000000001,2274.4961349839364,2274.5447594360044,-2.1,0.2419,4.3,0.23079198789114133,long_nclose,0.9924055479319077,0.00043631885439054247,18.0
1704718800000.0,536458,1704718800000.0,0.02794682542860323,-0.000102522,2274.523979287365,2274.5534769140045,-2.1,0.2441,2.2,0.23079198789114133,long_nclose,0.507742373360511,0.00022323016947026984,7.0
1704722220000.0,536515,1704722220000.0,0.007775608476201071,-3.3866e-05,2274.531721029841,2274.548683048004,-0.7,0.2419,1.5,0.23079198789114133,long_nclose,0.346187981836712,0.00015220187022934475,57.0
1704722460000.0,536519,1704722460000.0,0.005554006054429336,-2.419e-05,2274.537250845895,2274.548758858004,-0.5,0.2419,1.0,0.23079198789114133,long_nclose,0.23079198789114133,0.00010146766679917436,4.0
1704723300000.0,536533,1704723300000.0,0.0033324036326576015,-1.4514e-05,2274.5405687355274,2274.5486243440037,-0.3,0.2419,0.7,0.23079198789114133,long_nclose,0.1615543915237989,7.102726315126178e-05,14.0
1704724260000.0,536549,1704724260000.0,0.003992403632657604,-1.4646000000000002e-05,2274.54454649316,2274.5498696980035,-0.3,0.2441,0.4,0.23079198789114133,long_nclose,0.09231679515645654,4.058693653583898e-05,16.0
1704725760000.0,536574,1704725760000.0,0.0011108012108858674,-4.838000000000001e-06,2274.5456524563706,2274.549074860003,-0.1,0.2419,0.3,0.23079198789114133,long_nclose,0.06923759636734239,3.0440187600794037e-05,25.0
1704726060000.0,536579,1704726060000.0,0.0013308012108858682,-4.882000000000001e-06,2274.546978375581,2274.549639978003,-0.1,0.2441,0.2,0.23079198789114133,long_nclose,0.04615839757822827,2.0293446570707158e-05,5.0
1704726420000.0,536585,1704726420000.0,0.0013308012108858682,-4.882000000000001e-06,2274.5483042947917,2274.5496350960025,-0.1,0.2441,0.1,0.23079198789114133,long_nclose,0.023079198789114134,1.0146717370449375e-05,6.0
1704726480000.0,536586,1704726480000.0,0.0013308012108858682,-4.882000000000001e-06,2274.5496302140023,2274.5496302140023,-0.1,0.2441,0.0,0.23079198789114133,long_nclose,0.0,0.0,1.0
1704760740000.0,537157,1704760740000.0,0.0,-0.022744482,2274.5268857320025,2274.8467157320024,456.9,0.2489,456.9,0.2489,long_ientry_normal,113.72241,0.04999827028353685,571.0
1704761040000.0,537162,1704761040000.0,0.15648000000000087,-0.003276952000000001,2274.6800887800027,2275.5418287800026,-65.2,0.2513,391.7,0.2489,long_nclose,97.49413,0.04286058970705186,5.0
1704761100000.0,537163,1704761100000.0,0.13416000000000072,-0.0028095340000000002,2274.811439246003,2275.583779246003,-55.9,0.2513,335.8,0.2489,long_nclose,83.58062000000001,0.036741779365987014,1.0
1704761220000.0,537165,1704761220000.0,0.11496000000000063,-0.0024074540000000003,2274.9239917920027,2275.6725317920027,-47.9,0.2513,287.9,0.2489,long_nclose,71.65831,0.031499210636726956,2.0
1704764160000.0,537214,1704764160000.0,0.09864000000000055,-0.002065686,2275.0205661060027,2275.662246106003,-41.1,0.2513,246.8,0.2489,long_nclose,61.428520000000006,0.027001303159708577,49.0
1704764520000.0,537220,1704764520000.0,0.08448000000000047,-0.0017691520000000004,2275.1032769540025,2275.4841569540026,-35.2,0.2513,211.6,0.2489,long_nclose,52.66724,0.023149384264662027,6.0
1704765000000.0,537228,1704765000000.0,0.07248000000000039,-0.001517852,2275.1742391020025,2275.6095991020024,-30.2,0.2513,181.4,0.2489,long_nclose,45.15046,0.0198448361554149,8.0
1704765060000.0,537229,1704765060000.0,0.06216000000000034,-0.0013017340000000001,2275.2350973680022,2275.670497368002,-25.9,0.2513,155.5,0.2489,long_nclose,38.70395,0.01701096736982162,1.0
1704767640000.0,537272,1704767640000.0,0.05328000000000029,-0.0011157720000000001,2275.2872615960023,2275.633841596002,-22.2,0.2513,133.3,0.2489,long_nclose,33.17837,0.014582057641691803,43.0
1704768900000.0,537293,1704768900000.0,0.04560000000000025,-0.00095494,2275.331906656002,2275.606226656002,-19.0,0.2513,114.3,0.2489,long_nclose,28.449270000000002,0.01250334947476352,21.0
1704768960000.0,537294,1704768960000.0,0.03912000000000022,-0.0008192380000000002,2275.370207418002,2275.634807418002,-16.3,0.2513,98.0,0.2489,long_nclose,24.392200000000003,0.010720101687399381,1.0
1704769560000.0,537304,1704769560000.0,0.033600000000000185,-0.0007036400000000001,2275.403103778002,2275.629903778002,-14.0,0.2513,84.0,0.2489,long_nclose,20.907600000000002,0.009188525745300134,10.0
1704770940000.0,537327,1704770940000.0,0.02880000000000016,-0.0006031200000000001,2275.431300658002,2275.5969006580017,-12.0,0.2513,72.0,0.2489,long_nclose,17.9208,0.007875781613278204,23.0
1704773100000.0,537363,1704773100000.0,0.024480000000000134,-0.000512652,2275.455268006002,2275.6221280060017,-10.2,0.2513,61.8,0.2489,long_nclose,15.38202,0.006759974681233518,36.0
1704773940000.0,537377,1704773940000.0,0.0,-0.019666372,2275.435601634002,2275.3483616340022,393.8,0.2497,455.6,0.24959148375768217,long_ientry_partial,113.71388,0.049974554286810614,14.0
1704774780000.0,537391,1704774780000.0,0.15655355575065907,-0.003276,2275.588879189753,2276.568705634002,-65.0,0.252,390.6,0.24959148375768217,long_nclose,97.49043355575066,0.04284184830014776,14.0
1704775020000.0,537395,1704775020000.0,0.134395206321335,-0.0028123199999999997,2275.720462076074,2276.593793314002,-55.8,0.252,334.8,0.24959148375768217,long_nclose,83.56322876207199,0.03671946100350114,4.0
1704777480000.0,537436,1704777480000.0,0.11512707638279236,-0.00240912,2275.8331800324568,2276.5244241940018,-47.8,0.252,287.0,0.24959148375768217,long_nclose,71.63275583845478,0.03147539831431458,41.0
1704777540000.0,537437,1704777540000.0,0.09874916593503111,-0.0020664000000000004,2275.9298627983917,2276.571557794002,-41.0,0.252,246.0,0.24959148375768217,long_nclose,61.399505004389816,0.02697776676162395,1.0
1704777720000.0,537440,1704777720000.0,0.08453892010535591,-0.0017690400000000002,2276.012632678497,2276.541678754002,-35.1,0.252,210.9,0.24959148375768217,long_nclose,52.63884392449517,0.02312765894561306,3.0
1704778680000.0,537456,1704778680000.0,0.0,-0.012215000000000002,2276.000417678497,2275.995533754002,244.3,0.25,455.2,0.24981072918386463,long_ientry_partial,113.71384392449518,0.04996213666800749,16.0
1704804900000.0,537893,1704804900000.0,0.0,-0.022760072,2275.977657606497,2272.6015936820017,468.7,0.2428,923.9,0.24625414430619674,long_rentry,227.51420392449518,0.09996328530033007,437.0
1704804960000.0,537894,1704804960000.0,0.0,-0.022757640000000003,2275.954899966497,2268.787936042002,476.5,0.2388,1400.4,0.24371779771814847,long_rentry,341.30240392449514,0.14996009100598576,1.0
1704804960000.0,537894,1704804960000.0,0.0,-0.032724048,2275.922175918497,2270.6279319940018,693.6,0.2359,2094.0,0.2411282922275526,long_rentry,504.92264392449516,0.22185409029670483,0.0
1704806400000.0,537918,1704806400000.0,0.7093777947390127,-0.01456617,2276.616987543236,2280.873965824002,-299.1,0.2435,1794.9,0.2411282922275526,long_nclose,432.8011717192342,0.1901071520099139,24.0
1704808380000.0,537951,1704808380000.0,0.6081058728555093,-0.012486679999999998,2277.2126067360914,2281.015329144002,-256.4,0.2435,1538.5,0.2411282922275526,long_nclose,370.9758775920897,0.16290787978896978,33.0
1704833580000.0,538371,1704833580000.0,0.0,-0.03555492,2277.1770518160915,2264.9031742240018,762.0,0.2333,2300.5,0.2385353086685893,long_rentry,548.7504775920896,0.24097839786082983,420.0
1704834840000.0,538392,1704834840000.0,0.7441775715015527,-0.015825376000000002,2277.905404011593,2283.5542888480018,-328.6,0.2408,1971.9,0.2385353086685893,long_nclose,470.36777516359126,0.20649135575833483,21.0
1704836700000.0,538423,1704836700000.0,0.6379635480583913,-0.013566672,2278.5298008876516,2284.047782176002,-281.7,0.2408,1690.2,0.2385353086685893,long_nclose,403.1723787116496,0.17694408848836865,31.0
1704838020000.0,538445,1704838020000.0,0.5466964874025405,-0.011625824,2279.0648715510542,2282.635716352002,-241.4,0.2408,1448.8,0.2385353086685893,long_nclose,345.58995519905216,0.15163673465944624,22.0
1704838500000.0,538453,1704838500000.0,1.1019164874025464,-0.011736868000000001,2280.1550511704568,2286.6323794840023,-241.4,0.2431,1207.4,0.2385353086685893,long_nclose,288.00753168645474,0.1263105031118887,8.0
1704838860000.0,538459,1704838860000.0,1.6571364874025456,-0.011847912000000002,2281.800339745859,2289.397631572002,-241.4,0.2454,966.0,0.2385353086685893,long_nclose,230.42510817385727,0.100983904752824,6.0
1704840300000.0,538483,1704840300000.0,0.7349153043571249,-0.007827820000000001,2282.5274272302163,2285.7190037520018,-161.0,0.2431,805.0,0.2385353086685893,long_nclose,192.02092347821437,0.08412644737032862,24.0
1704840840000.0,538492,1704840840000.0,0.2604395031122293,-0.005538400000000001,2282.782328333328,2284.7589653520017,-115.0,0.2408,690.0,0.2385353086685893,long_nclose,164.58936298132662,0.07210033166039716,9.0
1704841020000.0,538495,1704841020000.0,0.5249395031122321,-0.0055913000000000004,2283.3016765364405,2286.443874052002,-115.0,0.2431,575.0,0.2385353086685893,long_nclose,137.15780248443883,0.06006994340427878,3.0
1704842280000.0,538516,1704842280000.0,0.4372974295491464,-0.004657796,2283.7343161699896,2286.1613162560016,-95.8,0.2431,479.2,0.2385353086685893,long_nclose,114.30611991398798,0.05005228458697803,21.0
1704842520000.0,538520,1704842520000.0,0.6576374295491461,-0.004701864,2284.387251735539,2287.440914392002,-95.8,0.2454,383.4,0.2385353086685893,long_nclose,91.45443734353714,0.04003455949688723,4.0
1704843600000.0,538538,1704843600000.0,0.5258353559860603,-0.003759528,2284.909327563525,2287.1074548640017,-76.6,0.2454,306.8,0.2385353086685893,long_nclose,73.1826326995232,0.0320286813208296,18.0
1704843900000.0,538543,1704843900000.0,0.4208055786154765,-0.0030086040000000002,2285.32712453814,2287.1106062600015,-61.3,0.2454,245.5,0.2385353086685893,long_nclose,58.56041827813867,0.025624523355698415,5.0
1704845040000.0,538562,1704845040000.0,0.3370563443722659,-0.0024098280000000006,2285.6617710545124,2287.0099964320016,-49.1,0.2454,196.4,0.2385353086685893,long_nclose,46.84833462251094,0.02049661731048553,19.0
1704845100000.0,538563,1704845100000.0,0.26909590019129986,-0.0019239360000000002,2285.9289430187036,2287.0237924960015,-39.2,0.2454,157.2,0.2385353086685893,long_nclose,37.49775052270223,0.016403725337666993,1.0
1704845220000.0,538565,1704845220000.0,0.2155513078062963,-0.001541112,2286.1429532145103,2287.1323313840016,-31.4,0.2454,125.8,0.2385353086685893,long_nclose,30.007741830508532,0.013125925388136866,2.0
1704846420000.0,538585,1704846420000.0,0.2877713078062962,-0.001555556,2286.429168966317,2287.2943158280023,-31.4,0.2477,94.4,0.2385353086685893,long_nclose,22.51773313831483,0.009848428039647073,20.0
1704846480000.0,538586,1704846480000.0,0.21628671542129269,-0.001169144,2286.644286537738,2287.293146684002,-23.6,0.2477,70.8,0.2385353086685893,long_nclose,16.88829985373612,0.007385626156706295,1.0
1704846720000.0,538590,1704846720000.0,0.1622150365659695,-0.000876858,2286.805624716304,2287.302889826002,-17.7,0.2477,53.1,0.2385353086685893,long_nclose,12.666224890302091,0.005538828815795586,4.0
1704846960000.0,538594,1704846960000.0,0.20292503656596944,-0.000885,2287.00766475287,2287.434754826002,-17.7,0.25,35.4,0.2385353086685893,long_nclose,8.44414992686806,0.0036922263344406066,4.0
1704847500000.0,538603,1704847500000.0,0.1352833577106463,-0.00059,2287.1423581105805,2287.4223648260017,-11.8,0.25,23.6,0.2385353086685893,long_nclose,5.629433284578708,0.0024613392623401066,9.0
1704848100000.0,538613,1704848100000.0,0.08942459238500348,-0.00039,2287.2313927029654,2287.420434826002,-7.8,0.25,15.8,0.2385353086685893,long_nclose,3.768857876963711,0.001647781631971138,10.0
1704848280000.0,538616,1704848280000.0,0.05961639492333566,-0.00026000000000000003,2287.290749097889,2287.411214826002,-5.2,0.25,10.6,0.2385353086685893,long_nclose,2.5284742718870463,0.0011054450654707016,3.0
1704848340000.0,538617,1704848340000.0,0.04012641965993746,-0.000175,2287.330700517549,2287.411389826002,-3.5,0.25,7.1,0.2385353086685893,long_nclose,1.693600691546984,0.0007404266865144498,1.0
1704848400000.0,538618,1704848400000.0,0.026368790062244615,-0.00011499999999999999,2287.3569543076114,2287.411024826002,-2.3,0.25,4.8,0.2385353086685893,long_nclose,1.1449694816092286,0.0005005644088269614,1.0
1704848700000.0,538623,1704848700000.0,0.018343506130257127,-8e-05,2287.375217813742,2287.4147848260027,-1.6,0.25,3.2,0.2385353086685893,long_nclose,0.7633129877394857,0.00033370694138631755,5.0
1704849600000.0,538638,1704849600000.0,0.011464691331410704,-5e-05,2287.386632505073,2287.412074826002,-1.0,0.25,2.2,0.2385353086685893,long_nclose,0.5247776790708965,0.0002294223773163248,15.0
1704850560000.0,538654,1704850560000.0,0.008025283931987492,-3.5e-05,2287.394622789005,2287.4121198260023,-0.7,0.25,1.5,0.2385353086685893,long_nclose,0.35780296300288394,0.00015642380175162656,16.0
1704850860000.0,538659,1704850860000.0,0.005732345665705352,-2.5e-05,2287.400330134671,2287.4124948260023,-0.5,0.25,1.0,0.2385353086685893,long_nclose,0.2385353086685893,0.00010428227430331161,5.0
1704851280000.0,538666,1704851280000.0,0.003439407399423211,-1.5e-05,2287.4037545420706,2287.4114998260025,-0.3,0.25,0.7,0.2385353086685893,long_nclose,0.1669747160680125,7.299748272968985e-05,7.0
1704851520000.0,538670,1704851520000.0,0.002292938266282141,-1e-05,2287.4060374803366,2287.4122198260025,-0.2,0.25,0.5,0.2385353086685893,long_nclose,0.11926765433429465,5.2141007053418655e-05,4.0
1704851760000.0,538674,1704851760000.0,0.0011464691331410704,-5e-06,2287.40717894947,2287.4119648260025,-0.1,0.25,0.4,0.2385353086685893,long_nclose,0.09541412346743572,4.17127848270793e-05,4.0
1704852660000.0,538689,1704852660000.0,0.0011464691331410704,-5e-06,2287.4083204186036,2287.411789826003,-0.1,0.25,0.3,0.2385353086685893,long_nclose,0.07156059260057679,3.128457300858334e-05,15.0
1704854700000.0,538723,1704854700000.0,0.0009164691331410707,-4.954e-06,2287.409231933737,2287.411204872003,-0.1,0.2477,0.2,0.2385353086685893,long_nclose,0.04770706173371786,2.0856373694613063e-05,34.0
1704855540000.0,538737,1704855540000.0,0.0009164691331410707,-4.954e-06,2287.4101434488703,2287.4110799180035,-0.1,0.2477,0.1,0.2385353086685893,long_nclose,0.02385353086685893,1.0428182691755262e-05,14.0
1704855660000.0,538739,1704855660000.0,0.0009164691331410707,-4.954e-06,2287.4110549640036,2287.4110549640036,-0.1,0.2477,0.0,0.2385353086685893,long_nclose,0.0,0.0,2.0
1704872940000.0,539027,1704872940000.0,0.0,-0.022876188000000002,2287.3881787760038,2287.481398776004,466.1,0.2454,466.1,0.2454,long_ientry_normal,114.38094000000001,0.05000504114750037,288.0
1704878760000.0,539124,1704878760000.0,0.15959999999999902,-0.00329574,2287.544483036004,2288.503523036004,-66.5,0.2478,399.6,0.2454,long_nclose,98.06184,0.04286773032271417,97.0
1704878820000.0,539125,1704878820000.0,0.13679999999999917,-0.00282492,2287.678458116004,2288.569218116004,-57.0,0.2478,342.6,0.2454,long_nclose,84.07404000000001,0.03675081159318097,1.0
1704879300000.0,539133,1704879300000.0,0.268369999999999,-0.002856142,2287.943971974004,2289.3143719740037,-57.1,0.2501,285.5,0.2454,long_nclose,70.0617,0.030622122245219062,8.0
1704879480000.0,539136,1704879480000.0,0.22324999999999914,-0.00237595,2288.164846024004,2289.331046024004,-47.5,0.2501,238.0,0.2454,long_nclose,58.4052,0.025524909230856745,3.0
1704879900000.0,539143,1704879900000.0,0.18611999999999929,-0.001980792,2288.348985232004,2289.360825232004,-39.6,0.2501,198.4,0.2454,long_nclose,48.687360000000005,0.02127619533305749,7.0
1704880140000.0,539147,1704880140000.0,0.1550999999999994,-0.00165066,2288.502434572004,2289.246734572004,-33.0,0.2501,165.4,0.2454,long_nclose,40.58916,0.01773612270925593,4.0
1704880200000.0,539148,1704880200000.0,0.1292499999999995,-0.0013755500000000001,2288.630309022004,2289.292229022004,-27.5,0.2501,137.9,0.2454,long_nclose,33.84066,0.014786424817759694,1.0
1704880500000.0,539153,1704880500000.0,0.10762999999999959,-0.0011454579999999998,2288.736793564004,2289.311793564004,-22.9,0.2501,115.0,0.2454,long_nclose,28.221,0.01233038245348189,5.0
1704881220000.0,539165,1704881220000.0,0.1632999999999999,-0.0011615,2288.8989320640044,2289.542932064004,-23.0,0.2525,92.0,0.2454,long_nclose,22.576800000000002,0.009863607205950973,12.0
1704881280000.0,539166,1704881280000.0,0.1306399999999999,-0.0009292,2289.0286428640043,2289.5659228640043,-18.4,0.2525,73.6,0.2454,long_nclose,18.061439999999997,0.007890438617404868,1.0
1704881400000.0,539168,1704881400000.0,0.10436999999999992,-0.00074235,2289.132270514004,2289.603470514004,-14.7,0.2525,58.9,0.2454,long_nclose,14.45406,0.0063142091814355795,2.0
1704881820000.0,539175,1704881820000.0,0.08306999999999994,-0.0005908500000000001,2289.214749664004,2289.545149664004,-11.7,0.2525,47.2,0.2454,long_nclose,11.582880000000001,0.005059761213621422,7.0
1704882000000.0,539178,1704882000000.0,0.06673999999999995,-0.0004747,2289.2810149640045,2289.5531749640045,-9.4,0.2525,37.8,0.2454,long_nclose,9.276119999999999,0.004051979612536057,3.0
1704882660000.0,539189,1704882660000.0,0.053249999999999964,-0.00037875,2289.3338862140045,2289.5550762140047,-7.5,0.2525,30.3,0.2454,long_nclose,7.43562,0.0032479403920835192,11.0
1704882900000.0,539193,1704882900000.0,0.04259999999999997,-0.00030300000000000005,2289.376183214005,2289.5462832140047,-6.0,0.2525,24.3,0.2454,long_nclose,5.963220000000001,0.002604735754535704,4.0
1704885900000.0,539243,1704885900000.0,0.018799999999999928,-0.00020008,2289.3947831340047,2289.4922231340047,-4.0,0.2501,20.3,0.2454,long_nclose,4.98162,0.002175954988934039,50.0
1704886080000.0,539246,1704886080000.0,0.01550999999999994,-0.00016506599999999998,2289.4101280680047,2289.490028068005,-3.3,0.2501,17.0,0.2454,long_nclose,4.1718,0.001822216102241372,3.0
1704886140000.0,539247,1704886140000.0,0.01315999999999995,-0.00014005599999999998,2289.4231480120047,2289.4913080120045,-2.8,0.2501,14.2,0.2454,long_nclose,3.48468,0.0015220777351822809,1.0
1704886320000.0,539250,1704886320000.0,0.010809999999999959,-0.00011504599999999998,2289.433842966005,2289.483822966005,-2.3,0.2501,11.9,0.2454,long_nclose,2.9202600000000003,0.001275538058883915,3.0
1704886800000.0,539258,1704886800000.0,0.008929999999999966,-9.5038e-05,2289.442677928005,2289.491677928005,-1.9,0.2501,10.0,0.2454,long_nclose,2.454,0.001071876585362217,8.0
1704886920000.0,539260,1704886920000.0,0.007519999999999971,-8.003200000000001e-05,2289.4501178960054,2289.4921178960053,-1.6,0.2501,8.4,0.2454,long_nclose,2.06136,0.0009003734057741258,2.0
1704887580000.0,539271,1704887580000.0,0.006579999999999975,-7.002799999999999e-05,2289.4566278680054,2289.4853278680052,-1.4,0.2501,7.0,0.2454,long_nclose,1.7178,0.0007503090380007133,11.0
1704887640000.0,539272,1704887640000.0,0.00516999999999998,-5.502200000000001e-05,2289.461742846005,2289.490062846005,-1.1,0.2501,5.9,0.2454,long_nclose,1.4478600000000001,0.0006324019191516085,1.0
1704887760000.0,539274,1704887760000.0,0.004229999999999984,-4.5018e-05,2289.465927828005,2289.492927828005,-0.9,0.2501,5.0,0.2454,long_nclose,1.227,0.0005359328501403135,2.0
1704888120000.0,539280,1704888120000.0,0.0037599999999999856,-4.0016000000000004e-05,2289.469647812005,2289.489807812005,-0.8,0.2501,4.2,0.2454,long_nclose,1.03068,0.0004501828626489973,6.0
1704889320000.0,539300,1704889320000.0,0.0,-0.022689420000000002,2289.446958392005,2288.990178392005,459.3,0.247,463.5,0.246985501618123,long_ientry_partial,114.47778000000001,0.050002372660515174,20.0
1704891240000.0,539332,1704891240000.0,0.0,-0.022896,2289.424062392005,2286.5624823920048,477.0,0.24,940.5,0.24344261562998407,long_rentry,228.95778,0.10000671512152426,32.0
1704899400000.0,539468,1704899400000.0,0.31659672089313873,-0.006602188000000001,2289.734056924898,2292.602020204005,-134.3,0.2458,806.2,0.24344261562998407,long_nclose,196.26343672089317,0.08571451174747954,136.0
1704902220000.0,539515,1704902220000.0,0.6254867208931383,-0.006663966000000001,2290.3528796797914,2294.154076238005,-134.3,0.2481,671.9,0.24344261562998407,long_nclose,163.5690934417863,0.07141654672211667,47.0
1704903060000.0,539529,1704903060000.0,0.9478067208931401,-0.0067284300000000005,2291.2939579706845,2295.356807808005,-134.3,0.2505,537.6,0.24344261562998407,long_nclose,130.87475016267945,0.05711827140616669,14.0
1704903480000.0,539536,1704903480000.0,0.41730163955342653,-0.004445952,2291.706813658238,2293.882921856005,-89.6,0.2481,448.0,0.24344261562998407,long_nclose,109.06229180223286,0.04758998452692008,7.0
1704903660000.0,539539,1704903660000.0,0.3474408740031877,-0.0037016519999999993,2292.050552880241,2293.9016402040047,-74.6,0.2481,373.4,0.24344261562998407,long_nclose,90.90147267623604,0.039659453654722954,3.0
1704906000000.0,539578,1704906000000.0,0.2896893078149903,-0.0030863640000000003,2292.337155824056,2293.817653840005,-62.2,0.2481,311.2,0.24344261562998407,long_nclose,75.75934198405103,0.033048952590404114,39.0
1704906300000.0,539583,1704906300000.0,0.2412525103668247,-0.002570316,2292.575838018423,2293.887723524005,-51.8,0.2481,259.4,0.24344261562998407,long_nclose,63.14901449441786,0.027545005686267904,5.0
1704907560000.0,539604,1704907560000.0,0.2011990047846878,-0.002143584,2292.7748934392075,2293.803439940005,-43.2,0.2481,216.2,0.24344261562998407,long_nclose,52.632293499202554,0.022955717828998502,21.0
1704907860000.0,539609,1704907860000.0,0.16766583732057316,-0.00178632,2292.9407729565282,2293.689933620005,-36.0,0.2481,180.2,0.24344261562998407,long_nclose,43.86835933652313,0.019131919957949488,5.0
1704908100000.0,539613,1704908100000.0,0.13972153110047764,-0.0014886,2293.0790058876287,2293.913725020005,-30.0,0.2481,150.2,0.24344261562998407,long_nclose,36.56508086762361,0.015945844331460186,4.0
1704908400000.0,539618,1704908400000.0,0.21172153110047803,-0.001503,2293.289224418729,2294.113482020005,-30.0,0.2505,120.2,0.24344261562998407,long_nclose,29.261802398724086,0.012759752275093413,5.0
1704908460000.0,539619,1704908460000.0,0.16937722488038243,-0.0012024000000000002,2293.45739924361,2294.1459396200053,-24.0,0.2505,96.2,0.24344261562998407,long_nclose,23.419179623604467,0.010211299164016821,1.0
1704909180000.0,539631,1704909180000.0,0.13550177990430592,-0.00096192,2293.591939103514,2294.181557700005,-19.2,0.2505,77.0,0.24344261562998407,long_nclose,18.745081403508774,0.008172805756736127,12.0
1704909780000.0,539641,1704909780000.0,0.1796617799043064,-0.0009707520000000001,2293.7706301314183,2294.3172669480055,-19.2,0.2528,57.8,0.24344261562998407,long_nclose,14.070983183413079,0.006134433407845536,10.0
1704909900000.0,539643,1704909900000.0,0.13474633492822982,-0.0007280640000000002,2293.9046484023465,2294.3064188840053,-14.4,0.2528,43.4,0.24344261562998407,long_nclose,10.565409518341308,0.004605862552177084,2.0
1704911220000.0,539665,1704911220000.0,0.10105975119617236,-0.0005460480000000001,2294.0051621055427,2294.3199928360054,-10.8,0.2528,32.6,0.24344261562998407,long_nclose,7.936229269537481,0.003459551617683915,22.0
1704911400000.0,539668,1704911400000.0,0.07579481339712926,-0.00040953600000000006,2294.08054738294,2294.3122533000055,-8.1,0.2528,24.5,0.24344261562998407,long_nclose,5.96434408293461,0.0025998843369901127,3.0
1704913500000.0,539703,1704913500000.0,0.057080044657097345,-0.00030841600000000005,2294.1373190115974,2294.3150148840054,-6.1,0.2528,18.4,0.24344261562998407,long_nclose,4.479344127591706,0.0019525178769689254,35.0
1704913740000.0,539707,1704913740000.0,0.04304396810207341,-0.000232576,2294.1801304036994,2294.3134023080056,-4.6,0.2528,13.8,0.24344261562998407,long_nclose,3.3595080956937804,0.0014643610809682232,4.0
1704913860000.0,539709,1704913860000.0,0.031815106858054255,-0.000171904,2294.2117736065575,2294.3090904040055,-3.4,0.2528,10.4,0.24344261562998407,long_nclose,2.5318032025518344,0.0011035612456001729,2.0
1704913920000.0,539710,1704913920000.0,0.024329199362041493,-0.00013145600000000004,2294.2359713499195,2294.3159789480055,-2.6,0.2528,7.8,0.24344261562998407,long_nclose,1.8988524019138757,0.0008276622045972884,1.0
1704915780000.0,539741,1704915780000.0,0.01777903030303032,-9.606400000000001e-05,2294.2536543162228,2294.311222884006,-1.9,0.2528,5.9,0.24344261562998407,long_nclose,1.4363114322169062,0.0006260473551016237,31.0
1704916920000.0,539760,1704916920000.0,0.013100338118022341,-7.0784e-05,2294.266683870341,2294.310592100006,-1.4,0.2528,4.5,0.24344261562998407,long_nclose,1.0954917703349283,0.00047749103364342775,19.0
1704917520000.0,539770,1704917520000.0,0.0,-0.022720228000000002,2294.243963642341,2294.820011872006,457.7,0.2482,462.2,0.24815368189168097,long_ientry_partial,114.69663177033495,0.04999321501460664,10.0
1704917700000.0,539773,1704917700000.0,0.16145699514905554,-0.0033079200000000002,2294.4021127174897,2295.5298239520057,-66.0,0.2506,396.2,0.24815368189168097,long_nclose,98.31848876548399,0.042851463664769544,3.0
1704918600000.0,539788,1704918600000.0,0.1384616049308567,-0.002836792,2294.5377375304206,2295.2666271600056,-56.6,0.2506,339.6,0.24815368189168097,long_nclose,84.27299037041486,0.03672765498340277,15.0
1704918660000.0,539789,1704918660000.0,0.11864642825347263,-0.00243082,2294.6539531386743,2295.482516340006,-48.5,0.2506,291.1,0.24815368189168097,long_nclose,72.23753679866833,0.03148079766008306,1.0
1704918960000.0,539794,1704918960000.0,0.10152220149523947,-0.00207998,2294.7533953601696,2295.388956360006,-41.5,0.2506,249.6,0.24815368189168097,long_nclose,61.93915900016357,0.02699164063790044,5.0
1704919320000.0,539800,1704919320000.0,0.08708892465615724,-0.0017842720000000002,2294.838700012826,2295.4478120880062,-35.6,0.2506,214.0,0.24815368189168097,long_nclose,53.10488792481973,0.02314101114144664,6.0
1704919380000.0,539801,1704919380000.0,0.1689689246561581,-0.0018006480000000004,2295.0058682894824,2295.6028514400064,-35.6,0.2529,178.4,0.24815368189168097,long_nclose,44.270616849475886,0.019289979804048056,1.0
1704919740000.0,539807,1704919740000.0,0.1409656478170757,-0.0015022260000000002,2295.1453317112996,2295.717279214007,-29.7,0.2529,148.7,0.24815368189168097,long_nclose,36.90045249729296,0.016077610418587022,6.0
1704919860000.0,539809,1704919860000.0,0.05186194389636329,-0.001062544,2295.196131111196,2295.724786670007,-21.2,0.2506,127.5,0.24815368189168097,long_nclose,31.639594441189324,0.013785137580321441,2.0
1704920220000.0,539815,1704920220000.0,0.10062194389636381,-0.0010722960000000001,2295.295680759092,2295.8321043740066,-21.2,0.2529,106.3,0.24815368189168097,long_nclose,26.378736385085688,0.011492522120880654,6.0
1704920700000.0,539823,1704920700000.0,0.1515019438963641,-0.0010824720000000001,2295.4461002309886,2296.0627619020065,-21.2,0.2553,85.1,0.24815368189168097,long_nclose,21.117878328982048,0.009199901634308458,8.0
1704921000000.0,539828,1704921000000.0,0.2023819438963632,-0.001092648,2295.647389526885,2296.3021292540066,-21.2,0.2577,63.9,0.24815368189168097,long_nclose,15.857020272878414,0.006907428529843349,5.0
1704921120000.0,539830,1704921120000.0,0.2544565757071954,-0.0011080260000000002,2295.900738076592,2296.3968712280066,-21.3,0.2601,42.6,0.24815368189168097,long_nclose,10.571346848585609,0.004604444204953666,2.0
1704921180000.0,539831,1704921180000.0,0.16963771713813025,-0.000738684,2296.06963710973,2296.4259525440066,-14.2,0.2601,28.4,0.24815368189168097,long_nclose,7.047564565723739,0.0030694036678239186,1.0
1704921300000.0,539833,1704921300000.0,0.1122953902181989,-0.000488988,2296.181443511948,2296.389423556006,-9.4,0.2601,19.0,0.24815368189168097,long_nclose,4.714919955941938,0.002053374296384259,2.0
1704921360000.0,539834,1704921360000.0,0.0752618040824099,-0.000327726,2296.2563775900308,2296.3941258300065,-6.3,0.2601,12.7,0.24815368189168097,long_nclose,3.151551760024348,0.0013724738190305944,1.0
1704921420000.0,539835,1704921420000.0,0.05017453605493993,-0.000218484,2296.3063336420855,2296.487777346006,-4.2,0.2601,8.5,0.24815368189168097,long_nclose,2.1093062960792883,0.000918564855732378,1.0
1704921420000.0,539835,1704921420000.0,0.060254536054939994,-0.00022050000000000002,2296.3663676781403,2296.458156846006,-4.2,0.2625,4.3,0.24815368189168097,long_nclose,1.067060832134228,0.0004646736022410636,0.0
1704921420000.0,539835,1704921420000.0,0.07200916786577195,-0.000227814,2296.438149032006,2296.438149032006,-4.3,0.2649,0.0,0.24815368189168097,long_nclose,0.0,0.0,0.0
1704953520000.0,540370,1704953520000.0,0.0,-0.022963102000000003,2296.415185930006,2296.286995930006,427.3,0.2687,427.3,0.2687,long_ientry_normal,114.81551,0.04999771413438978,535.0
1704955560000.0,540404,1704955560000.0,0.15859999999999946,-0.00330986,2296.570476070006,2297.5594860700057,-61.0,0.2713,366.3,0.2687,long_nclose,98.42481000000001,0.04285730005918605,34.0
1704955800000.0,540408,1704955800000.0,0.13597999999999955,-0.002837798,2296.7036182720058,2297.425818272006,-52.3,0.2713,314.0,0.2687,long_nclose,84.3718,0.03673604174642249,4.0
1704956400000.0,540418,1704956400000.0,0.1164799999999996,-0.0024308479999999998,2296.817667424006,2297.625267424006,-44.8,0.2713,269.2,0.2687,long_nclose,72.33404,0.031493157260988065,10.0
1704956520000.0,540420,1704956520000.0,0.09983999999999967,-0.002083584,2296.9154238400056,2297.6078238400055,-38.4,0.2713,230.8,0.2687,long_nclose,62.01596,0.026999670669772033,2.0
1704958440000.0,540452,1704958440000.0,0.19967999999999933,-0.002103552,2297.113000288006,2299.1139602880057,-38.4,0.2739,192.4,0.2687,long_nclose,51.69788,0.02250558853374573,32.0
1704958440000.0,540452,1704958440000.0,0.2995200000000011,-0.0021235200000000003,2297.4103967680057,2299.0119967680057,-38.4,0.2765,154.0,0.2687,long_nclose,41.379799999999996,0.018011496795789315,0.0
1704958440000.0,540452,1704958440000.0,0.3955200000000012,-0.0021427200000000003,2297.803774048006,2299.006014048006,-38.4,0.279,115.6,0.2687,long_nclose,31.061719999999998,0.013518003735053076,0.0
1704958740000.0,540457,1704958740000.0,0.18018000000000067,-0.0012774300000000002,2297.982676618006,2298.7226766180056,-23.1,0.2765,92.5,0.2687,long_nclose,24.85475,0.010815899637929085,5.0
1704958860000.0,540459,1704958860000.0,0.14430000000000054,-0.0010230500000000002,2298.1259535680056,2298.8511535680054,-18.5,0.2765,74.0,0.2687,long_nclose,19.8838,0.00865218025545074,2.0
1704958920000.0,540460,1704958920000.0,0.19055000000000058,-0.0010323,2298.3154712680052,2299.170171268005,-18.5,0.279,55.5,0.2687,long_nclose,14.912849999999999,0.006488600101435344,1.0
1704958920000.0,540460,1704958920000.0,0.23865000000000042,-0.00104192,2298.553079348005,2299.1228793480054,-18.5,0.2816,37.0,0.2687,long_nclose,9.9419,0.004325286237383765,0.0
1704958920000.0,540460,1704958920000.0,0.2867500000000003,-0.0010515400000000001,2298.8387778080055,2299.1236778080056,-18.5,0.2842,18.5,0.2687,long_nclose,4.97095,0.002162374346555922,0.0
1704958980000.0,540461,1704958980000.0,0.14260000000000012,-0.0005229280000000001,2298.9808548800056,2299.1222148800057,-9.2,0.2842,9.3,0.2687,long_nclose,2.49891,0.0010869642497003,1.0
1704959760000.0,540474,1704959760000.0,0.02369000000000007,-0.00012834,2299.0044165400054,2299.0758165400052,-2.3,0.279,7.0,0.2687,long_nclose,1.8809,0.0008181367493111426,13.0
1704959820000.0,540475,1704959820000.0,0.017510000000000053,-9.486000000000001e-05,2299.0218316800056,2299.0753616800057,-1.7,0.279,5.3,0.2687,long_nclose,1.42411,0.000619441703587188,1.0
1704959940000.0,540477,1704959940000.0,0.01339000000000004,-7.254000000000001e-05,2299.0351491400056,2299.0775491400054,-1.3,0.279,4.0,0.2687,long_nclose,1.0748,0.0004675004644457253,2.0
1704960180000.0,540481,1704960180000.0,0.010300000000000031,-5.580000000000001e-05,2299.0453933400054,2299.0774933400053,-1.0,0.279,3.0,0.2687,long_nclose,0.8061,0.0003506237860005516,4.0
1704961080000.0,540496,1704961080000.0,0.007210000000000021,-3.906e-05,2299.0525642800058,2299.076484280006,-0.7,0.279,2.3,0.2687,long_nclose,0.61801,0.0002688107308209989,15.0
1704961380000.0,540501,1704961380000.0,0.005150000000000016,-2.7900000000000004e-05,2299.0576863800056,2299.0760463800057,-0.5,0.279,1.8,0.2687,long_nclose,0.48366,0.00021037314673106336,5.0
1704961500000.0,540503,1704961500000.0,0.0041200000000000125,-2.2320000000000003e-05,2299.0617840600057,2299.0769040600057,-0.4,0.279,1.4,0.2687,long_nclose,0.37617999999999996,0.00016362326693791088,2.0
1704961800000.0,540508,1704961800000.0,0.0030900000000000094,-1.6740000000000002e-05,2299.064857320006,2299.076077320006,-0.3,0.279,1.1,0.2687,long_nclose,0.29557,0.0001285609664550928,5.0
1704962220000.0,540515,1704962220000.0,0.0020600000000000063,-1.1160000000000002e-05,2299.0669061600056,2299.0764461600056,-0.2,0.279,0.9,0.2687,long_nclose,0.24183,0.00010518615154350346,7.0
1704962400000.0,540518,1704962400000.0,0.0020600000000000063,-1.1160000000000002e-05,2299.068955000005,2299.0759550000053,-0.2,0.279,0.7,0.2687,long_nclose,0.18808999999999998,8.181137829334899e-05,3.0
1704962520000.0,540520,1704962520000.0,0.0010300000000000031,-5.580000000000001e-06,2299.069979420005,2299.076219420005,-0.1,0.279,0.6,0.2687,long_nclose,0.16122,7.012400729127504e-05,2.0
1704962700000.0,540523,1704962700000.0,0.0010300000000000031,-5.580000000000001e-06,2299.071003840005,2299.0765538400046,-0.1,0.279,0.5,0.2687,long_nclose,0.13435,5.843664670451804e-05,3.0
1704962760000.0,540524,1704962760000.0,0.0012900000000000023,-5.632000000000001e-06,2299.072288208005,2299.077368208005,-0.1,0.2816,0.4,0.2687,long_nclose,0.10748,4.674929124728588e-05,1.0
1704962820000.0,540525,1704962820000.0,0.0012900000000000023,-5.632000000000001e-06,2299.073572576005,2299.077442576005,-0.1,0.2816,0.3,0.2687,long_nclose,0.08061,3.5061948848239876e-05,1.0
1704962880000.0,540526,1704962880000.0,0.0012900000000000023,-5.632000000000001e-06,2299.074856944005,2299.077456944005,-0.1,0.2816,0.2,0.2687,long_nclose,0.05374,2.3374619507358156e-05,1.0
1704963000000.0,540528,1704963000000.0,0.0012900000000000023,-5.632000000000001e-06,2299.0761413120053,2299.0775013120056,-0.1,0.2816,0.1,0.2687,long_nclose,0.02687,1.1687303224618823e-05,2.0
1704963600000.0,540538,1704963600000.0,0.0015500000000000015,-5.684e-06,2299.0776856280054,2299.0776856280054,-0.1,0.2842,0.0,0.2687,long_nclose,0.0,0.0,10.0
1704987660000.0,540939,1704987660000.0,0.0,-0.022988856,2299.054696772005,2298.8091767720052,409.2,0.2809,409.2,0.2809,long_ientry_normal,114.94427999999999,0.049996322471748005,401.0
1705003320000.0,541200,1705003320000.0,0.15768000000000207,-0.003312448,2299.209064324005,2300.156224324005,-58.4,0.2836,350.8,0.2809,long_nclose,98.53972,0.04285809478094236,261.0
1705003380000.0,541201,1705003380000.0,0.1352700000000018,-0.0028416720000000004,2299.341492652005,2300.213522652005,-50.1,0.2836,300.7,0.2809,long_nclose,84.46663,0.036735139286586886,1.0
1705003620000.0,541205,1705003620000.0,0.11583000000000153,-0.002433288,2299.4548893640053,2300.2798493640053,-42.9,0.2836,257.8,0.2809,long_nclose,72.41602,0.03149269000011963,4.0
1705005600000.0,541238,1705005600000.0,0.0,-0.008546100000000001,2299.4463432640055,2299.4300032640053,152.5,0.2802,410.3,0.2806398245186449,long_ientry_partial,115.14652,0.05007575860046051,33.0
1705016340000.0,541417,1705016340000.0,0.16174628320740878,-0.0033214480000000003,2299.604768099213,2300.5403518160056,-58.6,0.2834,351.7,0.2806398245186449,long_nclose,98.7010262832074,0.042920865207976944,179.0
1705017600000.0,541438,1705017600000.0,0.13856080916402594,-0.002845336,2299.740483572377,2300.6028264800057,-50.2,0.2834,301.5,0.2806398245186449,long_nclose,84.61290709237143,0.03679237187708033,21.0
1705018020000.0,541445,1705018020000.0,0.11868754569826923,-0.00243724,2299.8567338780754,2300.7253392400057,-43.0,0.2834,258.5,0.2806398245186449,long_nclose,72.54539463806971,0.031543440758477974,7.0
1705019040000.0,541462,1705019040000.0,0.0,-0.008501727999999998,2299.8482321500755,2299.704217512006,151.6,0.2804,410.1,0.280551169563691,long_ientry_partial,115.0540346380697,0.05002679439004038,17.0
1705020360000.0,541484,1705020360000.0,0.16080658052407468,-0.00331461,2300.0057241205996,2301.042532902006,-58.5,0.2833,351.6,0.280551169563691,long_nclose,98.64179121859377,0.04288762857592851,22.0
1705025640000.0,541572,1705025640000.0,0.13799128790271023,-0.002844332,2300.140871076502,2301.1200685700055,-50.2,0.2833,301.4,0.280551169563691,long_nclose,84.55812250649647,0.036762149470837384,88.0
1705027260000.0,541599,1705027260000.0,0.11819970876128566,-0.00243638,2300.256634405264,2300.966932190006,-43.0,0.2833,258.4,0.280551169563691,long_nclose,72.49442221525776,0.031515797468399144,27.0
1705027320000.0,541600,1705027320000.0,0.10143184309980095,-0.002090754,2300.3559754943635,2300.942691436006,-36.9,0.2833,221.5,0.280551169563691,long_nclose,62.14208405835756,0.027014116389096156,1.0
1705027380000.0,541601,1705027380000.0,0.08686304178736341,-0.0017904560000000002,2300.4410480801507,2301.020020980006,-31.6,0.2833,189.9,0.280551169563691,long_nclose,53.27666710014493,0.02315932727100629,1.0
1705027680000.0,541606,1705027680000.0,0.07449330482397305,-0.0015354860000000002,2300.5140058989746,2300.9940754940058,-27.1,0.2833,162.8,0.280551169563691,long_nclose,45.6737304049689,0.019853706731561897,5.0
1705029360000.0,541634,1705029360000.0,0.06377286612236807,-0.0013145119999999999,2300.5764642530967,2300.9462409820053,-23.2,0.2833,139.6,0.280551169563691,long_nclose,39.16494327109127,0.017023969374478726,28.0
1705032000000.0,541678,1705032000000.0,0.0,-0.015169236000000001,2300.5612950170967,2300.4451417460054,270.3,0.2806,409.9,0.2805833697757777,long_ientry_partial,115.01112327109126,0.04999263593636898,44.0
1705038060000.0,541779,1705038060000.0,0.15892286811700485,-0.00331461,2300.7169032752136,2301.882367136005,-58.5,0.2833,351.4,0.2805833697757777,long_nclose,98.59699613920827,0.04285490144348021,101.0
1705040160000.0,541814,1705040160000.0,0.31687286811700366,-0.0033461999999999997,2301.0304299433305,2302.6462509360053,-58.5,0.286,292.9,0.2805833697757777,long_nclose,82.18286900732528,0.03571568108699426,35.0
1705040280000.0,541816,1705040280000.0,0.2643315549420475,-0.0027913599999999997,2301.2919701382725,2302.638579576005,-48.8,0.286,244.1,0.2805833697757777,long_nclose,68.49040056226734,0.029761717092400105,2.0
1705040400000.0,541818,1705040400000.0,0.21991518710342478,-0.00232232,2301.509563005376,2302.5914972560054,-40.6,0.286,203.5,0.2805833697757777,long_nclose,57.09871574937076,0.024809245491385076,2.0
1705040460000.0,541819,1705040460000.0,0.18362376460113547,-0.00193908,2301.6912476899774,2302.6268681760057,-33.9,0.286,169.6,0.2805833697757777,long_nclose,47.58693951397189,0.02067477102401596,1.0
1705040700000.0,541823,1705040700000.0,0.15274897232306844,-0.0016130399999999998,2301.8423836223005,2302.6224351360056,-28.2,0.286,141.4,0.2805833697757777,long_nclose,39.67448848629497,0.017235970963338117,4.0
1705042800000.0,541858,1705042800000.0,0.05487593052929056,-0.001144532,2301.8961150208297,2302.2011306040054,-20.2,0.2833,121.2,0.2805833697757777,long_nclose,34.006704416824256,0.014773344546227071,35.0
1705043160000.0,541864,1705043160000.0,0.04699770287904588,-0.000980218,2301.9421325057087,2302.2555603860055,-17.3,0.2833,103.9,0.2805833697757777,long_nclose,29.152612119703303,0.012664354897562137,6.0
1705043640000.0,541872,1705043640000.0,0.0,-0.017171028,2301.9249614777086,2301.9689093580055,305.1,0.2814,409.0,0.2811925479699347,long_ientry_partial,115.0077521197033,0.049961555673767345,8.0
1705058820000.0,542125,1705058820000.0,0.1581151985558125,-0.003315952,2302.0797607242644,2303.028993406005,-58.4,0.2839,350.6,0.2811925479699347,long_nclose,98.58610731825911,0.042824800860610766,253.0
1705058880000.0,542126,1705058880000.0,0.13537260150326413,-0.002839,2302.2122943257673,2303.056214406005,-50.0,0.2839,300.6,0.2811925479699347,long_nclose,84.52647991976238,0.03671532817720316,1.0
1705059180000.0,542131,1705059180000.0,0.11614969208980062,-0.002435862,2302.3260081558574,2303.075258544005,-42.9,0.2839,257.7,0.2811925479699347,long_nclose,72.46331961185217,0.03147396127010468,5.0
1705061400000.0,542168,1705061400000.0,0.23197969208980215,-0.0024590280000000003,2302.555528819947,2303.845929516005,-42.9,0.2866,214.8,0.2811925479699347,long_nclose,60.400159303941976,0.02623179269639455,37.0
1705061640000.0,542172,1705061640000.0,0.3478096920898013,-0.002482194,2302.900856318037,2304.2945273220053,-42.9,0.2893,171.9,0.2811925479699347,long_nclose,48.336998996031774,0.020989613540426034,4.0
1705061700000.0,542173,1705061700000.0,0.2780856046312397,-0.0019845979999999997,2303.176957324668,2304.375102724005,-34.3,0.2893,137.6,0.2811925479699347,long_nclose,38.69209460066301,0.01679944499167233,1.0
1705061880000.0,542176,1705061880000.0,0.2229549308267957,-0.0015911500000000002,2303.3983211054947,2304.323981574005,-27.5,0.2893,110.1,0.2811925479699347,long_nclose,30.95929953148981,0.013440705955117298,3.0
1705063680000.0,542206,1705063680000.0,0.04250699687202494,-0.0008914459999999998,2303.4399366563666,2303.686080128005,-15.7,0.2839,94.4,0.2811925479699347,long_nclose,26.544576528361837,0.011523884823710005,30.0
1705063740000.0,542207,1705063740000.0,0.03627985720287479,-0.000760852,2303.4754556615694,2303.727159276005,-13.4,0.2839,81.0,0.2811925479699347,long_nclose,22.776596385564712,0.009887926667325032,1.0
1705064820000.0,542225,1705064820000.0,0.0730006024058818,-0.0007738200000000002,2303.547682443975,2303.9666854560046,-13.5,0.2866,67.5,0.2811925479699347,long_nclose,18.980496987970593,0.00823968052957038,18.0
1705067040000.0,542262,1705067040000.0,0.06056346273673156,-0.000641984,2303.607603922712,2303.9289334720047,-11.2,0.2866,56.3,0.2811925479699347,long_nclose,15.831140450707323,0.006872325140683323,37.0
1705068360000.0,542284,1705068360000.0,0.050289303879607464,-0.0005330760000000001,2303.6573601505916,2303.9162103960048,-9.3,0.2866,47.0,0.2811925479699347,long_nclose,13.216049754586932,0.005736985883058143,22.0
1705068660000.0,542289,1705068660000.0,0.04217812583450948,-0.000447096,2303.6990911804264,2303.926743300005,-7.8,0.2866,39.2,0.2811925479699347,long_nclose,11.022747880421441,0.004784803676235915,5.0
1705070100000.0,542313,1705070100000.0,0.03514843819542457,-0.00037258000000000007,2303.7338670386216,2303.891070720005,-6.5,0.2866,32.7,0.2811925479699347,long_nclose,9.194996318616866,0.003991344855487473,24.0
1705070220000.0,542315,1705070220000.0,0.02920024096235272,-0.00030952800000000005,2303.762757751584,2303.904921192005,-5.4,0.2866,27.3,0.2811925479699347,long_nclose,7.676556559579217,0.003332181898396234,2.0
1705070760000.0,542324,1705070760000.0,0.010559062917254601,-0.00022144200000000003,2303.7730953725013,2303.8551697500047,-3.9,0.2839,23.4,0.2811925479699347,long_nclose,6.579905622496471,0.002856143096606723,9.0
1705071000000.0,542328,1705071000000.0,0.008934591699215432,-0.00018737399999999997,2303.7818425902005,2303.830232376005,-3.3,0.2839,20.1,0.2811925479699347,long_nclose,5.651970214195688,0.002453344370420523,4.0
1705071060000.0,542329,1705071060000.0,0.007580865684182791,-0.000158984,2303.789264471885,2303.841293392005,-2.8,0.2839,17.3,0.2811925479699347,long_nclose,4.864631079879871,0.002111578152958807,1.0
1705071240000.0,542332,1705071240000.0,0.006497884872156678,-0.000136272,2303.7956260847573,2303.8389471200053,-2.4,0.2839,14.9,0.2811925479699347,long_nclose,4.1897689647520275,0.0018186374335089934,3.0
1705071840000.0,542342,1705071840000.0,0.005685649263137094,-0.000119238,2303.8011924960206,2303.8358478820055,-2.1,0.2839,12.8,0.2811925479699347,long_nclose,3.5992646140151643,0.0015623156311138082,10.0
1705072200000.0,542348,1705072200000.0,0.004873413654117509,-0.00010220400000000001,2303.8059637056745,2303.8379456780053,-1.8,0.2839,11.0,0.2811925479699347,long_nclose,3.0931180276692816,0.001342612214916745,6.0
1705072680000.0,542356,1705072680000.0,0.0,-0.022414728000000002,2303.7835489776744,2303.516120950005,396.3,0.2828,407.3,0.2827565873500351,long_ientry_partial,115.1667580276693,0.04999026843419194,8.0
1705073880000.0,542376,1705073880000.0,0.0,-0.023039232,2303.7605097456744,2301.1809917180053,419.2,0.2748,826.5,0.2787210139475733,long_rentry,230.36291802766934,0.099994299343685,20.0
1705078380000.0,542451,1705078380000.0,0.0,-0.023034966,2303.7374747796744,2296.526986752005,426.1,0.2703,1252.6,0.2758564170746203,long_rentry,345.53774802766935,0.1499900712691736,75.0
1705079880000.0,542476,1705079880000.0,0.0,-0.033129360000000004,2303.704345419674,2292.4234973920047,620.4,0.267,1873.0,0.2729228766832191,long_rentry,511.18454802766934,0.22189676771849168,25.0
1705080060000.0,542479,1705080060000.0,0.0,-0.04888452000000001,2303.6554608996744,2287.966832872005,927.6,0.2635,2800.6,0.26980188103537434,long_rentry,755.6071480276694,0.3280035408300914,3.0
1705087680000.0,542606,1705087680000.0,1.039247585850256,-0.021792,2304.6729164855246,2311.150020872005,-400.0,0.2724,2400.6,0.26980188103537434,long_nclose,647.6863956135196,0.281031807585607,127.0
1705087860000.0,542609,1705087860000.0,0.8908949929701319,-0.018681191999999996,2305.545130286495,2311.302819680005,-342.9,0.2724,2057.7,0.26980188103537434,long_nclose,555.1713306064897,0.24079829247909898,3.0
1705089900000.0,542643,1705089900000.0,0.7635871637034755,-0.016011672,2306.2927057781985,2311.0516480080055,-293.9,0.2724,1763.8,0.26980188103537434,long_nclose,475.87655777019324,0.206338318019187,34.0
1705098060000.0,542779,1705098060000.0,0.0,-0.04552682,2306.2471789581987,2283.951111188005,873.5,0.2606,2637.3,0.2667541264817022,long_rentry,703.5106577701933,0.3050456447985728,136.0
1705098120000.0,542780,1705098120000.0,0.0,-0.067060308,2306.180118650199,2287.5513708800054,1306.2,0.2567,3943.5,0.26342391220240735,long_rentry,1038.8121977701933,0.4504471222214019,1.0
1705101420000.0,542835,1705101420000.0,1.451110256383947,-0.029967559999999997,2307.6012613465828,2316.6469733200056,-563.3,0.266,3380.2,0.26342391220240735,long_nclose,890.4255080265773,0.3858662772211246,55.0
1705102500000.0,542853,1705102500000.0,1.243735188677738,-0.025684960000000003,2308.8193115752606,2315.9935283600057,-482.8,0.266,2897.4,0.26342391220240735,long_nclose,763.244443215255,0.33057781498479794,18.0
1705102560000.0,542854,1705102560000.0,1.0662427394236034,-0.02201948,2309.8635348346843,2316.7579488800056,-413.9,0.266,2483.5,0.26342391220240735,long_nclose,654.2132859546787,0.2832259465066192,1.0
1705102740000.0,542857,1705102740000.0,0.9137383418061177,-0.01887004,2310.7584031364904,2316.6681388400057,-354.7,0.266,2128.8,0.26342391220240735,long_nclose,560.7768242964848,0.24268085470783907,3.0
1705102980000.0,542861,1705102980000.0,0.783388299247929,-0.01617812,2311.5256133157386,2316.226200720006,-304.1,0.266,1824.7,0.26342391220240735,long_nclose,480.6696125957327,0.207944748622639,4.0
1705103040000.0,542862,1705103040000.0,0.6713284800526481,-0.013863920000000002,2312.1830778757912,2317.150796800006,-260.6,0.266,1564.1,0.26342391220240735,long_nclose,412.0213410757853,0.1781958120091037,1.0
1705103400000.0,542868,1705103400000.0,0.575498013982201,-0.011884880000000002,2312.7466910097737,2316.602661920006,-223.4,0.266,1340.7,0.26342391220240735,long_nclose,353.1724390897675,0.152706926557343,6.0
1705103820000.0,542875,1705103820000.0,0.493320813238995,-0.0101878,2313.2298240230125,2316.075344120006,-191.5,0.266,1149.2,0.26342391220240735,long_nclose,302.72675990300655,0.13086756739826425,7.0
1705103880000.0,542876,1705103880000.0,0.42273600758495605,-0.008730120000000001,2313.6438299105976,2316.280044000006,-164.1,0.266,985.1,0.26342391220240735,long_nclose,259.4988959105915,0.11216026103750762,1.0
1705104000000.0,542878,1705104000000.0,0.3624555531212877,-0.007485240000000001,2313.998800223719,2316.7651287600065,-140.7,0.266,844.4,0.26342391220240735,long_nclose,222.43515146371277,0.09612587156147513,2.0
1705104360000.0,542884,1705104360000.0,0.3106761883896752,-0.00641592,2314.3030604921087,2316.1676328400063,-120.6,0.266,723.8,0.26342391220240735,long_nclose,190.66622765210244,0.08238602407221444,6.0
1705104420000.0,542885,1705104420000.0,0.26636747827108137,-0.005500880000000001,2314.56392709038,2315.9760119600064,-103.4,0.266,620.4,0.26342391220240735,long_nclose,163.42819513037352,0.07060863310689276,1.0
1705104480000.0,542886,1705104480000.0,0.22824137886670995,-0.00471352,2314.7874549492462,2316.476498440006,-88.6,0.266,531.8,0.26342391220240735,long_nclose,140.08883650924022,0.06051909267510342,1.0
1705104780000.0,542891,1705104780000.0,0.19552506383728316,-0.004037880000000001,2314.9789421330834,2316.198970560006,-75.9,0.266,455.9,0.26342391220240735,long_nclose,120.09496157307751,0.05187734514008962,5.0
1705117500000.0,543103,1705117500000.0,0.16770331562328236,-0.00346332,2315.143182128707,2316.1499172400063,-65.1,0.266,390.8,0.26342391220240735,long_nclose,102.94606488870079,0.0444663922660908,212.0
1705117560000.0,543104,1705117560000.0,0.14374569910567062,-0.0029685600000000003,2315.2839592678124,2316.213948680006,-55.8,0.266,335.0,0.26342391220240735,long_nclose,88.24701058780646,0.03811498379477987,1.0
1705117860000.0,543109,1705117860000.0,0.1231369967249293,-0.0025429600000000004,2315.4045533045373,2316.173125720006,-47.8,0.266,287.2,0.26342391220240735,long_nclose,75.65534758453138,0.03267478569848899,5.0
1705118340000.0,543117,1705118340000.0,0.0,-0.007916551999999999,2315.3966367525372,2315.935449168006,149.2,0.2653,436.4,0.2640653244375146,long_ientry_partial,115.23810758453138,0.049770352843804225,8.0
1705119660000.0,543139,1705119660000.0,0.15791028754283903,-0.003321836,2315.5512252040803,2316.536857332006,-62.3,0.2666,374.1,0.2640653244375146,long_nclose,98.78683787207423,0.04266234182030142,22.0
1705120860000.0,543159,1705120860000.0,0.13535167503671916,-0.0028472880000000003,2315.6837295911173,2316.5286700440065,-53.4,0.2666,320.7,0.2640653244375146,long_nclose,84.68574954711094,0.03657051628637733,20.0
1705123260000.0,543199,1705123260000.0,0.1160881407618303,-0.0024420559999999997,2315.7973756758793,2316.6041179880067,-45.8,0.2666,274.9,0.2640653244375146,long_nclose,72.59155768787276,0.03134624749571904,40.0
1705127160000.0,543264,1705127160000.0,0.23516814076182987,-0.002465872,2316.030077944641,2317.3209821160067,-45.8,0.2692,229.1,0.2640653244375146,long_nclose,60.4973658286346,0.026121148600247425,65.0
1705129680000.0,543306,1705129680000.0,0.19563113893069256,-0.0020513040000000003,2316.223657779572,2317.2234808120065,-38.1,0.2692,191.0,0.2640653244375146,long_nclose,50.43647696756529,0.02177530516026064,42.0
1705133580000.0,543371,1705133580000.0,0.16328268288703474,-0.0017121120000000002,2316.3852283504593,2317.282268700007,-31.8,0.2692,159.2,0.2640653244375146,long_nclose,42.039199650452325,0.018148621885483707,65.0
1705134420000.0,543385,1705134420000.0,0.13606890240586228,-0.00142676,2316.5198704928653,2317.214511940007,-26.5,0.2692,132.7,0.2640653244375146,long_nclose,35.04146855285819,0.01512677227560441,14.0
1705137120000.0,543430,1705137120000.0,0.0,-0.01609127,2316.5037792228654,2316.9137806700073,301.9,0.2665,434.6,0.26575660044376015,long_ientry_partial,115.49781855285816,0.049858679095962914,45.0
1705249560000.0,545304,1705249560000.0,0.0,-0.023164343999999996,2316.4806148788653,2312.8867763260073,448.4,0.2583,883.0,0.26197003233619265,long_rentry,231.31953855285812,0.09985818014926683,1874.0
1705259700000.0,545473,1705259700000.0,0.0,-0.023163756,2316.457451122865,2309.775972570007,455.8,0.2541,1338.8,0.25929064726087403,long_rentry,347.13831855285815,0.1498574119652353,169.0
1705262520000.0,545520,1705262520000.0,0.0,-0.033287620000000004,2316.424163502865,2304.123504950007,663.1,0.251,2001.9,0.2565444920090205,long_rentry,513.5764185528582,0.22171087085200963,47.0
1705274640000.0,545722,1705274640000.0,0.0,-0.04909908,2316.3750644228653,2298.469085870007,991.5,0.2476,2993.4,0.25358181952056463,long_rentry,759.0718185528582,0.3276981479430595,202.0
1705287000000.0,545928,1705287000000.0,1.0340139730065652,-0.021893120000000002,2317.3871852758716,2323.8483327500066,-427.6,0.256,2565.8,0.25358181952056463,long_nclose,650.6402325258648,0.28076457687341955,206.0
1705287420000.0,545935,1705287420000.0,0.886263145713064,-0.0187648,2318.2546836215847,2323.792917950007,-366.5,0.256,2199.3,0.25358181952056463,long_nclose,557.7024956715778,0.24056998552045766,7.0
1705288680000.0,545956,1705288680000.0,0.7595504885906504,-0.016081920000000003,2318.9981521901755,2323.933946030007,-314.1,0.256,1885.2,0.25358181952056463,long_nclose,478.0524461601685,0.20614610913280476,21.0
1705289580000.0,545971,1705289580000.0,0.6512160031119458,-0.013788160000000002,2319.6355800332876,2323.704707870007,-269.3,0.256,1615.9,0.25358181952056463,long_nclose,409.76286216328043,0.17664967104763937,15.0
1705291260000.0,545999,1705291260000.0,0.558116054653684,-0.011816960000000001,2320.181879127941,2323.808320910007,-230.8,0.256,1385.1,0.25358181952056463,long_nclose,351.236178217934,0.1513830365531296,28.0
1705291560000.0,546004,1705291560000.0,0.4783160988323167,-0.01012736,2320.6500678667735,2323.7586335500073,-197.8,0.256,1187.3,0.25358181952056463,long_nclose,301.0776943167664,0.12973851529176392,5.0
1705291860000.0,546009,1705291860000.0,0.4101234093122391,-0.00868352,2321.051507756086,2323.716030030007,-169.6,0.256,1017.7,0.25358181952056463,long_nclose,258.0702177260786,0.11118676895523624,5.0
1705292220000.0,546015,1705292220000.0,0.3513616236619596,-0.007439360000000001,2321.395430019748,2323.6795306700074,-145.3,0.256,872.4,0.25358181952056463,long_nclose,221.22477934974057,0.09529818853303189,6.0
1705293120000.0,546030,1705293120000.0,0.30130528773764736,-0.0063795200000000005,2321.6903557874857,2323.6482311500076,-124.6,0.256,747.8,0.25358181952056463,long_nclose,189.6284846374782,0.08167690586506261,15.0
1705294260000.0,546049,1705294260000.0,0.25826167520369775,-0.0054681600000000006,2321.9431493026896,2323.5573029900074,-106.8,0.256,641.0,0.25358181952056463,long_nclose,162.54594631268193,0.07000427480814793,19.0
1705294440000.0,546052,1705294440000.0,0.22126351386833656,-0.0046848,2322.159728016558,2323.6533681900078,-91.5,0.256,549.5,0.25358181952056463,long_nclose,139.34320982655026,0.060005867876095,3.0
1705301040000.0,546162,1705301040000.0,0.18982716763567672,-0.0040192000000000005,2322.3455359841932,2323.5315989900073,-78.5,0.256,471.0,0.25358181952056463,long_nclose,119.43703699418595,0.05142948589843216,110.0
1705301160000.0,546164,1705301160000.0,0.16250172821805703,-0.0034406400000000005,2322.5045970724113,2323.5214383500074,-67.2,0.256,403.8,0.25358181952056463,long_nclose,102.396338722404,0.0440887561004089,2.0
1705301520000.0,546170,1705301520000.0,0.13928719561547745,-0.0029491200000000004,2322.640935148027,2323.5127292300076,-57.6,0.256,346.2,0.25358181952056463,long_nclose,87.79002591801947,0.037797502226673024,6.0
1705301820000.0,546175,1705301820000.0,0.11945811568410739,-0.00252928,2322.757863983711,2323.5052599500077,-49.4,0.256,296.8,0.25358181952056463,long_nclose,75.26308403370359,0.0324024665681775,5.0
1705303020000.0,546195,1705303020000.0,0.10253085232805978,-0.00217088,2322.858223956039,2323.4479690700077,-42.4,0.256,254.4,0.25358181952056463,long_nclose,64.51121488603164,0.027772342806253222,20.0
1705303140000.0,546197,1705303140000.0,0.087779951403504,-0.00185856,2322.944145347443,2323.4933605100077,-36.3,0.256,218.1,0.25358181952056463,long_nclose,55.30619483743514,0.023808663220855442,2.0
1705303440000.0,546202,1705303440000.0,0.07520541291044008,-0.0015923200000000002,2323.017758440353,2323.4886581900078,-31.1,0.256,187.0,0.25358181952056463,long_nclose,47.41980025034559,0.020413016679727274,5.0
1705305600000.0,546238,1705305600000.0,0.06456541880092444,-0.0013670400000000001,2323.0809568191544,2323.436531150008,-26.7,0.256,160.3,0.25358181952056463,long_nclose,40.64916566914651,0.017497954838734852,36.0
1705307580000.0,546271,1705307580000.0,0.05537633297907002,-0.00117248,2323.135160672133,2323.4811586700075,-22.9,0.256,137.4,0.25358181952056463,long_nclose,34.842142002125584,0.01499789706253897,33.0
1705309620000.0,546305,1705309620000.0,0.0473963373969333,-0.0010035200000000001,2323.1815534895304,2323.478195150008,-19.6,0.256,117.8,0.25358181952056463,long_nclose,29.87193833952251,0.012858202276379745,34.0
1705311420000.0,546335,1705311420000.0,0.09639633739693335,-0.00101332,2323.2769365069275,2323.769721830008,-19.6,0.2585,98.2,0.25358181952056463,long_nclose,24.901734676919446,0.010718366926312057,30.0
1705311720000.0,546340,1705311720000.0,0.08016634181479661,-0.0008427100000000002,2323.356260138742,2323.767249120008,-16.3,0.2585,81.9,0.25358181952056463,long_nclose,20.768351018734243,0.008938943792242192,5.0
1705313460000.0,546369,1705313460000.0,0.06688725452032108,-0.00070312,2323.4224442732625,2323.772016000008,-13.6,0.2585,68.3,0.25358181952056463,long_nclose,17.319638273254565,0.007454364709243364,29.0
1705315140000.0,546397,1705315140000.0,0.055575439417619735,-0.00058421,2323.4774355026802,2323.763471790008,-11.3,0.2585,57.0,0.25358181952056463,long_nclose,14.454163712672184,0.006220918478403493,28.0
1705318620000.0,546455,1705318620000.0,0.04672271455463606,-0.0004911500000000001,2323.523667067235,2323.762030640008,-9.5,0.2585,47.5,0.25358181952056463,long_nclose,12.04513642722682,0.005183995583066413,58.0
1705319100000.0,546463,1705319100000.0,0.03885362578753946,-0.0004084300000000001,2323.5621122630223,2323.7608322100077,-7.9,0.2585,39.6,0.25358181952056463,long_nclose,10.04184005301436,0.004321743757146289,8.0
1705320000000.0,546478,1705320000000.0,0.03245999116427347,-0.00034122,2323.5942310341866,2323.766430990008,-6.6,0.2585,33.0,0.25358181952056463,long_nclose,8.368200044178632,0.0036014033484900285,15.0
1705320360000.0,546484,1705320360000.0,0.02704999263689456,-0.00028435000000000005,2323.6209966768233,2323.758996640008,-5.5,0.2585,27.5,0.25358181952056463,long_nclose,6.973500036815527,0.0030011348867947174,6.0
1705320720000.0,546490,1705320720000.0,0.022131812157459185,-0.00023265000000000004,2323.642895838981,2323.758313990008,-4.5,0.2585,23.0,0.25358181952056463,long_nclose,5.832381848972987,0.0025100164312757407,6.0
1705320900000.0,546493,1705320900000.0,0.018689085821854422,-0.00019646,2323.6613884648027,2323.757737530008,-3.8,0.2585,19.2,0.25358181952056463,long_nclose,4.868770934794841,0.002095301388990907,3.0
1705321020000.0,546495,1705321020000.0,0.0157381775341932,-0.00016544000000000002,2323.676961202337,2323.757252090008,-3.2,0.2585,16.0,0.25358181952056463,long_nclose,4.057309112329034,0.0017460727889773739,2.0
1705321440000.0,546502,1705321440000.0,0.012787269246531974,-0.00013442,2323.6896140515837,2323.7568576700082,-2.6,0.2585,13.4,0.25358181952056463,long_nclose,3.3979963815755663,0.0014623279981231324,7.0
1705322340000.0,546517,1705322340000.0,0.010819997054757825,-0.00011374000000000002,2323.7003203086383,2323.755403930008,-2.2,0.2585,11.2,0.25358181952056463,long_nclose,2.8401163786303236,0.0012222386655492193,15.0
1705322400000.0,546518,1705322400000.0,0.008852724862983675,-9.306000000000002e-05,2323.7090799735015,2323.755310870008,-1.8,0.2585,9.4,0.25358181952056463,long_nclose,2.3836691034933075,0.0010258035844661285,1.0
1705326000000.0,546578,1705326000000.0,0.007377270719153062,-7.755000000000001e-05,2323.716379694221,2323.7560233200084,-1.5,0.2585,7.9,0.25358181952056463,long_nclose,2.0032963742124608,0.0008621088148787227,60.0
1705326180000.0,546581,1705326180000.0,0.006393634623265987,-6.721e-05,2323.722706118844,2323.7564861100086,-1.3,0.2585,6.6,0.25358181952056463,long_nclose,1.6736400088357264,0.0007202408464782329,3.0
1705326300000.0,546583,1705326300000.0,0.005409998527378912,-5.687000000000001e-05,2323.728059247371,2323.757859240008,-1.1,0.2585,5.5,0.25358181952056463,long_nclose,1.3947000073631055,0.0006001993227274765,2.0
1705327260000.0,546599,1705327260000.0,0.004426362431491838,-4.653000000000001e-05,2323.7324390798026,2323.756902710008,-0.9,0.2585,4.6,0.25358181952056463,long_nclose,1.1664763697945972,0.0005019839419449347,16.0
1705327380000.0,546601,1705327380000.0,0.003442726335604762,-3.6190000000000004e-05,2323.735845616138,2323.755806520008,-0.7,0.2585,3.9,0.25358181952056463,long_nclose,0.988969096130202,0.00042559445730285976,2.0
1705329180000.0,546631,1705329180000.0,0.0,-0.023036243999999997,2323.7128093721376,2323.678080276007,449.4,0.2563,453.3,0.25627661393366463,long_ientry_partial,116.17018909613019,0.04999335056706906,30.0
1705344120000.0,546880,1705344120000.0,0.16326307849189667,-0.003348872,2323.8727235786296,2324.9698914040073,-64.7,0.2588,388.6,0.25627661393366463,long_nclose,99.58909217462208,0.042854796290762706,249.0
1705344540000.0,546887,1705344540000.0,0.1400479266816115,-0.00287268,2324.009898825311,2324.8504387240073,-55.5,0.2588,333.1,0.25627661393366463,long_nclose,85.3657401013037,0.036732089714614585,7.0
1705351860000.0,547009,1705351860000.0,0.0,-0.006226652000000001,2324.0036721733113,2323.6661720720076,121.9,0.2554,455.0,0.25604175846440375,long_ientry_partial,116.49900010130371,0.05012857832206379,122.0
1705378260000.0,547449,1705378260000.0,0.159785699813757,-0.0033605000000000006,2324.160097373125,2325.118811572008,-65.0,0.2585,390.0,0.25604175846440375,long_nclose,99.85628580111747,0.04296446097408682,440.0
1705396980000.0,547761,1705396980000.0,0.13692405353271178,-0.0028796900000000003,2324.294141736658,2325.1159318820078,-55.7,0.2585,334.3,0.25604175846440375,long_nclose,85.59475985465018,0.03682613070250041,312.0
1705397040000.0,547762,1705397040000.0,0.11725812124794169,-0.00246609,2324.408933767906,2325.142125792008,-47.7,0.2585,286.6,0.25604175846440375,long_nclose,73.38156797589812,0.031569990508058046,1.0
1705397400000.0,547768,1705397400000.0,0.1005420788058871,-0.00211453,2324.507361316712,2325.160491262008,-40.9,0.2585,245.7,0.25604175846440375,long_nclose,62.909460054704,0.027063566715946678,6.0
1705397520000.0,547770,1705397520000.0,0.08628427789942879,-0.0018146700000000004,2324.5918309246113,2325.193776592008,-35.1,0.2585,210.6,0.25604175846440375,long_nclose,53.922394332603425,0.023196499968407648,2.0
1705398300000.0,547783,1705398300000.0,0.07374724606788785,-0.001551,2324.664027170679,2325.107985592008,-30.0,0.2585,180.6,0.25604175846440375,long_nclose,46.24114157867132,0.019891537460125307,13.0
1705398720000.0,547790,1705398720000.0,0.06342263161838356,-0.0013338600000000003,2324.7261159422974,2325.153091732008,-25.8,0.2585,154.8,0.25604175846440375,long_nclose,39.635264210289705,0.01704943388319276,7.0
1705399560000.0,547804,1705399560000.0,0.054327137936677386,-0.00114257,2324.779300510234,2325.1187791620077,-22.1,0.2585,132.7,0.25604175846440375,long_nclose,33.976741348226376,0.014615039518275686,14.0
1705404900000.0,547893,1705404900000.0,0.0,-0.01645568,2324.762844830234,2324.6210734820074,321.4,0.256,454.1,0.25601220292496446,long_ientry_partial,116.25514134822637,0.05000731218960785,89.0
1705409520000.0,547970,1705409520000.0,0.16120925046230344,-0.0033501599999999996,2324.9207039206963,2325.9281333220074,-64.8,0.2585,389.3,0.25601220292496446,long_nclose,99.66555059868867,0.04286836554494733,77.0
1705410120000.0,547980,1705410120000.0,0.13832151737197643,-0.00287452,2325.056150918068,2326.053178802007,-55.6,0.2585,333.7,0.25601220292496446,long_nclose,85.43127211606064,0.03674374577247409,10.0
1705410600000.0,547988,1705410600000.0,0.11841914077169205,-0.00246092,2325.1721091388395,2325.9983078820073,-47.6,0.2585,286.1,0.25601220292496446,long_nclose,73.24509125683234,0.031500933186386665,8.0
1705413060000.0,548029,1705413060000.0,0.0,-0.008592948,2325.1635161908393,2325.081104934007,167.7,0.2562,453.8,0.2560816025932841,long_ientry_partial,116.20983125683233,0.049979208106280266,41.0
1705420860000.0,548159,1705420860000.0,0.16319215195518957,-0.0033514559999999996,2325.3233568867945,2326.341913478007,-64.8,0.2586,389.0,0.2560816025932841,long_nclose,99.61574340878752,0.04283952299096835,130.0
1705422660000.0,548189,1705422660000.0,0.13977105607273183,-0.00287046,2325.4602574828673,2326.400193018007,-55.5,0.2586,333.5,0.2560816025932841,long_nclose,85.40321446486026,0.03672529521416233,30.0
1705428180000.0,548281,1705428180000.0,0.11987571655967631,-0.002461872,2325.577671327427,2326.3834511460072,-47.6,0.2586,285.9,0.2560816025932841,long_nclose,73.21373018141992,0.031481954390983606,92.0
1705428660000.0,548289,1705428660000.0,0.10275061419400826,-0.002110176,2325.6783117656214,2326.3200809700074,-40.8,0.2586,245.1,0.2560816025932841,long_nclose,62.765600795613935,0.026988083639118258,8.0
1705429080000.0,548296,1705429080000.0,0.0881439092350561,-0.0018102,2325.7646454748565,2326.2937607700073,-35.0,0.2586,210.1,0.2560816025932841,long_nclose,53.80274470484899,0.02313335737110406,7.0
1705429260000.0,548299,1705429260000.0,0.07555192220147666,-0.0015516,2325.8386457970582,2326.328229170008,-30.0,0.2586,180.1,0.2560816025932841,long_nclose,46.120296627050465,0.01982953405232682,3.0
1705430280000.0,548316,1705430280000.0,0.0,-0.014015492000000001,2325.8246303050582,2325.8726736780077,273.1,0.2566,453.2,0.2563939907922561,long_ientry_partial,116.19775662705047,0.04995981000158633,17.0
1705434120000.0,548380,1705434120000.0,0.1621387957410309,-0.0033501660000000003,2325.9834189347994,2326.9958535120077,-64.7,0.2589,388.5,0.2563939907922561,long_nclose,99.6090654227915,0.04282449505526062,64.0
1705434300000.0,548383,1705434300000.0,0.13908351102978694,-0.0028737900000000006,2326.119628655829,2326.9874297220076,-55.5,0.2589,333.0,0.2563939907922561,long_nclose,85.37919893382129,0.03670456062621272,3.0
1705434900000.0,548393,1705434900000.0,0.11903543736783567,-0.0024595500000000005,2326.236204543197,2327.0373201720076,-47.5,0.2589,285.5,0.2563939907922561,long_nclose,73.20048437118912,0.031467348082807226,10.0
1705437360000.0,548434,1705437360000.0,0.1019945747551771,-0.0021074460000000002,2326.336091671952,2326.9740427260076,-40.7,0.2589,244.8,0.2563939907922561,long_nclose,62.7652489459443,0.02698030141501804,41.0
1705438080000.0,548446,1705438080000.0,0.08745972135026242,-0.0018071220000000002,2326.421744271302,2326.9687456040074,-34.9,0.2589,209.9,0.2563939907922561,long_nclose,53.81709866729456,0.023132993318952803,12.0
1705440660000.0,548489,1705440660000.0,0.17121972135026095,-0.0018238739999999996,2326.591140118652,2327.4846917300074,-34.9,0.2613,175.0,0.2563939907922561,long_nclose,44.86894838864482,0.019285274329015358,43.0
1705441080000.0,548496,1705441080000.0,0.1427648679453465,-0.001520766,2326.732384220598,2327.521120964008,-29.1,0.2613,145.9,0.2563939907922561,long_nclose,37.40788325659017,0.016077432673513484,7.0
1705441980000.0,548511,1705441980000.0,0.11921602374817596,-0.0012699179999999999,2326.850330326346,2327.4590610460077,-24.3,0.2613,121.6,0.2563939907922561,long_nclose,31.17750928033834,0.013399017923067542,15.0
1705442100000.0,548513,1705442100000.0,0.09910138599642611,-0.001055652,2326.9483760603425,2327.4864053940078,-20.2,0.2613,101.4,0.2563939907922561,long_nclose,25.998350666334773,0.011172723440625476,2.0
1705443780000.0,548541,1705443780000.0,0.08291155561087134,-0.0008831939999999998,2327.0304044219533,2327.4449622000075,-16.9,0.2613,84.5,0.2563939907922561,long_nclose,21.66529222194564,0.009310274666276831,28.0
1705448400000.0,548618,1705448400000.0,0.030072110492926907,-0.0006213600000000001,2327.059855172446,2327.2560408400077,-12.0,0.2589,72.5,0.2563939907922561,long_nclose,18.58856433243857,0.00798800438721894,77.0
1705448820000.0,548625,1705448820000.0,0.0,-0.019527846,2327.040327326446,2327.2090929940073,378.3,0.2581,450.8,0.25782563072856823,long_ientry_partial,116.22779433243856,0.04994661801412507,7.0
1705477980000.0,549111,1705477980000.0,0.0,-0.023270716,2327.017056610446,2323.3937022780074,464.3,0.2506,915.1,0.25415951735595954,long_rentry,232.58137433243857,0.09994828945139692,486.0
1705595760000.0,551074,1705595760000.0,0.0,-0.0232696,2326.9937870104463,2319.8458526780078,472.0,0.2465,1387.1,0.25155314997652556,long_rentry,348.92937433243856,0.14994856293996292,1963.0
1705596480000.0,551086,1705596480000.0,0.0,-0.033456900000000005,2326.960330110446,2315.5823957780076,687.0,0.2435,2074.1,0.24888572119591082,long_rentry,516.2138743324386,0.2218404274678534,12.0
1705601340000.0,551167,1705601340000.0,0.0,-0.049346688,2326.9109834224464,2308.585799090008,1027.2,0.2402,3101.3,0.2460088718706473,long_rentry,762.9473143324385,0.3278798887314061,81.0
1705607820000.0,551275,1705607820000.0,0.0,-0.0726528,2326.8383306224464,2298.739656290008,1536.0,0.2365,4637.3,0.2428592746495673,long_rentry,1126.2113143324384,0.4840092667852728,108.0
1705680420000.0,552485,1705680420000.0,0.0,-0.10656688,2326.731763742446,2274.2938494100076,2296.7,0.232,6934.0,0.23926243356395133,long_rentry,1659.0457143324386,0.7130369474407897,1210.0
1705682340000.0,552517,1705682340000.0,0.0,-0.13353534000000003,2326.5982284024462,2237.1153340700075,2947.8,0.2265,9881.8,0.23545532335530356,long_rentry,2326.7224143324383,1.0000533766116024,32.0
1705690140000.0,552647,1705690140000.0,-0.20491573852376516,-0.0046539960000000005,2326.3886586679228,2307.2614900740077,-99.7,0.2334,9782.1,0.23545532335530356,unstuck_close_long,2303.247518593915,0.9900527626852952,130.0
1705714260000.0,553049,1705714260000.0,3.1367111432988,-0.066432396,2329.4589374152215,2350.7952876780078,-1397.4,0.2377,8384.7,0.23545532335530356,long_nclose,1974.2222497372138,0.8475024899678292,402.0
1705715160000.0,553064,1705715160000.0,2.688673685017391,-0.056943412000000006,2332.090667688239,2348.941624266008,-1197.8,0.2377,7186.9,0.23545532335530356,long_nclose,1692.193863422231,0.7256123815716279,15.0
1705715520000.0,553070,1705715520000.0,2.304609511109831,-0.048809318000000004,2334.346467881349,2348.7901449480078,-1026.7,0.2377,6160.2,0.23545532335530356,long_nclose,1450.451882933341,0.6213524439882183,6.0
1705716480000.0,553086,1705716480000.0,1.9753154473328638,-0.0418352,2336.2799481286816,2349.1883297480076,-880.0,0.2377,5280.2,0.23545532335530356,long_nclose,1243.2511983806737,0.532149924659712,16.0
1705716840000.0,553092,1705716840000.0,1.6931595930945216,-0.035859421999999995,2337.937248299776,2349.0016103260077,-754.3,0.2377,4525.9,0.23545532335530356,long_nclose,1065.6472479737683,0.45580660847451815,6.0
1705722600000.0,553188,1705722600000.0,1.451183450796246,-0.03073461,2339.3576971405723,2348.4536357160077,-646.5,0.2377,3879.4,0.23545532335530356,long_nclose,913.4253814245646,0.3904599038193503,96.0
1705723560000.0,553204,1705723560000.0,1.243999796490765,-0.026346668,2340.575350269063,2348.3718690480077,-554.2,0.2377,3325.2,0.23545532335530356,long_nclose,782.9360412210553,0.33450580479327535,16.0
1705731360000.0,553334,1705731360000.0,1.066221406230807,-0.0225815,2341.618990175294,2348.871827548008,-475.0,0.2377,2850.2,0.23545532335530356,long_nclose,671.0947626272862,0.2865943458107366,130.0
1705732800000.0,553358,1705732800000.0,0.9138078620559192,-0.019353534000000002,2342.51344450335,2349.4632740140078,-407.1,0.2377,2443.1,0.23545532335530356,long_nclose,575.2409004893422,0.24556567725966771,24.0
1705738920000.0,553460,1705738920000.0,0.7833921489990562,-0.016591460000000002,2343.280245192349,2348.3996425540076,-349.0,0.2377,2094.1,0.23545532335530356,long_nclose,493.06699263834116,0.2104174238868589,102.0
1705741440000.0,553502,1705741440000.0,1.586092148999055,-0.016752,2344.849585341348,2352.7805005540076,-349.0,0.24,1745.1,0.23545532335530356,long_nclose,410.89308478734023,0.1752321715456751,42.0
1705743840000.0,553542,1705743840000.0,0.5595978875228216,-0.011851722000000002,2345.3973315068706,2348.9044988320074,-249.3,0.2377,1495.8,0.23545532335530356,long_nclose,352.19407267486304,0.15016392657383362,40.0
1705746060000.0,553579,1705746060000.0,0.4794629313071587,-0.010154544,2345.8666398941778,2348.8729842880075,-213.6,0.2377,1282.2,0.23545532335530356,long_nclose,301.9008156061702,0.12869479043352142,37.0
1705747860000.0,553609,1705747860000.0,0.41100029364391744,-0.008704574,2346.2689356138217,2348.7360597140073,-183.1,0.2377,1099.1,0.23545532335530356,long_nclose,258.7889458998141,0.11029807451809047,30.0
1705749420000.0,553635,1705749420000.0,0.35241423321734044,-0.007463780000000001,2346.613886067039,2348.6343859340077,-157.0,0.2377,942.1,0.23545532335530356,long_nclose,221.82246013303148,0.09452874264918348,26.0
1705749900000.0,553643,1705749900000.0,0.30190900871167065,-0.0063941300000000005,2346.909400945751,2348.8029618040077,-134.5,0.2377,807.6,0.23545532335530356,long_nclose,190.15371914174315,0.08102303355430573,8.0
1705750200000.0,553648,1705750200000.0,0.2588112171334991,-0.005481362,2347.162730800884,2348.9244104420077,-115.3,0.2377,692.3,0.23545532335530356,long_nclose,163.00572035887663,0.06944798424916061,5.0
1705750440000.0,553652,1705750440000.0,0.22199852016047755,-0.004701706,2347.3800276150446,2348.8306987360074,-98.9,0.2377,593.4,0.23545532335530356,long_nclose,139.71918887903712,0.05952133324615224,4.0
1705750920000.0,553660,1705750920000.0,0.19012411180578814,-0.004026638,2347.56612508885,2348.7079920980073,-84.7,0.2377,508.7,0.23545532335530356,long_nclose,119.77612299084292,0.05102140540825433,8.0
1705751100000.0,553663,1705751100000.0,0.16296352440496126,-0.0034514039999999995,2347.725637209255,2348.7045406940074,-72.6,0.2377,436.1,0.23545532335530356,long_nclose,102.68206651524788,0.04373682549946773,3.0
1705751160000.0,553664,1705751160000.0,0.13984335496458797,-0.002961742,2347.86251882222,2348.8510989520073,-62.3,0.2377,373.8,0.23545532335530356,long_nclose,88.01319987021247,0.0374865219597114,1.0
1705751940000.0,553677,1705751940000.0,0.11986573282678968,-0.002538636,2347.979845919047,2348.7310803160076,-53.4,0.2377,320.4,0.23545532335530356,long_nclose,75.43988560303926,0.03212969895553365,13.0
1705752960000.0,553694,1705752960000.0,0.10258172266262713,-0.002172578,2348.0802550637095,2348.7243377380078,-45.7,0.2377,274.7,0.23545532335530356,long_nclose,64.67957732570189,0.027545726849079508,17.0
1705754160000.0,553714,1705754160000.0,0.0,-0.010471296,2348.0697837677094,2348.4391664420077,221.1,0.2368,495.8,0.23605497645361415,long_ientry_partial,117.03605732570189,0.04984351748605444,20.0
1705757460000.0,553769,1705757460000.0,0.1589476670841193,-0.0033743280000000002,2348.2253571067936,2349.2219921140077,-70.8,0.2383,425.0,0.23605497645361415,long_nclose,100.32336499278601,0.04272305666454119,55.0
1705759260000.0,553799,1705759260000.0,0.13627292926562207,-0.0028929620000000007,2348.3587370740593,2349.176599152008,-60.7,0.2383,364.3,0.23605497645361415,long_nclose,85.99482792205164,0.036619118946535835,30.0
1705759320000.0,553800,1705759320000.0,0.11674122441206503,-0.00247832,2348.4729999784713,2349.1741208320077,-52.0,0.2383,312.3,0.23605497645361415,long_nclose,73.7199691464637,0.03139059684618026,1.0
1705759380000.0,553801,1705759380000.0,0.10012805016880962,-0.002125636,2348.57100239264,2349.1987651960076,-44.6,0.2383,267.7,0.23605497645361415,long_nclose,63.1919171966325,0.026906538968698344,1.0
1705760100000.0,553813,1705760100000.0,0.08575989947194008,-0.0018206120000000003,2348.654941680112,2349.193124584008,-38.2,0.2383,229.5,0.23605497645361415,long_nclose,54.17461709610445,0.023066230860353882,12.0
1705760520000.0,553820,1705760520000.0,0.0,-0.012616704000000001,2348.6423249761124,2348.7141278800077,266.4,0.2368,495.9,0.2364552068886962,long_ientry_partial,117.25813709610443,0.04992592352149536,7.0
1705764240000.0,553882,1705764240000.0,0.15893135228030864,-0.003379992,2348.7978763363926,2349.879667888008,-70.8,0.2387,425.1,0.2364552068886962,long_nclose,100.51710844838476,0.04279512914289982,62.0
1705765740000.0,553907,1705765740000.0,0.3217713522803084,-0.00341256,2349.116235128673,2350.797315328008,-70.8,0.241,354.3,0.2364552068886962,long_nclose,83.77607980066507,0.03566280737746305,25.0
1705768020000.0,553945,1705768020000.0,0.113586531431972,-0.002415644,2349.227406016105,2349.9698896840077,-50.6,0.2387,303.7,0.2364552068886962,long_nclose,71.81144633209703,0.030568111945312774,38.0
1705768260000.0,553949,1705768260000.0,0.09719954171945429,-0.0020671419999999997,2349.322538415824,2349.9331225420074,-43.3,0.2387,260.4,0.2364552068886962,long_nclose,61.57293587381648,0.026208804822234345,4.0
1705768980000.0,553961,1705768980000.0,0.0,-0.011138912,2349.311399503824,2349.406303630007,234.8,0.2372,495.2,0.23680835192612376,long_ientry_partial,117.26749587381649,0.0499156884432534,12.0
1705778520000.0,554120,1705778520000.0,0.16201951882305057,-0.0033808740000000003,2349.470038148647,2350.6550927560074,-70.7,0.2391,424.5,0.23680835192612376,long_nclose,100.52514539263953,0.04278630659697712,159.0
1705779660000.0,554139,1705779660000.0,0.13887387327690048,-0.0028978920000000004,2349.6060141299236,2350.476334864007,-60.6,0.2391,363.9,0.23680835192612376,long_nclose,86.17455926591643,0.03667617411075937,19.0
1705780320000.0,554150,1705780320000.0,0.11893653503417714,-0.002481858,2349.7224688069577,2350.499863006007,-51.9,0.2391,312.0,0.23680835192612376,long_nclose,73.88420580095061,0.03144380103683666,11.0
1705780740000.0,554157,1705780740000.0,0.10197833928749293,-0.00212799,2349.822319156245,2350.462085016007,-44.5,0.2391,267.5,0.23680835192612376,long_nclose,63.3462341402381,0.026957882570025102,7.0
1705781220000.0,554165,1705781220000.0,0.08754095642207259,-0.0018267240000000003,2349.9080333886673,2350.456438292007,-38.2,0.2391,229.3,0.23680835192612376,long_nclose,54.300155096660184,0.023107353277292752,8.0
1705782840000.0,554192,1705782840000.0,0.07493689201575324,-0.0015637140000000003,2349.981406566683,2350.451604578007,-32.7,0.2391,196.6,0.23680835192612376,long_nclose,46.55652198867593,0.01981144270272968,27.0
1705784580000.0,554221,1705784580000.0,0.06416614606853488,-0.00133896,2350.0442337527516,2350.4474656180073,-28.0,0.2391,168.6,0.23680835192612376,long_nclose,39.92588813474446,0.016989419842105436,29.0
1705787640000.0,554272,1705787640000.0,0.0549995537730299,-0.00114768,2350.0980856265246,2350.4583779380073,-24.0,0.2391,144.6,0.23680835192612376,long_nclose,34.24248768851749,0.01457066319825056,51.0
1705788000000.0,554278,1705788000000.0,0.04720795032185066,-0.0009850920000000001,2350.1443084848465,2350.440872846007,-20.6,0.2391,124.0,0.23680835192612376,long_nclose,29.364235638839347,0.012494652150859051,6.0
1705791600000.0,554338,1705791600000.0,0.09458795032185059,-0.0009945680000000001,2350.2379018671686,2350.7023382780076,-20.6,0.2414,103.4,0.23680835192612376,long_nclose,24.485983589161197,0.010418512768306595,60.0
1705791660000.0,554339,1705791660000.0,0.07897634687067136,-0.0008304159999999999,2350.316047798039,2350.703227862007,-17.2,0.2414,86.2,0.23680835192612376,long_nclose,20.412879936031867,0.008685163833670906,1.0
1705792020000.0,554345,1705792020000.0,0.06566056745643027,-0.000690404,2350.381017961495,2350.739917458007,-14.3,0.2414,71.9,0.23680835192612376,long_nclose,17.0265205034883,0.007244153340829625,6.0
1705795980000.0,554411,1705795980000.0,0.023374810353537705,-0.00048776399999999996,2350.403905007849,2350.5391296940074,-10.2,0.2391,61.7,0.23680835192612376,long_nclose,14.611075313841837,0.006216410414699785,66.0
1705796100000.0,554413,1705796100000.0,0.020166503050110963,-0.00042081600000000007,2350.423650694899,2350.5501688780073,-8.8,0.2391,52.9,0.23680835192612376,long_nclose,12.527161816891947,0.005329746326024379,2.0
1705796580000.0,554421,1705796580000.0,0.0,-0.020984698,2350.402665996899,2350.481574180007,440.3,0.2383,493.2,0.23814000773903476,long_ientry_partial,117.45065181689195,0.049970438476794554,8.0
1705805820000.0,554575,1705805820000.0,0.15910345517195276,-0.0033848320000000004,2350.558384620071,2351.513909348007,-70.4,0.2404,422.8,0.23814000773903476,long_nclose,100.6855952720639,0.042834756171495,154.0
1705805880000.0,554576,1705805880000.0,0.13650353256230036,-0.0029040320000000004,2350.691984120633,2351.547245316007,-60.4,0.2404,362.4,0.23814000773903476,long_nclose,86.30193880462619,0.036713418596571575,1.0
1705810500000.0,554653,1705810500000.0,0.1168415998919028,-0.002485736,2350.806339984525,2351.508519580007,-51.7,0.2404,310.7,0.23814000773903476,long_nclose,73.9901004045181,0.03147434952255793,77.0
1705810860000.0,554659,1705810860000.0,0.10011765716076003,-0.0021299440000000004,2350.904327697686,2351.533029636007,-44.3,0.2404,266.4,0.23814000773903476,long_nclose,63.44049806167886,0.02698557202615222,6.0
1705811700000.0,554673,1705811700000.0,0.08587970591667904,-0.00182704,2350.9883803636026,2351.573082596007,-38.0,0.2404,228.4,0.23814000773903476,long_nclose,54.39117776759554,0.023135451549608863,14.0
1705812180000.0,554681,1705812180000.0,0.07367574770746675,-0.0015674080000000002,2351.06048870331,2351.4834151880073,-32.6,0.2404,195.8,0.23814000773903476,long_nclose,46.62781351530301,0.019832672846720262,8.0
1705812300000.0,554683,1705812300000.0,0.06305378408093014,-0.001341432,2351.122201055391,2351.518443756007,-27.9,0.2404,167.9,0.23814000773903476,long_nclose,39.98370729938394,0.017006222510014886,2.0
1705812660000.0,554689,1705812660000.0,0.05401381503706918,-0.0011491119999999999,2351.1750657584284,2351.5149046440074,-23.9,0.2404,144.0,0.23814000773903476,long_nclose,34.292161114421006,0.014585116018725402,6.0
1705813200000.0,554698,1705813200000.0,0.046329841349787376,-0.00098564,2351.220409959778,2351.499519004007,-20.5,0.2404,123.5,0.23814000773903476,long_nclose,29.410290955770794,0.012508521460254725,9.0
1705813440000.0,554702,1705813440000.0,0.03977586379298819,-0.0008462080000000001,2351.2593396155708,2351.509262796007,-17.6,0.2404,105.9,0.23814000773903476,long_nclose,25.219026819563783,0.010725752959130011,4.0
1705814400000.0,554718,1705814400000.0,0.03412588314057509,-0.0007260080000000001,2351.292739490711,2351.5161067880067,-15.1,0.2404,90.8,0.23814000773903476,long_nclose,21.623112702704358,0.00919626567102313,16.0
1705817940000.0,554777,1705817940000.0,0.0,-0.019174114000000003,2351.273565376711,2351.2933626740064,401.3,0.2389,492.1,0.238759769767739,long_ientry_partial,117.49368270270436,0.04997023078591879,59.0
1705832880000.0,555026,1705832880000.0,0.16451818532794932,-0.003389866,2351.4346936960387,2352.5905228080064,-70.3,0.2411,421.8,0.238759769767739,long_nclose,100.70887088803231,0.042828691418912344,249.0
1705833360000.0,555034,1705833360000.0,0.14088185998211308,-0.0029028440000000003,2351.572672712021,2352.4550599640065,-60.2,0.2411,361.6,0.238759769767739,long_nclose,86.33553274801443,0.03671395477157226,8.0
1705834020000.0,555045,1705834020000.0,0.12075587998466836,-0.0024881520000000004,2351.6909404400058,2352.509411812007,-51.6,0.2411,310.0,0.238759769767739,long_nclose,74.01552862799909,0.03147332302694105,11.0
1705835220000.0,555065,1705835220000.0,0.10343817626593685,-0.002131324,2351.792247292272,2352.414280488007,-44.2,0.2411,265.8,0.238759769767739,long_nclose,63.462346804265025,0.026984673870462914,20.0
1705835280000.0,555066,1705835280000.0,0.08869472580269246,-0.0018275379999999999,2351.879114480075,2352.4352429500073,-37.9,0.2411,227.9,0.238759769767739,long_nclose,54.413351530067715,0.02313611749645422,1.0
1705836060000.0,555079,1705836060000.0,0.07605748254848298,-0.00156715,2351.9536048126233,2352.391345800007,-32.5,0.2411,195.4,0.238759769767739,long_nclose,46.6536590126162,0.019836130660550608,13.0
1705840260000.0,555149,1705840260000.0,0.0,-0.014173848,2351.939430964623,2351.956731952007,296.4,0.2391,491.8,0.23896482109112688,long_ientry_partial,117.52289901261621,0.049968505763949636,70.0
1705842660000.0,555189,1705842660000.0,0.16392955940289225,-0.0033878520000000002,2352.099972672026,2353.168804100007,-70.2,0.2413,421.6,0.23896482109112688,long_nclose,100.74756857201909,0.042833029948794274,40.0
1705843980000.0,555211,1705843980000.0,0.325389559402894,-0.003420144000000001,2352.421942087429,2354.1210239560073,-70.2,0.2436,351.4,0.23896482109112688,long_nclose,83.97223813142197,0.03569607842414058,22.0
1705845240000.0,555232,1705845240000.0,0.2711579661690783,-0.0028501200000000003,2352.6902499335984,2354.0478938360075,-58.5,0.2436,292.9,0.23896482109112688,long_nclose,69.99279609759105,0.029750111005716333,21.0
1705845420000.0,555235,1705845420000.0,0.2261967307530089,-0.002377536,2352.9140691283515,2354.0699263000074,-48.8,0.2436,244.1,0.23896482109112688,long_nclose,58.33131282834407,0.0247910935608257,3.0
1705845780000.0,555241,1705845780000.0,0.18818826370024921,-0.0019780320000000002,2353.100279360052,2354.0638882680078,-40.6,0.2436,203.5,0.23896482109112688,long_nclose,48.62934109204432,0.020666072550579756,6.0
1705845900000.0,555243,1705845900000.0,0.1571325650107992,-0.001651608,2353.2557603170626,2354.0927666600073,-33.9,0.2436,169.6,0.23896482109112688,long_nclose,40.52843365705512,0.017222281717306654,2.0
1705849020000.0,555295,1705849020000.0,0.13071204523022234,-0.0013739040000000002,2353.3850984582928,2354.0546527560073,-28.2,0.2436,141.4,0.23896482109112688,long_nclose,33.78962570228534,0.014357882067164015,52.0
1705850820000.0,555325,1705850820000.0,0.19557204523022226,-0.001386876,2353.5792836275227,2354.375665880007,-28.2,0.2459,113.2,0.23896482109112688,long_nclose,27.050817747515563,0.011493480562007115,30.0
1705850940000.0,555327,1705850940000.0,0.15673504334053273,-0.0011114680000000002,2353.7349072028633,2354.3994744120073,-22.6,0.2459,90.6,0.23896482109112688,long_nclose,21.650212790856095,0.0091982375434899,2.0
1705852740000.0,555357,1705852740000.0,0.0699912015239843,-0.000735672,2353.8041627323873,2354.1616687400074,-15.1,0.2436,75.5,0.23896482109112688,long_nclose,18.04184399238008,0.007664972421255474,30.0
1705853220000.0,555365,1705853220000.0,0.057939736360914165,-0.0006090000000000001,2353.861493468748,2354.229109740007,-12.5,0.2436,63.0,0.23896482109112688,long_nclose,15.054783728740993,0.0063957814724925205,8.0
1705853640000.0,555372,1705853640000.0,0.0486693785431679,-0.0005115600000000001,2353.909651287291,2354.1529981800068,-10.5,0.2436,52.5,0.23896482109112688,long_nclose,12.545653107284162,0.005329708852853921,7.0
1705853700000.0,555373,1705853700000.0,0.040326056507196256,-0.00042386400000000003,2353.9495534797984,2354.161334316007,-8.7,0.2436,43.8,0.23896482109112688,long_nclose,10.466659163791357,0.004446424583873811,1.0
1705853880000.0,555376,1705853880000.0,0.03383680603477387,-0.00035565600000000004,2353.983034629833,2354.155868660007,-7.3,0.2436,36.5,0.23896482109112688,long_nclose,8.72221596982613,0.003705301117940177,3.0
1705854660000.0,555389,1705854660000.0,0.0,-0.021781580000000002,2353.961253049833,2354.377417080007,451.9,0.241,488.4,0.2408479032961223,long_ientry_partial,117.63011596982612,0.04997113517370879,13.0
1705854660000.0,555389,1705854660000.0,0.002350902860163995,-0.000250952,2353.963353000693,2354.375086128007,-5.2,0.2413,483.2,0.2408479032961223,long_nclose,116.37770687268629,0.049439047861273996,0.0
1705854960000.0,555394,1705854960000.0,0.16229467256756158,-0.00335616,2354.1222915132607,2355.137949968007,-69.0,0.2432,414.2,0.2408479032961223,long_nclose,99.75920154525386,0.042376388815861955,5.0
1705855920000.0,555410,1705855920000.0,0.13900891519917233,-0.002874624,2354.25842580446,2355.058145344007,-59.1,0.2432,355.1,0.2408479032961223,long_nclose,85.52509046045303,0.03632782600373566,16.0
1705856040000.0,555412,1705856040000.0,0.1192513028865996,-0.002466048,2354.375211059347,2355.121629296007,-50.7,0.2432,304.4,0.2408479032961223,long_nclose,73.31410176333962,0.031139514814357935,2.0
1705856520000.0,555420,1705856520000.0,0.10208099694829235,-0.002110976,2354.475181080295,2355.115178320007,-43.4,0.2432,261.0,0.2408479032961223,long_nclose,62.86130276028792,0.026698647437619412,8.0
1705856640000.0,555422,1705856640000.0,0.0874979973842506,-0.0018094080000000002,2354.560869669679,2355.087268912007,-37.2,0.2432,223.8,0.2408479032961223,long_nclose,53.90176075767217,0.02289248982772488,2.0
1705856700000.0,555423,1705856700000.0,0.07503188485369876,-0.001551616,2354.6343499385325,2355.2008572960067,-31.9,0.2432,191.9,0.2408479032961223,long_nclose,46.21871264252587,0.019628827993498188,1.0
1705857420000.0,555435,1705857420000.0,0.06444744968624909,-0.001332736,2354.6974646522185,2355.100834560006,-27.4,0.2432,164.5,0.2408479032961223,long_nclose,39.619480092212115,0.01682571994362927,12.0
1705857900000.0,555443,1705857900000.0,0.055274272541126046,-0.0011430400000000001,2354.75159588476,2355.0973415200065,-23.5,0.2432,141.0,0.2408479032961223,long_nclose,33.959554364753245,0.014421714130739761,8.0
1705858620000.0,555455,1705858620000.0,0.047277143747941855,-0.000977664,2354.797895364508,2355.094353856007,-20.1,0.2432,120.9,0.2408479032961223,long_nclose,29.118511508501186,0.01236560962018094,12.0
1705858860000.0,555459,1705858860000.0,0.04045606330669651,-0.0008366080000000001,2354.8375148198147,2355.102167248007,-17.2,0.2432,103.7,0.2408479032961223,long_nclose,24.975927571807883,0.010606221199817674,4.0
1705859100000.0,555463,1705859100000.0,0.03481103121739002,-0.0007198720000000001,2354.871605979032,2355.089597376007,-14.8,0.2432,88.9,0.2408479032961223,long_nclose,21.411378603025273,0.009092376224954967,4.0
1705861620000.0,555505,1705861620000.0,0.06885103121738997,-0.0007266800000000001,2354.93973033025,2355.291860696007,-14.8,0.2455,74.1,0.2408479032961223,long_nclose,17.84682963424266,0.007578465556628013,42.0
1705861800000.0,555508,1705861800000.0,0.05722078945769572,-0.00060393,2354.9963471897076,2355.2962067660073,-12.3,0.2455,61.8,0.2408479032961223,long_nclose,14.884400423700358,0.006320349686088638,3.0
1705864020000.0,555545,1705864020000.0,0.020698450994123797,-0.00042803200000000007,2355.016617608702,2355.157178734007,-8.8,0.2432,53.0,0.2408479032961223,long_nclose,12.764938874694481,0.005420317962620611,37.0
1705868940000.0,555627,1705868940000.0,0.01764072527908278,-0.00036480000000000003,2355.033893533981,2355.1454639340072,-7.5,0.2432,45.5,0.2408479032961223,long_nclose,10.958579599973564,0.004653257700477949,82.0
1705869060000.0,555629,1705869060000.0,0.015288628575205077,-0.00031616,2355.048866002556,2355.1678977740075,-6.5,0.2432,39.0,0.2408479032961223,long_nclose,9.393068228548769,0.003988481243063334,2.0
1705870560000.0,555654,1705870560000.0,0.012936531871327372,-0.00026752,2355.0615350144276,2355.1503802540074,-5.5,0.2432,33.5,0.2408479032961223,long_nclose,8.068404760420098,0.003425984688918402,25.0
1705872060000.0,555679,1705872060000.0,0.01105485450822521,-0.00022860800000000002,2355.072361260936,2355.1372216460077,-4.7,0.2432,28.8,0.2408479032961223,long_nclose,6.936419614928322,0.0029453106108444475,25.0
1705872420000.0,555685,1705872420000.0,0.009643596485898586,-0.000199424,2355.081805433422,2355.1423722220075,-4.1,0.2432,24.7,0.2408479032961223,long_nclose,5.94894321141422,0.002526002790089661,6.0
1705873980000.0,555711,1705873980000.0,0.008232338463571964,-0.00017024,2355.0898675318854,2355.1418519820077,-3.5,0.2432,21.2,0.2408479032961223,long_nclose,5.105975549877792,0.0021680597501906847,26.0
1705874100000.0,555713,1705874100000.0,0.007056290111633112,-0.00014592,2355.096777901997,2355.1468660620076,-3.0,0.2432,18.2,0.2408479032961223,long_nclose,4.383431839989425,0.0018612533808034593,2.0
1705876380000.0,555751,1705876380000.0,0.006115451430082031,-0.00012646400000000001,2355.102766889427,2355.1410195980075,-2.6,0.2432,15.6,0.2408479032961223,long_nclose,3.7572272914195075,0.001595355983714451,38.0
1705877460000.0,555769,1705877460000.0,0.0,-0.022795864000000002,2355.0799710254273,2354.9552037340077,470.6,0.2422,486.2,0.24215661721805742,long_ientry_partial,117.73654729141951,0.04999258995020697,18.0
1705899600000.0,556138,1705899600000.0,0.0,-0.023548824,2355.0564222014273,2352.018714910008,500.4,0.2353,986.6,0.2386789654281568,long_rentry,235.4806672914195,0.09998939518879982,369.0
1705902240000.0,556182,1705902240000.0,0.32703377117270455,-0.00679138,2355.3766645926003,2357.424133530008,-140.9,0.241,845.7,0.2386789654281568,long_nclose,201.8508010625922,0.08569788607356586,44.0
1705902660000.0,556189,1705902660000.0,0.28038097627865655,-0.00582256,2355.651223008879,2357.696190970008,-120.8,0.241,724.9,0.2386789654281568,long_nclose,173.01838203887087,0.0734482169299554,7.0
1705903440000.0,556202,1705903440000.0,0.5582209762786561,-0.005878128,2356.2035658571576,2358.995132842008,-120.8,0.2433,604.1,0.2386789654281568,long_nclose,144.18596301514953,0.061194187592486925,13.0
1705903500000.0,556203,1705903500000.0,0.46487607792742386,-0.004895195999999999,2356.663546739085,2359.040587646008,-100.6,0.2433,503.5,0.2386789654281568,long_nclose,120.17485909307695,0.05099364279613137,1.0
1705903740000.0,556207,1705903740000.0,0.6969481813846107,-0.004946384000000001,2357.3555485364695,2360.304461262008,-100.7,0.2456,402.8,0.2386789654281568,long_nclose,96.13988727446157,0.04078293888851372,4.0
1705903980000.0,556211,1705903980000.0,0.9285581813846103,-0.004992706,2358.2791140118543,2361.578358556008,-100.7,0.2479,302.1,0.2386789654281568,long_nclose,72.10491545584618,0.030575225395259864,4.0
1705904040000.0,556212,1705904040000.0,1.1601681813846072,-0.005039028,2359.434243165239,2361.7142995280083,-100.7,0.2502,201.4,0.2386789654281568,long_nclose,48.069943637230786,0.02037350427394992,1.0
1705904100000.0,556213,1705904100000.0,0.7730614197706767,-0.0033576839999999997,2360.2039469010097,2361.455761844008,-67.1,0.2502,134.3,0.2386789654281568,long_nclose,32.05458505700146,0.013581277626066895,1.0
1705904220000.0,556215,1705904220000.0,0.3089046581567472,-0.0016609300000000001,2360.5111906291663,2361.692670914008,-33.5,0.2479,100.8,0.2386789654281568,long_nclose,24.058839715158207,0.010192215910972068,2.0
1705904220000.0,556215,1705904220000.0,0.3859546581567462,-0.00167634,2360.895468947323,2361.684294574008,-33.5,0.2502,67.3,0.2386789654281568,long_nclose,16.063094373314954,0.006803814308846623,0.0
1705904340000.0,556217,1705904340000.0,0.46438676161393133,-0.0016968,2361.358158908937,2361.8306677740084,-33.6,0.2525,33.7,0.2386789654281568,long_nclose,8.043481134928886,0.003406294426189616,2.0
1705904460000.0,556219,1705904460000.0,0.1290355872046435,-0.000560448,2361.4866340481417,2361.7413573260083,-11.2,0.2502,22.5,0.2386789654281568,long_nclose,5.370276722133529,0.002274108455539981,2.0
1705904580000.0,556221,1705904580000.0,0.08640775928882377,-0.00037529999999999996,2361.5726665074303,2361.7544820260077,-7.5,0.2502,15.0,0.2386789654281568,long_nclose,3.5801844814223522,0.0015160170729436615,2.0
1705904700000.0,556223,1705904700000.0,0.05760517285921585,-0.0002502,2361.6300214802895,2361.745231826008,-5.0,0.2502,10.0,0.2386789654281568,long_nclose,2.386789654281568,0.001010653503119641,2.0
1705904760000.0,556224,1705904760000.0,0.03801941408708246,-0.00016513199999999996,2361.6678757623768,2361.743056694008,-3.3,0.2502,6.7,0.2386789654281568,long_nclose,1.5991490683686507,0.0006771269935034472,1.0
1705905000000.0,556228,1705905000000.0,0.014753655314949122,-7.932800000000001e-05,2361.6825500896916,2361.731107366008,-1.6,0.2479,5.1,0.2386789654281568,long_nclose,1.2172627236835996,0.0005154218223094254,4.0
1705905120000.0,556230,1705905120000.0,0.019585758772133387,-8.506799999999999e-05,2361.702050780464,2361.7412222980083,-1.7,0.2502,3.4,0.2386789654281568,long_nclose,0.8115084824557331,0.00034361171096394507,2.0
1705905180000.0,556231,1705905180000.0,0.012673138029027487,-5.5044000000000004e-05,2361.7146688744933,2361.7402472540084,-1.1,0.2502,2.3,0.2386789654281568,long_nclose,0.5489616204847606,0.00023244197435009183,1.0
1705905480000.0,556236,1705905480000.0,0.008064724200290219,-3.5028e-05,2361.7226985706934,2361.7451322260085,-0.7,0.2502,1.6,0.2386789654281568,long_nclose,0.3818863446850509,0.00016169821500050248,5.0
1705905480000.0,556236,1705905480000.0,0.009674724200290235,-3.535e-05,2361.7323379448935,2361.744956876008,-0.7,0.2525,0.9,0.2386789654281568,long_nclose,0.21481106888534113,9.095487470534578e-05,0.0
1705905660000.0,556239,1705905660000.0,0.005528413828737278,-2.0200000000000003e-05,2361.7378461587223,2361.745556676008,-0.4,0.2525,0.5,0.2386789654281568,long_nclose,0.1193394827140784,5.053036809660292e-05,3.0
1705905720000.0,556240,1705905720000.0,0.008010517285921587,-2.547e-05,2361.7458312060085,2361.7458312060085,-0.5,0.2547,0.0,0.2386789654281568,long_nclose,0.0,0.0,1.0
1705916160000.0,556414,1705916160000.0,0.0,-0.023617,2361.7222142060086,2361.8647142060086,475.0,0.2486,475.0,0.2486,long_ientry_normal,118.085,0.049999529703242084,174.0
1705919220000.0,556465,1705919220000.0,0.0,-0.023618816,2361.6985953900084,2358.6627353900085,488.8,0.2416,963.8,0.24504988586843746,long_rentry,236.17908,0.10000390416500105,51.0
1705922220000.0,556515,1705922220000.0,0.3233757045030073,-0.006808448,2362.0151626465117,2363.2958669420086,-137.6,0.2474,826.2,0.24504988586843746,long_nclose,202.46021570450304,0.08571503642578535,50.0
1705922280000.0,556516,1705922280000.0,0.27731346752438124,-0.005838640000000001,2362.286637474036,2363.6677083020086,-118.0,0.2474,708.2,0.24504988586843746,long_nclose,173.5443291720274,0.0734645518537057,1.0
1705922340000.0,556517,1705922340000.0,0.23759653870097408,-0.005002428,2362.519231584737,2364.0674058740087,-101.1,0.2474,607.1,0.24504988586843746,long_nclose,148.76978571072837,0.06297082526220799,1.0
1705922640000.0,556522,1705922640000.0,0.4802365387009726,-0.005050956,2362.994417167438,2365.3979749180085,-101.1,0.2498,506.0,0.24504988586843746,long_nclose,123.99524224942935,0.05247377706379205,5.0
1705922700000.0,556523,1705922700000.0,0.400434621290722,-0.004211628,2363.3906401607283,2365.562443290008,-84.3,0.2498,421.7,0.24504988586843746,long_nclose,103.33753687072007,0.04372427271003,1.0
1705922880000.0,556526,1705922880000.0,0.3334580120356902,-0.003507192,2363.720590980764,2365.7066060980083,-70.2,0.2498,351.5,0.24504988586843746,long_nclose,86.13503488275576,0.036440446984902,3.0
1705923180000.0,556531,1705923180000.0,0.2778816766964085,-0.00292266,2363.9955499974603,2365.328733438008,-58.5,0.2498,293.0,0.24504988586843746,long_nclose,71.79961655945218,0.030372145395759866,5.0
1705923600000.0,556538,1705923600000.0,0.0,-0.0091501,2363.98639989746,2364.263283338008,185.0,0.2473,478.0,0.24592074594027652,long_ientry_partial,117.55011655945218,0.04972537767753275,7.0
1705931880000.0,556676,1705931880000.0,0.0,-0.02364188,2363.96275801746,2361.238201458008,494.6,0.239,972.6,0.24240131252257063,long_rentry,235.7595165594522,0.0997306390550637,138.0
1705934880000.0,556726,1705934880000.0,0.0,-0.023641656,2363.93911636146,2356.395239802008,502.8,0.2351,1475.4,0.23991310597766854,long_rentry,353.9677965594522,0.14973642684346042,50.0
1705936560000.0,556754,1705936560000.0,0.0,-0.033933708,2363.90518265346,2350.5397760940077,730.7,0.2322,2206.1,0.23735838654614577,long_rentry,523.6363365594522,0.22151325713143688,28.0
1705949340000.0,556967,1705949340000.0,0.0,-0.050062932,2363.85511972146,2348.605123162008,1092.6,0.2291,3298.7,0.23462303227315373,long_rentry,773.9509965594522,0.3274105041812584,213.0
1705952520000.0,557020,1705952520000.0,0.0,-0.07367987000000001,2363.78143985146,2333.687293292008,1633.7,0.2255,4932.4,0.23160131914675458,long_rentry,1142.3503465594522,0.4832724072117418,53.0
1705982460000.0,557519,1705982460000.0,1.549190529196728,-0.03294709600000001,2365.297683284657,2375.438826196008,-704.6,0.2338,4227.8,0.23160131914675458,long_nclose,979.1640570886491,0.4139707504929769,499.0
1705982760000.0,557524,1705982760000.0,1.3277833672749133,-0.028238364000000002,2366.597228287932,2374.565027832008,-603.9,0.2338,3623.9,0.23160131914675458,long_nclose,839.3000204559239,0.3546442167783231,5.0
1705982820000.0,557525,1705982820000.0,1.1382570777251577,-0.024207652000000003,2367.711277713657,2376.0939201800084,-517.7,0.2338,3106.2,0.23160131914675458,long_nclose,719.400017533649,0.3038377289938519,1.0
1705983480000.0,557536,1705983480000.0,0.975554694584996,-0.020747412,2368.666084996242,2374.7863227680077,-443.7,0.2338,2662.5,0.23160131914675458,long_nclose,616.638512228234,0.2603315495308459,11.0
1705983660000.0,557539,1705983660000.0,0.836158328489236,-0.017782828,2369.484460496731,2374.502289940008,-380.3,0.2338,2282.2,0.23160131914675458,long_nclose,528.5605305567233,0.2230698446724219,3.0
1705983720000.0,557540,1705983720000.0,0.7167699581580093,-0.01524376,2370.185986694889,2374.682666180008,-326.0,0.2338,1956.2,0.23160131914675458,long_nclose,453.0585005148813,0.19114892377988013,1.0
1705983840000.0,557542,1705983840000.0,0.6143114303967723,-0.013064744,2370.7872333812857,2374.641661436008,-279.4,0.2338,1676.8,0.23160131914675458,long_nclose,388.3490919452781,0.16380596557853203,2.0
1705984140000.0,557547,1705984140000.0,0.5265840643522798,-0.01119902,2371.3026184256382,2374.6065124160077,-239.5,0.2338,1437.3,0.23160131914675458,long_nclose,332.8805760096304,0.14037878313086727,5.0
1705984320000.0,557550,1705984320000.0,0.45138917917128624,-0.009599828000000001,2371.7444077768096,2374.699582588008,-205.3,0.2338,1232.0,0.23160131914675458,long_nclose,285.3328251888016,0.12030504815494122,3.0
1705984500000.0,557553,1705984500000.0,0.3869678301711952,-0.008229760000000001,2372.1231458469806,2374.6561528280076,-176.0,0.2338,1056.0,0.23160131914675458,long_nclose,244.57099301897284,0.10310214857401398,3.0
1705984920000.0,557560,1705984920000.0,0.33156107266941043,-0.007051408000000001,2372.4476555116503,2374.437901420008,-150.8,0.2338,905.2,0.23160131914675458,long_nclose,209.64551409164227,0.08836676063414743,7.0
1705984980000.0,557561,1705984980000.0,0.28428943432463377,-0.006046068000000002,2372.725898877975,2374.742215352008,-129.3,0.2338,775.9,0.23160131914675458,long_nclose,179.69946352596688,0.07573544993584971,1.0
1705988760000.0,557624,1705988760000.0,0.2436138385395933,-0.005181008,2372.9643317085147,2374.3601643440084,-110.8,0.2338,665.1,0.23160131914675458,long_nclose,154.03803736450647,0.06491376010426603,63.0
1706001000000.0,557828,1706001000000.0,0.0,-0.023731448000000002,2372.9406002605147,2368.602822896008,527.6,0.2249,1192.7,0.2286369391837901,long_rentry,272.69527736450647,0.11491871197052655,204.0
1706002080000.0,557846,1706002080000.0,0.0,-0.026179824000000004,2372.914420436515,2362.9164030720085,590.7,0.2216,1783.4,0.2263061553013942,long_rentry,403.59439736450645,0.17008384031408194,18.0
1706002140000.0,557847,1706002140000.0,0.0,-0.03866649600000001,2372.8757539405146,2359.400956576008,883.2,0.2189,2666.6,0.22385317534107346,long_rentry,596.9268773645065,0.25156263507401105,1.0
1706018640000.0,558122,1706018640000.0,0.0,-0.05700141200000001,2372.818752528515,2352.1416151640083,1320.7,0.2158,3987.3,0.22118574909450167,long_rentry,881.9339373645065,0.37168196535226433,275.0
1706024400000.0,558218,1706024400000.0,1.2042773157718472,-0.025438336000000002,2373.9975915082864,2383.615856828008,-569.6,0.2233,3417.7,0.22118574909450167,long_nclose,755.9465346802783,0.31842767548892004,96.0
1706024820000.0,558225,1706024820000.0,1.0321772920642833,-0.021803012,2375.0079657883507,2381.494613816008,-488.2,0.2233,2929.5,0.22118574909450167,long_nclose,647.9636519723426,0.2728258857680337,7.0
1706024940000.0,558227,1706024940000.0,0.8848140039510499,-0.01869021,2375.8740895823016,2381.685173606008,-418.5,0.2233,2511.0,0.22118574909450167,long_nclose,555.3974159762937,0.23376550904426807,2.0
1706025600000.0,558238,1706025600000.0,0.75838179980225,-0.016019541999999998,2376.616451840104,2381.166954064008,-358.7,0.2233,2152.3,0.22118574909450167,long_nclose,476.058087776096,0.20030917795233902,11.0
1706025960000.0,558244,1706025960000.0,0.6499207283501858,-0.013728484,2377.2526440844545,2381.337715580008,-307.4,0.2233,1844.9,0.22118574909450167,long_nclose,408.06558850444617,0.17165427895090363,6.0
1706027160000.0,558264,1706027160000.0,0.5571051135988092,-0.011767910000000001,2377.7979812880535,2381.1414576700085,-263.5,0.2233,1581.4,0.22118574909450167,long_nclose,349.78314361804496,0.14710381048795718,20.0
1706027220000.0,558265,1706027220000.0,0.4776092795520721,-0.010088694,2378.2655018736054,2381.1313689760086,-225.9,0.2233,1355.5,0.22118574909450167,long_nclose,299.817282897597,0.12606552239916022,1.0
1706027520000.0,558270,1706027520000.0,0.40931897530447614,-0.008646176,2378.6661746729096,2381.5874828000083,-193.6,0.2233,1161.9,0.22118574909450167,long_nclose,256.9957218729015,0.1080419457800719,5.0
1706028240000.0,558282,1706028240000.0,0.3507542252221725,-0.007409094000000001,2379.0095198041317,2381.2149137060082,-165.9,0.2233,996.0,0.22118574909450167,long_nclose,220.30100609812365,0.09260198593751799,12.0
1706028420000.0,558285,1706028420000.0,0.3006464787618621,-0.006350652,2379.3038156308935,2381.1943430540077,-142.2,0.2233,853.8,0.22118574909450167,long_nclose,188.84839257688552,0.079371281353916,3.0
1706028720000.0,558290,1706028720000.0,0.2577271853802461,-0.005444054000000001,2379.556098762274,2381.542659000008,-121.9,0.2233,731.9,0.22118574909450167,long_nclose,161.88584976226576,0.06803195345823983,5.0
1706029260000.0,558299,1706029260000.0,0.525907185380247,-0.00549769,2380.076508257654,2382.769201310008,-121.9,0.2255,610.0,0.22118574909450167,long_nclose,134.923306947646,0.05668864277241963,9.0
1706030220000.0,558315,1706030220000.0,0.1841512538689043,-0.003889886,2380.2567696255232,2381.4668914240083,-87.1,0.2233,522.9,0.22118574909450167,long_nclose,115.65802820151492,0.0485905679073905,16.0
1706031240000.0,558332,1706031240000.0,0.3757712538689049,-0.0039282100000000006,2380.628612669392,2382.5087632140085,-87.1,0.2255,435.8,0.22118574909450167,long_nclose,96.39274945538384,0.040490460772585155,17.0
1706031300000.0,558333,1706031300000.0,0.3132146157391791,-0.0032742599999999998,2380.938553025131,2382.505488954008,-72.6,0.2255,363.2,0.22118574909450167,long_nclose,80.334664071123,0.033740754867047196,1.0
1706033220000.0,558365,1706033220000.0,0.26101217978264923,-0.00272855,2381.1968366549136,2382.533030404008,-60.5,0.2255,302.7,0.22118574909450167,long_nclose,66.95292625090565,0.02811734217863341,32.0
1706033400000.0,558368,1706033400000.0,0.21743824563711606,-0.00227304,2381.4120018605504,2382.5761773640074,-50.4,0.2255,252.3,0.22118574909450167,long_nclose,55.80516449654277,0.023433645439320576,3.0
1706035140000.0,558397,1706035140000.0,0.07611303259793978,-0.0016077600000000002,2381.4865071331483,2381.9870796040077,-36.0,0.2233,216.3,0.22118574909450167,long_nclose,47.842477529140716,0.0200893338617878,29.0
1706035260000.0,558399,1706035260000.0,0.06533035297989831,-0.001379994,2381.550457492128,2381.942439610007,-30.9,0.2233,185.4,0.22118574909450167,long_nclose,41.00783788212061,0.01721896664129618,2.0
1706035320000.0,558400,1706035320000.0,0.05581622390515584,-0.0011790239999999999,2381.605094692033,2381.9094605860073,-26.4,0.2233,159.0,0.22118574909450167,long_nclose,35.16853410602577,0.014766736174862538,1.0
1706035800000.0,558408,1706035800000.0,0.04799349555481203,-0.001013782,2381.652074405588,2381.9675068040074,-22.7,0.2233,136.3,0.22118574909450167,long_nclose,30.14761760158058,0.012658279488243393,8.0
1706035980000.0,558411,1706035980000.0,0.04101646756666755,-0.0008664040000000001,2381.6922244691546,2381.951070400007,-19.4,0.2233,116.9,0.22118574909450167,long_nclose,25.85661406914725,0.010856404452053128,3.0
1706036280000.0,558416,1706036280000.0,0.0,-0.018619328,2381.6736051411544,2381.7084510720074,418.6,0.2224,535.5,0.22213492823370168,long_ientry_partial,118.95325406914725,0.049945237589387174,5.0
1706047620000.0,558605,1706047620000.0,0.16562799012182156,-0.0034317900000000005,2381.8358013412762,2382.875469282007,-76.5,0.2243,459.0,0.22213492823370168,long_nclose,101.95993205926906,0.04280728839572093,189.0
1706047860000.0,558609,1706047860000.0,0.14181220069254002,-0.00293833,2381.974675211969,2382.9840309520073,-65.5,0.2243,393.5,0.22213492823370168,long_nclose,87.41009425996161,0.03669648345534282,4.0
1706048160000.0,558614,1706048160000.0,0.12167703326596564,-0.002521132,2382.093831113235,2382.9252998200072,-56.2,0.2243,337.3,0.22213492823370168,long_nclose,74.92611129322758,0.03145388746429523,5.0
1706049300000.0,558633,1706049300000.0,0.23969703326596514,-0.002544736,2382.330983410501,2383.5298950840074,-56.2,0.2264,281.1,0.22213492823370168,long_nclose,62.442128326493545,0.026210517665812557,19.0
1706049420000.0,558635,1706049420000.0,0.19960535866276097,-0.0021191039999999997,2382.528469665164,2383.5512059800076,-46.8,0.2264,234.3,0.22213492823370168,long_nclose,52.0462136851563,0.021844949324979435,2.0
1706049660000.0,558639,1706049660000.0,0.16633779888563416,-0.00176592,2382.6930415440497,2383.643190060008,-39.0,0.2264,195.3,0.22213492823370168,long_nclose,43.38295148404194,0.018207528509811156,4.0
1706052360000.0,558684,1706052360000.0,0.2521377988856345,-0.00178308,2382.943396262935,2384.0007769800077,-39.0,0.2286,156.3,0.22213492823370168,long_nclose,34.719689282927575,0.014570085608150379,45.0
1706052840000.0,558692,1706052840000.0,0.20171023910850755,-0.0014264640000000001,2383.143680038044,2383.9399505160077,-31.2,0.2286,125.1,0.22213492823370168,long_nclose,27.78907952203608,0.011660681542118544,8.0
1706053020000.0,558695,1706053020000.0,0.16162679415745798,-0.001143,2383.3041638322015,2383.951317516008,-25.0,0.2286,100.1,0.22213492823370168,long_nclose,22.235706316193536,0.009329781172554969,3.0
1706053080000.0,558696,1706053080000.0,0.12930143532596639,-0.0009144000000000001,2383.4325508675274,2383.950403116008,-20.0,0.2286,80.1,0.22213492823370168,long_nclose,17.793007751519504,0.0074652868800684806,1.0
1706053260000.0,558699,1706053260000.0,0.10344114826077311,-0.00073152,2383.535260495788,2383.9432615960077,-16.0,0.2286,64.1,0.22213492823370168,long_nclose,14.238848899780276,0.005973836064341888,3.0
1706053680000.0,558706,1706053680000.0,0.0827529186086185,-0.0005852160000000001,2383.6174281983963,2383.9542163800074,-12.8,0.2286,51.3,0.22213492823370168,long_nclose,11.395521818388895,0.0047807679552846465,7.0
1706054460000.0,558719,1706054460000.0,0.10963291860861837,-0.000590592,2383.7264705250045,2384.060075788007,-12.8,0.2307,38.5,0.22213492823370168,long_nclose,8.552194736997514,0.003587741648526449,13.0
1706054700000.0,558723,1706054700000.0,0.08222468895646377,-0.00044294399999999997,2383.808252269961,2384.061562844007,-9.6,0.2307,28.9,0.22213492823370168,long_nclose,6.419699425953978,0.0026930435448576347,4.0
1706055240000.0,558732,1706055240000.0,0.061668516717347834,-0.00033220799999999996,2383.8695885786783,2384.057620636007,-7.2,0.2307,21.7,0.22213492823370168,long_nclose,4.820327942671327,0.0020220602526941603,9.0
1706055360000.0,558734,1706055360000.0,0.04625138753801088,-0.00024915600000000005,2383.9155908102166,2384.056831480007,-5.4,0.2307,16.3,0.22213492823370168,long_nclose,3.6207993302093375,0.0015188454424171721,2.0
1706056020000.0,558745,1706056020000.0,0.05759138753801098,-0.00025142400000000004,2383.972930773755,2384.0913600560075,-5.4,0.2328,10.9,0.22213492823370168,long_nclose,2.4212707177473485,0.0010156452225157976,11.0
1706056440000.0,558752,1706056440000.0,0.06947138753801087,-0.0002538,2384.042148361293,2384.1129062560076,-5.4,0.235,5.5,0.22213492823370168,long_nclose,1.2217421052853592,0.0005124666550568922,7.0
1706056500000.0,558753,1706056500000.0,0.034735693769005434,-0.0001269,2384.0767571550623,2384.114739356008,-2.7,0.235,2.8,0.22213492823370168,long_nclose,0.6219777990543647,0.00026088832802370664,1.0
1706056560000.0,558754,1706056560000.0,0.041902200945635314,-0.000132776,2384.1185265800077,2384.1185265800077,-2.8,0.2371,0.0,0.22213492823370168,long_nclose,0.0,0.0,1.0
1706100960000.0,559494,1706100960000.0,0.0,-0.023841792,2384.0946847880077,2384.042944788008,517.4,0.2304,517.4,0.2304,long_ientry_normal,119.20895999999999,0.05000177248018989,740.0
1706115600000.0,559738,1706115600000.0,0.16258000000000056,-0.0034378280000000004,2384.2538269600077,2384.963426960008,-73.9,0.2326,443.5,0.2304,long_nclose,102.1824,0.04285718191770106,244.0
1706117880000.0,559776,1706117880000.0,0.13926000000000047,-0.002944716,2384.3901422440076,2385.3026222440076,-63.3,0.2326,380.2,0.2304,long_nclose,87.59808,0.03673814886583926,38.0
1706118240000.0,559782,1706118240000.0,0.1194600000000004,-0.002526036,2384.5070762080077,2385.224056208008,-54.3,0.2326,325.9,0.2304,long_nclose,75.08735999999999,0.0314896779922367,6.0
1706119620000.0,559805,1706119620000.0,0.0,-0.008860346,2384.498215862008,2384.335265862008,192.7,0.2299,518.6,0.23021421133821823,long_ientry_partial,119.38908999999998,0.05006885272792718,23.0
1706137740000.0,560107,1706137740000.0,0.1617483609718504,-0.0034395200000000006,2384.65652470298,2385.672786342008,-74.0,0.2324,444.6,0.23021421133821823,long_nclose,102.35323836097183,0.04292158526843626,302.0
1706137980000.0,560111,1706137980000.0,0.1387975800231419,-0.0029514800000000002,2384.792370803003,2385.663484862008,-63.5,0.2324,381.1,0.23021421133821823,long_nclose,87.73463594099498,0.03678921360833318,4.0
1706138100000.0,560113,1706138100000.0,0.11890690320092787,-0.002528512,2384.908749194204,2385.557506350008,-54.4,0.2324,326.7,0.23021421133821823,long_nclose,75.2109828441959,0.03153620987369334,2.0
1706138160000.0,560114,1706138160000.0,0.10185775163903013,-0.0021659680000000003,2385.008440977843,2385.6767003820078,-46.6,0.2324,280.1,0.23021421133821823,long_nclose,64.48300059583494,0.027036801835970525,1.0
1706138280000.0,560116,1706138280000.0,0.0874315464712705,-0.0018591999999999999,2385.094013324314,2385.666841182008,-40.0,0.2324,240.1,0.23021421133821823,long_nclose,55.274432142306196,0.023174949009773158,2.0
1706140560000.0,560154,1706140560000.0,0.07497255109911444,-0.001594264,2385.167391611413,2385.6378069180078,-34.3,0.2324,205.8,0.23021421133821823,long_nclose,47.37808469340531,0.019863630896528733,38.0
1706140980000.0,560161,1706140980000.0,0.06426218665638381,-0.001366512,2385.2302872860696,2385.633500406008,-29.4,0.2324,176.4,0.23021421133821823,long_nclose,40.6097868800617,0.017025520385399673,7.0
1706141400000.0,560168,1706141400000.0,0.05508187427690041,-0.001171296,2385.2841978643464,2385.690289110008,-25.2,0.2324,151.2,0.23021421133821823,long_nclose,34.808388754338594,0.014592973359528449,7.0
1706142960000.0,560194,1706142960000.0,0.04721303509448607,-0.001003968,2385.330406931441,2385.626645142008,-21.6,0.2324,129.6,0.23021421133821823,long_nclose,29.835761789433082,0.012508020567186197,26.0
1706143200000.0,560198,1706143200000.0,0.0404370902429626,-0.0008598800000000001,2385.3699841416837,2385.6461552620076,-18.5,0.2324,111.1,0.23021421133821823,long_nclose,25.576798879676044,0.010722361331665377,4.0
1706144400000.0,560218,1706144400000.0,0.03453546085615185,-0.000734384,2385.4037852185397,2385.6120908780076,-15.8,0.2324,95.3,0.23021421133821823,long_nclose,21.939414340532196,0.009197358735021127,20.0
1706147580000.0,560271,1706147580000.0,0.0,-0.019473252,2385.38431196654,2385.3448376260076,423.7,0.2298,519.0,0.2298760584595996,long_ientry_partial,119.30567434053219,0.05001528422150775,53.0
1706202480000.0,561186,1706202480000.0,0.0,-0.023854652,2385.36045731454,2381.2623529740076,533.9,0.2234,1052.9,0.2265922066108198,long_rentry,238.5789343405322,0.10001797992791685,915.0
1706210520000.0,561320,1706210520000.0,0.3320521257327023,-0.0068823040000000005,2385.6856271362726,2387.7684106700076,-150.4,0.2288,902.5,0.2265922066108198,long_nclose,204.49946646626486,0.08571936894792873,134.0
1706210820000.0,561325,1706210820000.0,0.284584567865328,-0.005898464000000001,2385.964313240138,2387.7496222060076,-128.9,0.2288,773.6,0.2265922066108198,long_nclose,175.2917310341302,0.07346787630536022,5.0
1706211180000.0,561331,1706211180000.0,0.24396116950441227,-0.00505648,2386.2032179296425,2387.9324457260077,-110.5,0.2288,663.1,0.2265922066108198,long_nclose,150.25329220363463,0.06296751721506767,6.0
1706213820000.0,561375,1706213820000.0,0.2090780339553651,-0.0043334720000000005,2386.407962491598,2387.776552254008,-94.7,0.2288,568.4,0.2265922066108198,long_nclose,128.79501023758996,0.05397023990110971,44.0
1706215920000.0,561410,1706215920000.0,0.17927282320143237,-0.003715712,2386.5835196027992,2387.7565965420076,-81.2,0.2288,487.2,0.2265922066108198,long_nclose,110.39572306079141,0.04625680272826348,35.0
1706216340000.0,561417,1706216340000.0,0.15366241988694201,-0.003184896,2386.733997126686,2387.948291646008,-69.6,0.2288,417.6,0.2265922066108198,long_nclose,94.62490548067835,0.03964618830359575,7.0
1706218980000.0,561461,1706218980000.0,0.13158448599514003,-0.002727296,2386.862854316681,2387.7248443500075,-59.6,0.2288,358.0,0.2265922066108198,long_nclose,81.12000996667349,0.03398603728738189,44.0
1706220300000.0,561483,1706220300000.0,0.1128182421871083,-0.002338336,2386.9733342228683,2387.6815960140075,-51.1,0.2288,306.9,0.2265922066108198,long_nclose,69.54114820886059,0.02913360916597807,22.0
1706220720000.0,561490,1706220720000.0,0.09670135044609282,-0.0020042880000000003,2387.068031285314,2387.6752117260075,-43.8,0.2288,263.1,0.2265922066108198,long_nclose,59.616409559306696,0.024974742561989866,7.0
1706222160000.0,561514,1706222160000.0,0.08279225209425756,-0.001716,2387.1491075374083,2387.6697457260075,-37.5,0.2288,225.6,0.2265922066108198,long_nclose,51.11920181140095,0.02141433128328364,24.0
1706222880000.0,561526,1706222880000.0,0.0710909471316025,-0.0014734720000000002,2387.2187250125403,2387.6650522540076,-32.2,0.2288,193.4,0.2265922066108198,long_nclose,43.82293275853255,0.01835731778549213,12.0
1706225280000.0,561566,1706225280000.0,0.060935097541373565,-0.001262976,2387.278397134082,2387.677609278008,-27.6,0.2288,165.8,0.2265922066108198,long_nclose,37.568987856073925,0.015737162411043195,40.0
1706225520000.0,561570,1706225520000.0,0.05210392398465276,-0.001079936,2387.3294211220664,2387.6433693420076,-23.6,0.2288,142.2,0.2265922066108198,long_nclose,32.221411780058574,0.013496843583871312,4.0
1706225580000.0,561571,1706225580000.0,0.04481820580035809,-0.000928928,2387.3733103998666,2387.6546304140074,-20.3,0.2288,121.9,0.2265922066108198,long_nclose,27.621589985858936,0.011569866290091236,1.0
1706228220000.0,561615,1706228220000.0,0.0,-0.018320742,2387.3549896578666,2387.2803496720076,402.3,0.2277,524.2,0.22744238837439704,long_ientry_partial,119.22529998585894,0.04994033166510574,44.0
1706229780000.0,561641,1706229780000.0,0.16138934959510157,-0.0034348160000000003,2387.5129441914614,2388.4825748560074,-74.8,0.2296,449.4,0.22744238837439704,long_nclose,102.21260933545402,0.04281133201146628,26.0
1706230200000.0,561648,1706230200000.0,0.13851866636371016,-0.0029480640000000002,2387.648514793825,2388.4796267920074,-64.2,0.2296,385.2,0.22744238837439704,long_nclose,87.61080800181773,0.03669334387326393,7.0
1706230260000.0,561649,1706230260000.0,0.11866863940816291,-0.0025256000000000002,2387.7646578332333,2388.543141192007,-55.0,0.2296,330.2,0.22744238837439704,long_nclose,75.1014766412259,0.03145262930115417,1.0
1706230680000.0,561656,1706230680000.0,0.10162350756589951,-0.0021628320000000004,2387.864118508799,2388.503248360007,-47.1,0.2296,283.1,0.22744238837439704,long_nclose,64.3889401487918,0.02696507713722092,7.0
1706231820000.0,561675,1706231820000.0,0.08716750967435967,-0.001855168,2387.949430850473,2388.497353192007,-40.4,0.2296,242.7,0.22744238837439704,long_nclose,55.20026765846616,0.02311617949078866,19.0
1706235000000.0,561728,1706235000000.0,0.17604750967435998,-0.001872944,2388.1236054161477,2389.025380248007,-40.4,0.2318,202.3,0.22744238837439704,long_nclose,46.01159516814052,0.019266839900492785,53.0
1706238060000.0,561779,1706238060000.0,0.26492750967436024,-0.00189072,2388.3866422058218,2389.4159395280067,-40.4,0.234,161.9,0.22744238837439704,long_nclose,36.82292267781488,0.015417488118174472,51.0
1706245920000.0,561910,1706245920000.0,0.11721975272871987,-0.0012470839999999999,2388.5026148745505,2389.104392444007,-26.9,0.2318,135.0,0.22744238837439704,long_nclose,30.7047224305436,0.012855218260732899,131.0
1706246100000.0,561913,1706246100000.0,0.09804626157606681,-0.0010431000000000001,2388.5996180361267,2389.123599344007,-22.5,0.2318,112.5,0.22744238837439704,long_nclose,25.587268692119668,0.010712246832375014,3.0
1706246400000.0,561918,1706246400000.0,0.08148733739877553,-0.0008669319999999999,2388.6802384415255,2389.098362412007,-18.7,0.2318,93.8,0.22744238837439704,long_nclose,21.33409602951844,0.008931331907127802,5.0
1706246640000.0,561922,1706246640000.0,0.06797874135940632,-0.000723216,2388.7474939668846,2389.096079196007,-15.6,0.2318,78.2,0.22744238837439704,long_nclose,17.78599477087785,0.007445740839414322,4.0
1706251260000.0,561999,1706251260000.0,0.056648951132838604,-0.00060268,2388.8035402380174,2389.094176516007,-13.0,0.2318,65.2,0.22744238837439704,long_nclose,14.829243722010688,0.006207812183890652,77.0
1706252460000.0,562019,1706252460000.0,0.0,-0.020883604,2388.7826566340173,2389.0208329120064,453.4,0.2303,518.6,0.22994073220595967,long_ientry_partial,119.24726372201069,0.049919679126454924,20.0
1706258520000.0,562120,1706258520000.0,0.1671858167589833,-0.0034365600000000004,2388.946405890776,2389.9953363520062,-74.0,0.2322,444.6,0.22994073220595967,long_nclose,102.23164953876967,0.042793613656079546,101.0
1706259060000.0,562129,1706259060000.0,0.14346350492156001,-0.00294894,2389.086920455698,2390.0241474120066,-63.5,0.2322,381.1,0.22994073220595967,long_nclose,87.63041304369123,0.03667945786877293,9.0
1706259300000.0,562133,1706259300000.0,0.12290416799579314,-0.002526336,2389.207298287694,2390.043411076007,-54.4,0.2322,326.7,0.22994073220595967,long_nclose,75.12163721168702,0.03144207589920116,4.0
1706259600000.0,562138,1706259600000.0,0.10528187920227867,-0.002164104,2389.3104160628964,2389.999256972007,-46.6,0.2322,280.1,0.22994073220595967,long_nclose,64.40639909088931,0.026956061739779345,5.0
1706259900000.0,562143,1706259900000.0,0.0903707117616126,-0.0018576,2389.398929174658,2389.965389372007,-40.0,0.2322,240.1,0.22994073220595967,long_nclose,55.20876980265092,0.023105714633312,5.0
1706263320000.0,562200,1706263320000.0,0.0774928853355828,-0.0015928919999999998,2389.4748291679934,2389.980946480007,-34.3,0.2322,205.8,0.22994073220595967,long_nclose,47.321802687986505,0.01980426916841128,57.0
1706263440000.0,562202,1706263440000.0,0.06642247314478526,-0.001365336,2389.539886305138,2389.938421144007,-29.4,0.2322,176.4,0.22994073220595967,long_nclose,40.561545161131285,0.01697462569827624,2.0
1706263500000.0,562203,1706263500000.0,0.05693354840981594,-0.001170288,2389.595649565548,2389.9977308560065,-25.2,0.2322,151.2,0.22994073220595967,long_nclose,34.7670387095411,0.014549339640730468,1.0
1706265420000.0,562235,1706265420000.0,0.11237354840981613,-0.001181376,2389.7068417379573,2390.2813094800063,-25.2,0.2344,126.0,0.22994073220595967,long_nclose,28.97253225795092,0.01212388555446413,32.0
1706265600000.0,562238,1706265600000.0,0.09364462367484677,-0.00098448,2389.799501881632,2390.320225000006,-21.0,0.2344,105.0,0.22994073220595967,long_nclose,24.143776881625765,0.010102846227315693,3.0
1706266020000.0,562245,1706266020000.0,0.07803718639570564,-0.0008204000000000001,2389.8767186680275,2390.249404600006,-17.5,0.2344,87.5,0.22994073220595967,long_nclose,20.119814068021473,0.008418766504087724,7.0
1706266080000.0,562246,1706266080000.0,0.06465938301358468,-0.0006797600000000001,2389.9406982910414,2390.266224840006,-14.5,0.2344,73.0,0.22994073220595967,long_nclose,16.785673451035056,0.007023468600303712,1.0
1706266200000.0,562248,1706266200000.0,0.0539571403078879,-0.000567248,2389.994088183349,2390.265657592006,-12.1,0.2344,60.9,0.22994073220595967,long_nclose,14.003390591342944,0.00585917373627774,2.0
1706266260000.0,562249,1706266260000.0,0.04503860471980726,-0.000473488,2390.0386533000687,2390.260104104006,-10.1,0.2344,50.8,0.22994073220595967,long_nclose,11.68098919606275,0.004887364135276269,1.0
1706266320000.0,562250,1706266320000.0,0.03745784946993871,-0.000393792,2390.0757173575385,2390.264790312006,-8.4,0.2344,42.4,0.22994073220595967,long_nclose,9.74948704553269,0.004079154051366916,1.0
1706266380000.0,562251,1706266380000.0,0.031214874558282257,-0.00032816000000000003,2390.1066040720966,2390.2786221520055,-7.0,0.2344,35.4,0.22994073220595967,long_nclose,8.139901920090972,0.0034056647959646554,1.0
1706267460000.0,562269,1706267460000.0,0.04661487455828231,-0.00033124000000000006,2390.152887706655,2390.3391709120056,-7.0,0.2366,28.4,0.22994073220595967,long_nclose,6.530316794649255,0.0027321753467055726,18.0
1706268060000.0,562279,1706268060000.0,0.037291899646625846,-0.00026499199999999997,2390.1899146143014,2390.3371859200056,-5.6,0.2366,22.8,0.22994073220595967,long_nclose,5.24264869429588,0.002193402566984671,10.0
1706268240000.0,562282,1706268240000.0,0.029966705073181485,-0.00021294,2390.2196683793745,2390.3451929800053,-4.5,0.2366,18.3,0.22994073220595967,long_nclose,4.207915399369062,0.0017604722507459443,3.0
1706268420000.0,562285,1706268420000.0,0.02397336405854519,-0.00017035200000000003,2390.243471391433,2390.3413626280053,-3.6,0.2366,14.7,0.22994073220595967,long_nclose,3.380128763427607,0.0014141357580865733,3.0
1706268480000.0,562286,1706268480000.0,0.019311876602716955,-0.000137228,2390.262646040036,2390.345945400006,-2.9,0.2366,11.8,0.22994073220595967,long_nclose,2.713300640030324,0.0011351474887186424,1.0
1706271480000.0,562336,1706271480000.0,0.015316315926292758,-0.000108836,2390.2778535199623,2390.3420665640056,-2.3,0.2366,9.5,0.22994073220595967,long_nclose,2.184436955956617,0.0009138841129870233,50.0
1706272380000.0,562351,1706272380000.0,0.012652608808676627,-8.990800000000001e-05,2390.290416220771,2390.337226656006,-1.9,0.2366,7.6,0.22994073220595967,long_nclose,1.7475495647652934,0.0007311034478932903,15.0
1706276340000.0,562417,1706276340000.0,0.005351121352848387,-5.6256e-05,2390.295711086124,2390.326810400006,-1.2,0.2344,6.4,0.22994073220595967,long_nclose,1.471620686118142,0.0006156646975906818,66.0
1706277120000.0,562430,1706277120000.0,0.0,-0.023602900000000003,2390.272108186124,2390.291687500006,506.5,0.233,512.9,0.2329618262548609,long_ientry_partial,119.48612068611814,0.04998850142496583,13.0
1706278740000.0,562457,1706278740000.0,0.16383431814418206,-0.0034433280000000007,2390.4324991762687,2391.4605941720065,-73.2,0.2352,439.7,0.2329618262548609,long_nclose,102.43331500426233,0.042851373146725685,27.0
1706279400000.0,562468,1706279400000.0,0.14055731119473544,-0.002954112,2390.570102375463,2391.451360060006,-62.8,0.2352,376.9,0.2329618262548609,long_nclose,87.80331231545706,0.03672902636413323,11.0
1706279520000.0,562470,1706279520000.0,0.12041374748848353,-0.002530752,2390.6879853709515,2391.508069308006,-53.8,0.2352,323.1,0.2329618262548609,long_nclose,75.26996606294556,0.031484646479815005,2.0
1706285160000.0,562564,1706285160000.0,0.24415374748848334,-0.0025554999999999996,2390.9295836184397,2392.2055738080057,-53.8,0.2375,269.3,0.2329618262548609,long_nclose,62.73661981043404,0.026239425970667134,94.0
1706285280000.0,562566,1706285280000.0,0.20331018378223148,-0.0021279999999999997,2391.130765802222,2392.1944858080055,-44.8,0.2375,224.5,0.2329618262548609,long_nclose,52.29992999421627,0.02187246751294662,2.0
1706285640000.0,562572,1706285640000.0,0.16972769806820218,-0.0017764999999999999,2391.2987170002903,2392.147809308006,-37.4,0.2375,187.1,0.2329618262548609,long_nclose,43.58715769228447,0.01822739977335888,6.0
1706285700000.0,562573,1706285700000.0,0.14113720347382588,-0.0014772500000000003,2391.4383769537644,2392.115132058006,-31.1,0.2375,156.0,0.2329618262548609,long_nclose,36.3420448957583,0.015196730656322042,1.0
1706285940000.0,562577,1706285940000.0,0.11799251737361649,-0.001235,2391.555134471138,2392.184097058006,-26.0,0.2375,130.0,0.2329618262548609,long_nclose,30.285037413131917,0.012663323950434062,4.0
1706286120000.0,562580,1706286120000.0,0.09802455289500447,-0.001026,2391.652133024033,2392.1549110580063,-21.6,0.2375,108.4,0.2329618262548609,long_nclose,25.253061966026923,0.010558835717507402,3.0
1706286240000.0,562582,1706286240000.0,0.08168712741250372,-0.000855,2391.7329651514456,2392.1341760580062,-18.0,0.2375,90.4,0.2329618262548609,long_nclose,21.059749093439425,0.008805225917896696,2.0
1706286300000.0,562583,1706286300000.0,0.06807260617708644,-0.0007125,2391.8003252576223,2392.1651235580057,-15.0,0.2375,75.4,0.2329618262548609,long_nclose,17.56532169961651,0.007343974960670908,1.0
1706286780000.0,562591,1706286780000.0,0.0567271718142387,-0.00059375,2391.8564586794364,2392.160779808006,-12.5,0.2375,62.9,0.2329618262548609,long_nclose,14.65329887143075,0.006126328700979388,8.0
1706286900000.0,562593,1706286900000.0,0.0471970069494466,-0.000494,2391.903161686386,2392.1466658080058,-10.4,0.2375,52.5,0.2329618262548609,long_nclose,12.230495878380196,0.005113290568902972,2.0
1706287380000.0,562601,1706287380000.0,0.03948211158271013,-0.00041324999999999993,2391.942230547969,2392.154142558006,-8.7,0.2375,43.8,0.2329618262548609,long_nclose,10.203727989962907,0.00426587559668,8.0
1706287560000.0,562604,1706287560000.0,0.033128668339515395,-0.00034675,2391.9750124663083,2392.147955808006,-7.3,0.2375,36.5,0.2329618262548609,long_nclose,8.503106658302423,0.0035548476108598947,3.0
1706288160000.0,562614,1706288160000.0,0.027229042470834575,-0.000285,2392.001956508779,2392.143420808006,-6.0,0.2375,30.5,0.2329618262548609,long_nclose,7.105335700773257,0.0029704556392352514,10.0
1706288400000.0,562618,1706288400000.0,0.02269086872569548,-0.0002375,2392.0244098775047,2392.1401333080057,-5.0,0.2375,25.5,0.2329618262548609,long_nclose,5.940526569498953,0.0024834723863888858,4.0
1706288460000.0,562619,1706288460000.0,0.019060329729584203,-0.0001995,2392.0432707072346,2392.133543808006,-4.2,0.2375,21.3,0.2329618262548609,long_nclose,4.962086899228537,0.0020744135191841408,1.0
1706288580000.0,562621,1706288580000.0,0.015883608107986835,-0.00016625,2392.058988065343,2392.143327558006,-3.5,0.2375,17.8,0.2329618262548609,long_nclose,4.146720507336524,0.0017335360574407582,2.0
1706288820000.0,562625,1706288820000.0,0.013160703860903377,-0.00013775000000000001,2392.072011019204,2392.141119808007,-2.9,0.2375,14.9,0.2329618262548609,long_nclose,3.4711312111974273,0.0014510981254776114,4.0
1706289000000.0,562628,1706289000000.0,0.01089161698833383,-0.00011399999999999999,2392.0827886361926,2392.140765808007,-2.4,0.2375,12.5,0.2329618262548609,long_nclose,2.912022828185761,0.001217358714347008,3.0
1706289720000.0,562640,1706289720000.0,0.009076347490278192,-9.5e-05,2392.091769983683,2392.137320808007,-2.0,0.2375,10.5,0.2329618262548609,long_nclose,2.4460991756760393,0.0010225774806677775,12.0
1706290200000.0,562648,1706290200000.0,0.007714895366736463,-8.075e-05,2392.09940412905,2392.1393400580073,-1.7,0.2375,8.8,0.2329618262548609,long_nclose,2.050064071042776,0.0008570145820462644,8.0
1706290260000.0,562649,1706290260000.0,0.006353443243194734,-6.649999999999999e-05,2392.1056910722937,2392.140753558008,-1.4,0.2375,7.4,0.2329618262548609,long_nclose,1.7239175142859706,0.0007206694590125745,1.0
1706290380000.0,562651,1706290380000.0,0.005445808494166915,-5.6999999999999996e-05,2392.1110798807877,2392.1398365580076,-1.2,0.2375,6.2,0.2329618262548609,long_nclose,1.4443633227801376,0.0006038027811200633,2.0
1706292720000.0,562690,1706292720000.0,0.008085808494166924,-5.7528e-05,2392.119108161282,2392.152799030008,-1.2,0.2397,5.0,0.2329618262548609,long_nclose,1.1648091312743045,0.0004869360924797941,39.0
1706292780000.0,562691,1706292780000.0,0.006738173745139103,-4.794e-05,2392.1257983950272,2392.153951090008,-1.0,0.2397,4.0,0.2329618262548609,long_nclose,0.9318473050194436,0.0003895477845039158,1.0
1706297520000.0,562770,1706297520000.0,0.0027229042470834574,-2.8499999999999998e-05,2392.128492799274,2392.1442625900077,-0.6,0.2375,3.4,0.2329618262548609,long_nclose,0.792070209266527,0.00033111524387205665,79.0
1706297700000.0,562773,1706297700000.0,0.002269086872569548,-2.375e-05,2392.130738136147,2392.143898840008,-0.5,0.2375,2.9,0.2329618262548609,long_nclose,0.6755892961390966,0.00028242156056465745,3.0
1706297760000.0,562774,1706297760000.0,0.0018152694980556384,-1.9e-05,2392.132534405645,2392.144629840008,-0.4,0.2375,2.5,0.2329618262548609,long_nclose,0.5824045656371523,0.00024346667973472376,1.0
1706298420000.0,562785,1706298420000.0,0.0018152694980556384,-1.9e-05,2392.134330675143,2392.1436508400075,-0.4,0.2375,2.1,0.2329618262548609,long_nclose,0.4892198351352079,0.00020451185740774565,11.0
1706298720000.0,562790,1706298720000.0,0.0013614521235417287,-1.4249999999999999e-05,2392.1356778772665,2392.144206590008,-0.3,0.2375,1.8,0.2329618262548609,long_nclose,0.41933128725874963,0.00017529577905499736,5.0
1706299320000.0,562800,1706299320000.0,0.0013614521235417287,-1.4249999999999999e-05,2392.1370250793902,2392.144132340008,-0.3,0.2375,1.5,0.2329618262548609,long_nclose,0.3494427393822913,0.00014607973361003182,10.0
1706300700000.0,562823,1706300700000.0,0.0009076347490278192,-9.5e-06,2392.1379232141394,2392.144082840008,-0.2,0.2375,1.3,0.2329618262548609,long_nclose,0.30285037413131916,0.0001266023882621289,23.0
1706301000000.0,562828,1706301000000.0,0.0009076347490278192,-9.5e-06,2392.1388213488885,2392.1437033400084,-0.2,0.2375,1.1,0.2329618262548609,long_nclose,0.256258008880347,0.00010712505753986603,5.0
1706303340000.0,562867,1706303340000.0,0.0,-0.023871695999999998,2392.1149496528888,2392.0164616440084,506.4,0.2357,507.5,0.23569406504212875,long_ientry_partial,119.61473800888034,0.05000375840058907,39.0
1706310000000.0,562978,1706310000000.0,0.16718028444566463,-0.003451,2392.2786789373345,2393.3687606440085,-72.5,0.238,435.0,0.23569406504212875,long_nclose,102.526918293326,0.042857430949001775,111.0
1706310360000.0,562984,1706310360000.0,0.32668028444566516,-0.0034829,2392.60187632178,2394.0902777440083,-72.5,0.2402,362.5,0.23569406504212875,long_nclose,85.43909857777167,0.03570970140219058,6.0
1706311680000.0,563006,1706311680000.0,0.2721584714554231,-0.002901616,2392.871133177235,2394.262586128008,-60.4,0.2402,302.1,0.23569406504212875,long_nclose,71.20317704922711,0.029756377626021215,22.0
1706313960000.0,563044,1706313960000.0,0.22664852838092356,-0.0024164119999999997,2393.095365293616,2394.229959716008,-50.3,0.2402,251.8,0.23569406504212875,long_nclose,59.34776557760802,0.024799582347745874,38.0
1706314020000.0,563045,1706314020000.0,0.1887986747348051,-0.0020128760000000002,2393.2821510923504,2394.2699268400074,-41.9,0.2402,209.9,0.23569406504212875,long_nclose,49.47218425234283,0.020671271136904004,1.0
1706314560000.0,563054,1706314560000.0,0.1572571300297064,-0.001676596,2393.4377316263804,2394.226270244008,-34.9,0.2402,175.0,0.23569406504212875,long_nclose,41.24646138237253,0.01723314579583605,9.0
1706314860000.0,563059,1706314860000.0,0.1311227072740532,-0.001397964,2393.567456369655,2394.254052280008,-29.1,0.2402,145.9,0.23569406504212875,long_nclose,34.38776408964659,0.014366741157904452,5.0
1706315280000.0,563066,1706315280000.0,0.10949421947627122,-0.001167372,2393.675783217131,2394.223704908008,-24.3,0.2402,121.6,0.23569406504212875,long_nclose,28.660398309122854,0.011973383576034224,7.0
1706315460000.0,563069,1706315460000.0,0.09101988614899913,-0.000970408,2393.76583269528,2394.243014500008,-20.2,0.2402,101.4,0.23569406504212875,long_nclose,23.899378195271858,0.009984008405852363,3.0
1706316900000.0,563093,1706316900000.0,0.13747988614899906,-0.0009797,2393.902332881429,2394.463094800008,-20.2,0.2425,81.2,0.23569406504212875,long_nclose,19.138358081420854,0.007994627775137719,24.0
1706318220000.0,563115,1706318220000.0,0.11025614631751408,-0.0007857,2394.0118033277467,2394.4541891000085,-16.2,0.2425,65.0,0.23569406504212875,long_nclose,15.320114227738369,0.0063993478254547285,22.0
1706318280000.0,563116,1706318280000.0,0.08847715445232612,-0.0006305,2394.099649982199,2394.4483586000083,-13.0,0.2425,52.0,0.23569406504212875,long_nclose,12.256091382190695,0.005119290411442073,1.0
1706320800000.0,563158,1706320800000.0,0.0387510406376927,-0.000413144,2394.1379878788366,2394.3378854560083,-8.6,0.2402,43.4,0.23569406504212875,long_nclose,10.229122422828388,0.004272570116934324,42.0
1706320920000.0,563160,1706320920000.0,0.03244273169667296,-0.00034588800000000003,2394.1700847225334,2394.3331995680082,-7.2,0.2402,36.2,0.23569406504212875,long_nclose,8.532125154525062,0.0035637088646999246,2.0
1706320980000.0,563161,1706320980000.0,0.027035609747227463,-0.00028824000000000005,2394.1968320922806,2394.341971328008,-6.0,0.2402,30.2,0.23569406504212875,long_nclose,7.117960764272288,0.002973005673076564,1.0
1706321280000.0,563166,1706321280000.0,0.02252967478935622,-0.00024020000000000004,2394.21912156707,2394.3326711280083,-5.0,0.2402,25.2,0.23569406504212875,long_nclose,5.939490439061644,0.0024807630953904147,5.0
1706321340000.0,563167,1706321340000.0,0.018924926823059223,-0.000201768,2394.2378447258934,2394.3303693600087,-4.2,0.2402,21.0,0.23569406504212875,long_nclose,4.949575365884704,0.0020672864129968513,1.0
1706321400000.0,563168,1706321400000.0,0.015770772352549353,-0.00016814,2394.253447358246,2394.3305512200086,-3.5,0.2402,17.5,0.23569406504212875,long_nclose,4.124646138237253,0.00172272745092558,1.0
1706321460000.0,563169,1706321460000.0,0.013067211377826607,-0.000139316,2394.2663752536237,2394.335081904009,-2.9,0.2402,14.6,0.23569406504212875,long_nclose,3.4411333496150798,0.001437239141467942,1.0
1706322180000.0,563181,1706322180000.0,0.010814243898890985,-0.000115296,2394.2770742015227,2394.3332666080087,-2.4,0.2402,12.2,0.23569406504212875,long_nclose,2.8754675935139704,0.0012009752858168773,12.0
1706322540000.0,563187,1706322540000.0,0.009011869915742488,-9.608e-05,2394.285989991439,2394.332970528009,-2.0,0.2402,10.2,0.23569406504212875,long_nclose,2.404079463429713,0.001004090352397004,6.0
1706323380000.0,563201,1706323380000.0,0.007660089428381115,-8.1668e-05,2394.2935684128674,2394.332718860009,-1.7,0.2402,8.5,0.23569406504212875,long_nclose,2.0033995528580943,0.0008367393118739865,14.0
1706332980000.0,563361,1706332980000.0,0.006308308941019741,-6.7256e-05,2394.2998094658087,2394.33180160401,-1.4,0.2402,7.1,0.23569406504212875,long_nclose,1.673427861799114,0.000698921603377846,160.0
1706333040000.0,563362,1706333040000.0,0.004956528453658369,-5.2844000000000004e-05,2394.304713150262,2394.3323487600096,-1.1,0.2402,6.0,0.23569406504212875,long_nclose,1.4141643902527725,0.0005906367650223232,1.0
1706333160000.0,563364,1706333160000.0,0.004505934957871244,-4.804e-05,2394.30917104522,2394.3322007200095,-1.0,0.2402,5.0,0.23569406504212875,long_nclose,1.1784703252106437,0.0004921963877773522,2.0
1706333400000.0,563368,1706333400000.0,0.0036047479662969953,-3.8432e-05,2394.312737361186,2394.333762288009,-0.8,0.2402,4.2,0.23569406504212875,long_nclose,0.9899150731769408,0.0004134443499089194,4.0
1706334480000.0,563386,1706334480000.0,0.0,-0.023741496000000004,2394.288995865186,2394.4524307920087,497.1,0.2388,501.3,0.23877397780406334,long_ientry_partial,119.69739507317695,0.049992876916649664,18.0
1706366160000.0,563914,1706366160000.0,0.16654318922906533,-0.0034525520000000002,2394.452086502415,2395.6234582400093,-71.6,0.2411,429.7,0.23877397780406334,long_nclose,102.60117826240601,0.04284954325909103,528.0
1706366880000.0,563926,1706366880000.0,0.14258516061091767,-0.002955886,2394.591715777026,2395.448622354009,-61.3,0.2411,368.4,0.23877397780406334,long_nclose,87.96433342301692,0.0367345852085992,12.0
1706372640000.0,564022,1706372640000.0,0.12234876750626868,-0.0025363720000000003,2394.711528172532,2395.4460859820088,-52.6,0.2411,315.8,0.23877397780406334,long_nclose,75.4048221905232,0.03148806079706253,96.0
1706379360000.0,564134,1706379360000.0,0.10490360103674368,-0.0021747220000000005,2394.814257051569,2395.470981260009,-45.1,0.2411,270.7,0.23877397780406334,long_nclose,64.63611579155994,0.02699003298532981,112.0
1706379660000.0,564139,1706379660000.0,0.08978445676315534,-0.0018612920000000003,2394.902180216332,2395.465259968009,-38.6,0.2411,232.1,0.23877397780406334,long_nclose,55.4194402483231,0.023140586160941674,5.0
1706379960000.0,564144,1706379960000.0,0.07699133468550368,-0.0015960820000000002,2394.977575469017,2395.4802538860085,-33.1,0.2411,199.0,0.23877397780406334,long_nclose,47.5160215830086,0.019839860744292507,5.0
1706382000000.0,564178,1706382000000.0,0.06605903036460133,-0.001369448,2395.042265051382,2395.473204438009,-28.4,0.2411,170.6,0.23877397780406334,long_nclose,40.7348406133732,0.017007984037600815,34.0
1706382300000.0,564183,1706382300000.0,0.056522339361261005,-0.0011717460000000002,2395.097615644743,2395.4671726920087,-24.3,0.2411,146.3,0.23877397780406334,long_nclose,34.93263295273447,0.014585056043041843,5.0
1706384040000.0,564212,1706384040000.0,0.04861386389507633,-0.001007798,2395.1452217106385,2395.4243648940087,-20.9,0.2411,125.4,0.23877397780406334,long_nclose,29.942256816629545,0.012501228128140165,29.0
1706384100000.0,564213,1706384100000.0,0.04163579730726633,-0.0008631380000000001,2395.1859943699455,2395.4467917560087,-17.9,0.2411,107.5,0.23877397780406334,long_nclose,25.66820261393681,0.010716580121239746,1.0
1706384400000.0,564218,1706384400000.0,0.035588139597831005,-0.000737766,2395.2208447435432,2395.4445239900087,-15.3,0.2411,92.2,0.23877397780406334,long_nclose,22.01496075353464,0.009191202891310753,5.0
1706384700000.0,564223,1706384700000.0,0.03047089076677033,-0.0006316820000000001,2395.2506839523103,2395.450492308009,-13.1,0.2411,79.1,0.23877397780406334,long_nclose,18.88702164430141,0.007885196222191101,5.0
1706385000000.0,564228,1706385000000.0,0.026284050814084334,-0.0005448860000000001,2395.276423117124,2395.4409074220084,-11.3,0.2411,67.8,0.23877397780406334,long_nclose,16.188875695115495,0.006758666990947079,5.0
1706385600000.0,564238,1706385600000.0,0.022329813080992,-0.00046291200000000006,2395.298290018205,2395.4394845100087,-9.6,0.2411,58.2,0.23877397780406334,long_nclose,13.896645508196487,0.005801634629852664,10.0
1706386560000.0,564254,1706386560000.0,0.019305984226274334,-0.00040022600000000005,2395.3171957764316,2395.438254284009,-8.3,0.2411,49.9,0.23877397780406334,long_nclose,11.91482149242276,0.004974214485426688,16.0
1706386860000.0,564259,1706386860000.0,0.01651475759115033,-0.000342362,2395.333368172023,2395.4414819220087,-7.1,0.2411,42.8,0.23877397780406334,long_nclose,10.21952625001391,0.00426643171501963,5.0
1706387640000.0,564272,1706387640000.0,0.014188735395213667,-0.000294142,2395.3472627654182,2395.432627780009,-6.1,0.2411,36.7,0.23877397780406334,long_nclose,8.763004985409125,0.003658344291713375,13.0
1706387700000.0,564273,1706387700000.0,0.012095315418870668,-0.00025074400000000006,2395.359107336837,2395.4323770360093,-5.2,0.2411,31.5,0.23877397780406334,long_nclose,7.521380300827995,0.0031399802550650846,1.0
1706387760000.0,564274,1706387760000.0,0.010467099881715,-0.00021699000000000002,2395.369357446719,2395.440260046009,-4.5,0.2411,27.0,0.23877397780406334,long_nclose,6.446897400709711,0.0026914001302837122,1.0
1706390820000.0,564325,1706390820000.0,0.008838884344559332,-0.000183236,2395.3780130950636,2395.438936810009,-3.8,0.2411,23.2,0.23877397780406334,long_nclose,5.539556285054269,0.0023126021257482525,51.0
1706391000000.0,564328,1706391000000.0,0.007675873246591,-0.000159126,2395.38552984231,2395.433807684009,-3.3,0.2411,19.9,0.23877397780406334,long_nclose,4.7516021583008605,0.0019836481848555135,3.0
1706391120000.0,564330,1706391120000.0,0.006512862148622667,-0.000135016,2395.3919076884586,2395.433392668009,-2.8,0.2411,17.1,0.23877397780406334,long_nclose,4.083035020449484,0.0017045373691646109,2.0
1706400720000.0,564490,1706400720000.0,0.005582453270248,-0.00011572800000000001,2395.397374413729,2395.435976940009,-2.4,0.2411,14.7,0.23877397780406334,long_nclose,3.509977473719731,0.0014653007101081902,160.0
1706401620000.0,564505,1706401620000.0,0.004884646611467001,-0.00010126200000000001,2395.4021577983403,2395.4327256780093,-2.1,0.2411,12.6,0.23877397780406334,long_nclose,3.0085521203311982,0.0012559695291818622,15.0
1706401800000.0,564508,1706401800000.0,0.004186839952686,-8.679600000000001e-05,2395.406257842293,2395.433538882009,-1.8,0.2411,10.8,0.23877397780406334,long_nclose,2.578758960283884,0.0010765434680824243,3.0
1706401920000.0,564510,1706401920000.0,0.003489033293905,-7.233000000000001e-05,2395.409674545587,2395.4331665520094,-1.5,0.2411,9.3,0.23877397780406334,long_nclose,2.220597993577789,0.0009270222196956935,2.0
1706403060000.0,564529,1706403060000.0,0.003023828854717667,-6.268600000000002e-05,2395.4126356884417,2395.4320438660093,-1.3,0.2411,8.0,0.23877397780406334,long_nclose,1.9101918224325067,0.0007974374827840539,19.0
1706403300000.0,564533,1706403300000.0,0.0025586244155303335,-5.304200000000001e-05,2395.415141270857,2395.430500824009,-1.1,0.2411,6.9,0.23877397780406334,long_nclose,1.6475404468480372,0.0006877891094793513,4.0
1706403360000.0,564534,1706403360000.0,0.002093419976343,-4.339800000000001e-05,2395.4171912928336,2395.429947426009,-0.9,0.2411,6.0,0.23877397780406334,long_nclose,1.43264386682438,0.0005980769746630923,1.0
1706403600000.0,564538,1706403600000.0,0.0018608177567493334,-3.8576000000000005e-05,2395.4190135345902,2395.4342288500093,-0.8,0.2411,5.2,0.23877397780406334,long_nclose,1.2416246845811294,0.0005183329837350814,4.0
1706404620000.0,564555,1706404620000.0,0.0037008177567493306,-3.8944000000000005e-05,2395.422675408347,2395.443029906009,-0.8,0.2434,4.4,0.23877397780406334,long_nclose,1.0506055023378789,0.0004385887773057765,17.0
1706404680000.0,564556,1706404680000.0,0.003238215537155664,-3.4076000000000004e-05,2395.4258795478845,2395.4437358300092,-0.7,0.2434,3.7,0.23877397780406334,long_nclose,0.8834637178750344,0.00036881279667972045,1.0
1706414580000.0,564721,1706414580000.0,0.0027756133175619977,-2.9208000000000002e-05,2395.4286259532023,2395.4432766220098,-0.6,0.2434,3.1,0.23877397780406334,long_nclose,0.7401993311925964,0.00030900496185648285,165.0
1706416920000.0,564760,1706416920000.0,0.0023130110979683316,-2.434e-05,2395.4309146243004,2395.4432022820097,-0.5,0.2434,2.6,0.23877397780406334,long_nclose,0.6208123422905647,0.00025916520426469197,39.0
1706423940000.0,564877,1706423940000.0,0.0,-0.023829828,2395.4070847963003,2395.21373245401,494.6,0.2409,497.2,0.24088888242616768,long_ientry_partial,119.76995234229057,0.0499998322216182,117.0
1706535120000.0,566730,1706535120000.0,0.0,-0.023953112000000002,2395.3831316843,2392.1085793420098,511.6,0.2341,1008.8,0.23744598765096214,long_rentry,239.5355123422906,0.09999883073980843,1853.0
1706545980000.0,566911,1706545980000.0,0.32480317949635473,-0.006908154,2395.7010267097967,2397.9959511880097,-144.1,0.2397,864.7,0.23744598765096214,long_nclose,205.31954552178698,0.08570332576255074,181.0
1706547540000.0,566937,1706547540000.0,0.6562331794963542,-0.00697444,2396.350285449293,2399.55984674801,-144.1,0.242,720.6,0.23744598765096214,long_nclose,171.1035787012833,0.0714017394452844,26.0
1706547600000.0,566938,1706547600000.0,0.5469368831194458,-0.00581284,2396.8914094924125,2399.68614390801,-120.1,0.242,600.5,0.23744598765096214,long_nclose,142.58631558440277,0.05948801644484935,1.0
1706547840000.0,566942,1706547840000.0,0.45540123490378503,-0.00484,2397.3419707273165,2399.67130390801,-100.0,0.242,500.5,0.23744598765096214,long_nclose,118.84171681930655,0.04957228391711334,4.0
1706549760000.0,566974,1706549760000.0,0.3798046299097567,-0.004036560000000001,2397.7177387972265,2399.6589273480104,-83.4,0.242,417.1,0.23744598765096214,long_nclose,99.03872144921631,0.041305412996150814,32.0
1706553600000.0,567038,1706553600000.0,0.1341137347677523,-0.00285243,2397.849000101994,2398.61927491801,-59.5,0.2397,357.6,0.23744598765096214,long_nclose,84.91068518398407,0.03541118943702141,64.0
1706553900000.0,567043,1706553900000.0,0.11495462980093055,-0.00244494,2397.9615097917954,2398.5912699780106,-51.0,0.2397,306.6,0.23744598765096214,long_nclose,72.80093981378499,0.030359511408548832,5.0
1706554500000.0,567053,1706554500000.0,0.09872574088785799,-0.0020997719999999997,2398.0581357606834,2398.7293302060107,-43.8,0.2397,262.8,0.23744598765096214,long_nclose,62.40080555467286,0.026021389817089992,10.0
1706566260000.0,567249,1706566260000.0,0.19946574088785785,-0.00211992,2398.255481581571,2399.2309102860104,-43.8,0.242,219.0,0.23744598765096214,long_nclose,52.00067129556071,0.021682707157315854,196.0
1706567160000.0,567264,1706567160000.0,0.16622145073988154,-0.0017666000000000001,2398.4199364323113,2399.287543686011,-36.5,0.242,182.5,0.23744598765096214,long_nclose,43.33389274630059,0.018067683681265784,15.0
1706568780000.0,567291,1706568780000.0,0.13844197541075065,-0.0014713600000000001,2398.5569070477222,2399.279992326011,-30.4,0.242,152.1,0.23744598765096214,long_nclose,36.11553472171134,0.015057193187950816,27.0
1706568900000.0,567293,1706568900000.0,0.11521651243065761,-0.0012245200000000002,2398.670899040153,2399.261027806011,-25.3,0.242,126.8,0.23744598765096214,long_nclose,30.108151234142,0.012552014220120823,2.0
1706569080000.0,567296,1706569080000.0,0.09608966056469864,-0.00102124,2398.765967460718,2399.2684665660113,-21.1,0.242,105.7,0.23744598765096214,long_nclose,25.0980408947067,0.010462896854116596,3.0
1706570280000.0,567316,1706570280000.0,0.08015061734306617,-0.00085184,2398.845266238061,2399.2288547260114,-17.6,0.242,88.1,0.23744598765096214,long_nclose,20.918991512049764,0.00872044220878637,20.0
1706570460000.0,567319,1706570460000.0,0.06648858029595262,-0.00070664,2398.911048178357,2399.245768086011,-14.6,0.242,73.5,0.23744598765096214,long_nclose,17.452280092345717,0.007275084295267357,3.0
1706570760000.0,567324,1706570760000.0,0.055558950658261774,-0.00059048,2398.9660166490153,2399.2513076060113,-12.2,0.242,61.3,0.23744598765096214,long_nclose,14.555439043003979,0.006067380255488437,5.0
1706571420000.0,567335,1706571420000.0,0.046450925960186074,-0.00049368,2399.011973894975,2399.244683926011,-10.2,0.242,51.1,0.23744598765096214,long_nclose,12.133489968964167,0.005057702963134669,11.0
1706571480000.0,567336,1706571480000.0,0.03870910496682173,-0.0004114,2399.0502715999423,2399.2527925260115,-8.5,0.242,42.6,0.23744598765096214,long_nclose,10.115199073930988,0.004216334769502389,1.0
1706571720000.0,567340,1706571720000.0,0.03233348767816874,-0.00034364,2399.08226144762,2399.247478886011,-7.1,0.242,35.5,0.23744598765096214,long_nclose,8.429332561609156,0.0035135654567021173,4.0
1706572020000.0,567345,1706572020000.0,0.026868672859323317,-0.00028556,2399.108844560479,2399.243643326011,-5.9,0.242,29.6,0.23744598765096214,long_nclose,7.02840123446848,0.0029295883137624356,5.0
1706572080000.0,567346,1706572080000.0,0.022314660510285467,-0.00023716,2399.1309220609896,2399.2508161660107,-4.9,0.242,24.7,0.23744598765096214,long_nclose,5.864915894978765,0.0024446001846120465,1.0
1706572500000.0,567353,1706572500000.0,0.018671450631055186,-0.00019843999999999998,2399.149395071621,2399.241147726011,-4.1,0.242,20.6,0.23744598765096214,long_nclose,4.891387345609821,0.0020388006497877136,7.0
1706572620000.0,567355,1706572620000.0,0.015483641986728691,-0.00016456,2399.1647141536073,2399.2447631660107,-3.4,0.242,17.2,0.23744598765096214,long_nclose,4.084070987596549,0.0017022887021899845,2.0
1706572740000.0,567357,1706572740000.0,0.012751234577305981,-0.00013552,2399.177329868184,2399.2443476460103,-2.8,0.242,14.4,0.23744598765096214,long_nclose,3.419222222173855,0.001425164442664067,2.0
1706577660000.0,567439,1706577660000.0,0.01092962963769084,-0.00011616,2399.188143337822,2399.2439914860106,-2.4,0.242,12.0,0.23744598765096214,long_nclose,2.8493518518115457,0.00118763168271057,82.0
1706579760000.0,567474,1706579760000.0,0.0091080246980757,-9.680000000000001e-05,2399.19715456252,2399.2436946860107,-2.0,0.242,10.0,0.23744598765096214,long_nclose,2.374459876509621,0.000989689351704233,35.0
1706580000000.0,567478,1706580000000.0,0.0072864197584605606,-7.744e-05,2399.2043635422788,2399.2434572460106,-1.6,0.242,8.4,0.23744598765096214,long_nclose,1.994546296268082,0.0008313365574757692,4.0
1706581200000.0,567498,1706581200000.0,0.0063756172886529905,-6.776e-05,2399.210671399567,2399.2432494860104,-1.4,0.242,7.0,0.23744598765096214,long_nclose,1.662121913556735,0.0006927786431473084,20.0
1706581920000.0,567510,1706581920000.0,0.005009413583941635,-5.324e-05,2399.2156275731513,2399.2430862460105,-1.1,0.242,5.9,0.23744598765096214,long_nclose,1.4009313271406767,0.0005839122215779094,12.0
1706582100000.0,567513,1706582100000.0,0.004098611114134065,-4.356e-05,2399.2196826242653,2399.2439526860103,-0.9,0.242,5.0,0.23744598765096214,long_nclose,1.1872299382548106,0.0004948400293866459,3.0
1706583600000.0,567538,1706583600000.0,0.0036432098792302803,-3.872e-05,2399.2232871141446,2399.2424139660106,-0.8,0.242,4.2,0.23744598765096214,long_nclose,0.997273148134041,0.00041566500020662526,25.0
1706583660000.0,567539,1706583660000.0,0.0031878086443264952,-3.388e-05,2399.226441042789,2399.2420300860103,-0.7,0.242,3.5,0.23744598765096214,long_nclose,0.8310609567783676,0.00034638704482481403,1.0
1706583840000.0,567542,1706583840000.0,0.002277006174518925,-2.4200000000000002e-05,2399.2286938489633,2399.24265588601,-0.5,0.242,3.0,0.23744598765096214,long_nclose,0.7123379629528864,0.0002969029024949339,3.0
1706585520000.0,567570,1706585520000.0,0.0,-0.023847056,2399.2048467929635,2399.0632888300106,496.4,0.2402,499.4,0.2401834560731936,long_ientry_partial,119.94761796295288,0.04999473809970325,28.0
1706614260000.0,568049,1706614260000.0,0.1651695819812953,-0.0034580500000000003,2399.366558324945,2400.486700780011,-71.3,0.2425,428.1,0.2401834560731936,long_nclose,102.82253754493419,0.04285403461516821,479.0
1706615280000.0,568066,1706615280000.0,0.14154083392787017,-0.0029633500000000004,2399.505135808873,2400.428707430011,-61.1,0.2425,367.0,0.2401834560731936,long_nclose,88.14732837886206,0.03673562813573541,17.0
1706615460000.0,568069,1706615460000.0,0.12138690176465462,-0.0025414,2399.6239813106376,2400.415686030011,-52.4,0.2425,314.6,0.2401834560731936,long_nclose,75.56171528062671,0.03148898155258311,3.0
1706617860000.0,568109,1706617860000.0,0.0,-0.00886483,2399.6151164806374,2399.7147012000105,184.3,0.2405,498.9,0.2403003914223827,long_ientry_partial,119.88586528062672,0.04996045593197282,40.0
1706629500000.0,568303,1706629500000.0,0.16373213072635345,-0.0034546240000000008,2399.7753939873637,2400.8872465760105,-71.2,0.2426,427.7,0.2403003914223827,long_nclose,102.77647741135307,0.042827540306005094,194.0
1706629800000.0,568308,1706629800000.0,0.14050608409241847,-0.0029645720000000004,2399.912935499456,2400.755972004011,-61.1,0.2426,366.6,0.2403003914223827,long_nclose,88.0941234954455,0.036707216412878683,5.0
1706630040000.0,568312,1706630040000.0,0.0,-0.006382368000000001,2399.9065531314563,2400.056229636011,132.8,0.2403,499.4,0.24030028733569384,long_ientry_partial,120.0059634954455,0.050004431772086626,4.0
1706634480000.0,568386,1706634480000.0,0.16396951296503026,-0.0034594760000000004,2400.0670631684216,2401.137190160011,-71.3,0.2426,428.1,0.24030028733569384,long_nclose,102.87255300841053,0.042862366050973794,74.0
1706660280000.0,568816,1706660280000.0,0.0,-0.024000064000000005,2400.0430631044214,2397.080490096011,513.7,0.2336,941.8,0.2366456498284249,long_rentry,222.87287300841055,0.09286203086711606,430.0
1706674440000.0,569052,1706674440000.0,0.3032100980768514,-0.0064264100000000005,2400.339846792498,2401.9983236860107,-134.5,0.2389,807.3,0.2366456498284249,long_nclose,191.0440331064874,0.07959041023368996,236.0
1706677320000.0,569100,1706677320000.0,0.25992657478260944,-0.005509034,2400.5942643332805,2402.2234746520103,-115.3,0.2389,692.0,0.2366456498284249,long_nclose,163.75878968127003,0.06821593807596259,48.0
1706677440000.0,569102,1706677440000.0,0.22272979695162023,-0.004720664,2400.812273466232,2402.32751398801,-98.8,0.2389,593.2,0.2366456498284249,long_nclose,140.37819947822166,0.05847112705548908,2.0
1706679780000.0,569141,1706679780000.0,0.19094345953241126,-0.004046966000000001,2400.9991699597645,2402.1963570220105,-84.7,0.2389,508.5,0.2366456498284249,long_nclose,120.33431293775406,0.05011843171098248,39.0
1706679900000.0,569143,1706679900000.0,0.1636658224563525,-0.003468828,2401.159366954221,2402.22921819401,-72.6,0.2389,435.9,0.2366456498284249,long_nclose,103.1538387602104,0.04296001347509771,2.0
1706680080000.0,569146,1706680080000.0,0.14022058067197143,-0.0029719160000000002,2401.2966156188927,2402.2138062780105,-62.2,0.2389,373.7,0.2366456498284249,long_nclose,88.43447934088238,0.03682780326498312,3.0
1706680800000.0,569158,1706680800000.0,0.12015686414495301,-0.002546674,2401.414225809038,2402.1044796040105,-53.3,0.2389,320.4,0.2366456498284249,long_nclose,75.82126620502733,0.031573589175138285,12.0
1706685000000.0,569228,1706685000000.0,0.10302380284098224,-0.002183546,2401.5150660658787,2402.1618060580104,-45.7,0.2389,274.7,0.2366456498284249,long_nclose,65.00656000786832,0.027068978632043713,70.0
1706685360000.0,569234,1706685360000.0,0.08837052672574407,-0.0018729760000000004,2401.6015636166044,2402.1560130820103,-39.2,0.2389,235.5,0.2366456498284249,long_nclose,55.73005053459406,0.023205369024939103,6.0
1706685540000.0,569237,1706685540000.0,0.07574616576492348,-0.001605408,2401.675704374369,2402.1914276740104,-33.6,0.2389,201.9,0.2366456498284249,long_nclose,47.77875670035899,0.019893925151233206,3.0
1706686500000.0,569253,1706686500000.0,0.06492528494136299,-0.0013760640000000002,2401.7392535953104,2402.16410161001,-28.8,0.2389,173.1,0.2366456498284249,long_nclose,40.963361985300345,0.017055707410360964,16.0
1706686980000.0,569261,1706686980000.0,0.05568244923790506,-0.001180166,2401.7937558785484,2402.1431414440103,-24.7,0.2389,148.4,0.2366456498284249,long_nclose,35.11821443453826,0.014621661143295139,8.0
1706687280000.0,569266,1706687280000.0,0.047792223637392196,-0.001012936,2401.840535166186,2402.12728850801,-21.2,0.2389,127.2,0.2366456498284249,long_nclose,30.101326658175648,0.012532608313271265,5.0
1706687340000.0,569267,1706687340000.0,0.04080373810550938,-0.000864818,2401.880474086291,2402.12642369001,-18.1,0.2389,109.1,0.2366456498284249,long_nclose,25.818040396281155,0.010749094584360073,1.0
1706687400000.0,569268,1706687400000.0,0.034942427659414105,-0.0007405900000000001,2401.91467592395,2402.1350431000096,-15.5,0.2389,93.6,0.2366456498284249,long_nclose,22.15003282394057,0.009221823342005296,1.0
1706687760000.0,569274,1706687760000.0,0.02998285728194888,-0.0006354740000000001,2401.9440233072323,2402.1411076260097,-13.3,0.2389,80.3,0.2366456498284249,long_nclose,19.002645681222518,0.007911360754801358,6.0
1706688000000.0,569278,1706688000000.0,0.02569959195595618,-0.000544692,2401.969178207188,2402.1382829340096,-11.4,0.2389,68.9,0.2366456498284249,long_nclose,16.304885273178478,0.00678813259600122,4.0
1706689680000.0,569306,1706689680000.0,0.022092631681436017,-0.0004682440000000001,2401.99080259487,2402.12994469001,-9.8,0.2389,59.1,0.2366456498284249,long_nclose,13.985757904859911,0.005822569299495694,28.0
1706690820000.0,569325,1706690820000.0,0.01893654144123087,-0.000401352,2402.009337784311,2402.1337733380096,-8.4,0.2389,50.7,0.2366456498284249,long_nclose,11.997934446301143,0.004994957453982429,19.0
1706691480000.0,569336,1706691480000.0,0.016231321235340747,-0.00034401600000000005,2402.0252250895464,2402.12763932201,-7.2,0.2389,43.5,0.2366456498284249,long_nclose,10.294085767536483,0.004285586037987059,11.0
1706691900000.0,569343,1706691900000.0,0.0,-0.0219545,2402.0032705895464,2401.88872482201,462.2,0.2375,505.7,0.23742650932872547,long_ientry_partial,120.06658576753647,0.049986020934129446,7.0
1706709960000.0,569644,1706709960000.0,0.0,-0.024020484,2401.9792501055463,2398.2697643380097,520.6,0.2307,1026.3,0.23401442635441536,long_rentry,240.16900576753648,0.09998796024444555,301.0
1706723940000.0,569877,1706723940000.0,0.3350650964427103,-0.0069283159999999995,2402.3073868859888,2404.4939460220094,-146.6,0.2363,879.7,0.23401442635441536,long_nclose,205.8624908639792,0.08569365102391421,233.0
1706725080000.0,569896,1706725080000.0,0.28706804988543255,-0.005935856,2402.588519079874,2404.4628901660094,-125.6,0.2363,754.1,0.23401442635441536,long_nclose,176.47027891386463,0.07345006334311792,19.0
1706727900000.0,569943,1706727900000.0,0.24615628162946726,-0.005089902,2402.8295854595035,2404.3069802640093,-107.7,0.2363,646.4,0.23401442635441536,long_nclose,151.26692519549408,0.06295366351025125,47.0
1706730300000.0,569983,1706730300000.0,0.2109584474874636,-0.004362098000000001,2403.036181808991,2404.413438166009,-92.3,0.2363,554.1,0.23401442635441536,long_nclose,129.66739364298155,0.05395981742787107,40.0
1706750340000.0,570317,1706750340000.0,0.0,-0.024031632,2403.012150176991,2399.3470965340093,528.4,0.2274,1082.5,0.2307857308480199,long_rentry,249.82555364298153,0.10396349998670666,334.0
1706800200000.0,571148,1706800200000.0,0.3423260108961256,-0.00720436,2403.347271827887,2405.6802621740094,-154.6,0.233,927.9,0.2307857308480199,long_nclose,214.14607965387765,0.08910326117415689,831.0
1706801400000.0,571168,1706801400000.0,0.2933906626373651,-0.006174500000000001,2403.6344879905246,2405.5547976740095,-132.5,0.233,795.4,0.2307857308480199,long_nclose,183.566970316515,0.0763705843104206,20.0
1706808720000.0,571290,1706808720000.0,0.25154097566494094,-0.005293760000000001,2403.8807352061895,2405.5267839140097,-113.6,0.233,681.8,0.2307857308480199,long_nclose,157.34971129217996,0.06545653824988265,122.0
1706822340000.0,571517,1706822340000.0,0.2156698154028631,-0.004538840000000001,2404.0918661815926,2405.4443250740096,-97.4,0.233,584.4,0.2307857308480199,long_nclose,134.87118110758283,0.05610067693536107,227.0
1706832720000.0,571690,1706832720000.0,0.1846700472751415,-0.0038864400000000006,2404.272649788868,2405.43209863401,-83.4,0.233,501.0,0.2307857308480199,long_nclose,115.62365115485797,0.04809090648059882,173.0
1706832960000.0,571694,1706832960000.0,0.15832024436657816,-0.0033319000000000005,2404.4276381332347,2405.55046673401,-71.5,0.233,429.5,0.2307857308480199,long_nclose,99.12247139922455,0.04122497588498105,4.0
1706839440000.0,571802,1706839440000.0,0.13573469901638097,-0.00285658,2404.560516252251,2405.4494501540103,-61.3,0.233,368.2,0.2307857308480199,long_nclose,84.97530609824092,0.03533922541100503,108.0
1706841300000.0,571833,1706841300000.0,0.11647055739415399,-0.0024511600000000004,2404.6745356496453,2405.40491899401,-52.6,0.233,315.6,0.2307857308480199,long_nclose,72.83597665563508,0.030289328379300925,31.0
1706853600000.0,572038,1706853600000.0,0.23219055739415292,-0.002474304,2404.9042519030395,2406.0389046900104,-52.6,0.2352,263.0,0.2307857308480199,long_nclose,60.69664721302923,0.02523869595431876,205.0
1706856480000.0,572086,1706856480000.0,0.1933449888567281,-0.002060352,2405.095536539896,2406.08506433801,-43.8,0.2352,219.2,0.2307857308480199,long_nclose,50.58823220188596,0.021033772435778166,48.0
1706857680000.0,572106,1706857680000.0,0.1611208240472734,-0.00171696,2405.2549404039432,2406.13450737801,-36.5,0.2352,182.7,0.2307857308480199,long_nclose,42.16455302593323,0.017530180405263832,20.0
1706859060000.0,572129,1706859060000.0,0.13419378222019485,-0.0014300159999999999,2405.3877041701635,2406.07522736201,-30.4,0.2352,152.3,0.2307857308480199,long_nclose,35.148666808153436,0.014612474632350131,23.0
1706863620000.0,572205,1706863620000.0,0.0,-0.016959778000000002,2405.3707443921635,2405.64110758401,364.1,0.2329,516.4,0.232276446181552,long_ientry_partial,119.94755680815345,0.049866556782482266,76.0
1706876100000.0,572413,1706876100000.0,0.1638759164196171,-0.00345653,2405.531163778583,2406.5598010540098,-73.7,0.2345,442.7,0.232276446181552,long_nclose,102.82878272457306,0.042746809633116827,208.0
1706876760000.0,572424,1706876760000.0,0.14052860132591316,-0.00296408,2405.668728299909,2406.5505169740104,-63.2,0.2345,379.5,0.232276446181552,long_nclose,88.14891132589898,0.03664216535258119,11.0
1706876880000.0,572426,1706876880000.0,0.12051661695988122,-0.00254198,2405.786702936869,2406.54255499401,-54.2,0.2345,325.3,0.232276446181552,long_nclose,75.55952794285886,0.03140740941440046,2.0
1706877120000.0,572430,1706877120000.0,0.10317289717598688,-0.00217616,2405.887699674045,2406.5357388340103,-46.4,0.2345,278.9,0.232276446181552,long_nclose,64.78190084003485,0.026926402611731064,4.0
1706880600000.0,572488,1706880600000.0,0.0,-0.011067407999999999,2405.876632266045,2405.89559142601,237.6,0.2329,516.5,0.23256329301071604,long_ientry_partial,120.11894084003484,0.04992730684070751,58.0
1706889600000.0,572638,1706889600000.0,0.16484530511022824,-0.0034609520000000006,2406.0380166191553,2406.98415047401,-73.7,0.2348,442.8,0.23256329301071604,long_nclose,102.97902614514507,0.04280024897106408,150.0
1706889660000.0,572639,1706889660000.0,0.1413598817227466,-0.0029678720000000003,2406.1764086288777,2407.13934260201,-63.2,0.2348,379.6,0.23256329301071604,long_nclose,88.28102602686782,0.03668934069433978,1.0
1706890140000.0,572647,1706890140000.0,0.12122951881919092,-0.0025452320000000006,2406.295092915697,2407.0554573700097,-54.2,0.2348,325.4,0.23256329301071604,long_nclose,75.67609554568699,0.031449216585481464,8.0
1706895960000.0,572744,1706895960000.0,0.0,-0.008917063999999999,2406.286175851697,2406.22726030601,191.6,0.2327,517.0,0.23261395656805994,long_ientry_partial,120.26141554568699,0.049978018721368776,97.0
1706915640000.0,573072,1706915640000.0,0.16871000527717603,-0.003467124,2406.451418732974,2407.50891318201,-73.8,0.2349,443.2,0.23261395656805994,long_nclose,103.09450555096416,0.04284088377950496,328.0
1706919360000.0,573134,1706919360000.0,0.14470654924180545,-0.002973834,2406.593151448216,2407.49960934801,-63.3,0.2349,379.9,0.23261395656805994,long_nclose,88.37004210020596,0.03671997572461615,62.0
1706922180000.0,573181,1706922180000.0,0.12390355401115097,-0.0025463160000000003,2406.714508686227,2407.52421303201,-54.2,0.2349,325.7,0.23261395656805994,long_nclose,75.76236565421712,0.03147958155434653,47.0
1706926740000.0,573257,1706926740000.0,0.10630101958521254,-0.0021845700000000003,2406.8186251358125,2407.5127284620103,-46.5,0.2349,279.2,0.23261395656805994,long_nclose,64.94581667380233,0.02698409260902971,76.0
1706927580000.0,573271,1706927580000.0,0.09098452859121417,-0.001869804,2406.907739860404,2407.4789586580105,-39.8,0.2349,239.4,0.23261395656805994,long_nclose,55.68778120239355,0.023136649685468764,14.0
1706928060000.0,573279,1706928060000.0,0.07818268537234987,-0.0016067160000000002,2406.9843158297763,2407.4328919420104,-34.2,0.2349,205.2,0.23261395656805994,long_nclose,47.7323838877659,0.019830783098107055,8.0
1706940900000.0,573493,1706940900000.0,0.0,-0.014500375999999997,2406.9698154537764,2407.0384615660105,310.9,0.2332,516.1,0.23296699067577192,long_ientry_partial,120.23426388776589,0.04995254328318139,214.0
1707028080000.0,574946,1707028080000.0,0.0,-0.024070848000000002,2406.9457446057763,2403.5565207180102,531.6,0.2264,1047.7,0.2296349182855454,long_rentry,240.5885038877659,0.09995593146499067,1453.0
1707095280000.0,576066,1707095280000.0,0.0,-0.024069416000000003,2406.921675189776,2399.49715130201,540.4,0.2227,1588.1,0.22727509847475974,long_rentry,360.9355838877659,0.1499573449390735,1120.0
1707129540000.0,576637,1707129540000.0,0.5046076659244931,-0.010410120000000002,2407.4158727357008,2410.1723711820105,-226.8,0.2295,1361.3,0.22727509847475974,long_nclose,309.3895915536904,0.1285152245848206,571.0
1707134280000.0,576716,1707134280000.0,0.43252085650670835,-0.00892296,2407.839470632208,2410.6690882220105,-194.4,0.2295,1166.9,0.22727509847475974,long_nclose,265.2073124101972,0.11014326978391285,79.0
1707137220000.0,576765,1707137220000.0,0.37089108425755285,-0.00765153,2408.202710186465,2410.6280966920103,-166.7,0.2295,1000.2,0.22727509847475974,long_nclose,227.3205534944547,0.09439427691568933,49.0
1707142980000.0,576861,1707142980000.0,0.31771593780431046,-0.006554520000000001,2408.5138716042693,2410.42150217201,-142.8,0.2295,857.4,0.22727509847475974,long_nclose,194.86566943225898,0.08090701562057533,96.0
1707143040000.0,576862,1707143040000.0,0.27232794668940896,-0.0056181600000000005,2408.780581390959,2410.4893840120108,-122.4,0.2295,735.0,0.22727509847475974,long_nclose,167.0471973789484,0.06934927932808492,1.0
1707144840000.0,576892,1707144840000.0,0.23361466015022828,-0.0048195,2409.009376551109,2410.6000645120107,-105.0,0.2295,630.0,0.22727509847475974,long_nclose,143.18331203909864,0.05943659390985392,30.0
1707145080000.0,576896,1707145080000.0,0.20024113727162424,-0.004131,2409.2054866883805,2410.51493351201,-90.0,0.2295,540.0,0.22727509847475974,long_nclose,122.72855317637026,0.05094150492952311,4.0
1707145260000.0,576899,1707145260000.0,0.17153990759602475,-0.0035388900000000003,2409.3734877059765,2410.40339462201,-77.1,0.2295,462.9,0.22727509847475974,long_nclose,105.20564308396628,0.04366514515943112,3.0
1707145620000.0,576905,1707145620000.0,0.1470659908183818,-0.0030339900000000003,2409.5175197067947,2410.47972063201,-66.1,0.2295,396.8,0.22727509847475974,long_nclose,90.18275907478467,0.037427724985273685,6.0
1707146340000.0,576917,1707146340000.0,0.0,-0.006018476,2409.5115012307947,2409.61400215601,132.1,0.2278,528.9,0.22740619980106763,long_ientry_partial,120.27513907478466,0.04991681467938514,12.0
1707249420000.0,578635,1707249420000.0,0.16563191501939367,-0.0034669600000000003,2409.673666185814,2410.75901519601,-75.5,0.2296,453.4,0.22740619980106763,long_nclose,103.10597098980406,0.04278835447166869,1718.0
1707253500000.0,578703,1707253500000.0,0.1419388728709241,-0.0029710240000000005,2409.812634034685,2410.7431041720097,-64.7,0.2296,388.7,0.22740619980106763,long_nclose,88.39278986267499,0.0366803578893523,68.0
1707256380000.0,578751,1707256380000.0,0.12175591104074633,-0.0025485600000000005,2409.931841385726,2410.76277561201,-55.5,0.2296,333.2,0.22740619980106763,long_nclose,75.77174577371574,0.031441447626231,48.0
1707257280000.0,578766,1707257280000.0,0.10442488946918065,-0.002185792,2410.034080483195,2410.68918982001,-47.6,0.2296,285.6,0.22740619980106763,long_nclose,64.94721066318492,0.026948668979055873,15.0
1707257820000.0,578775,1707257820000.0,0.08950704811644054,-0.001873536,2410.1217139953114,2410.70771628401,-40.8,0.2296,244.8,0.22740619980106763,long_nclose,55.66903771130136,0.023098019236139564,9.0
1707261900000.0,578843,1707261900000.0,0.07656362694273958,-0.0016026080000000002,2410.1966750142537,2410.7201236760097,-34.9,0.2296,209.9,0.22740619980106763,long_nclose,47.732561338244096,0.019804425851662835,68.0
1707262320000.0,578850,1707262320000.0,0.06559462594807774,-0.001373008,2410.260896632202,2410.65578066801,-29.9,0.2296,180.0,0.22740619980106763,long_nclose,40.933115964192176,0.01698285692697708,7.0
1707262380000.0,578851,1707262380000.0,0.05638066511256181,-0.001180144,2410.3160971533143,2410.7008905240095,-25.7,0.2296,154.3,0.22740619980106763,long_nclose,35.08877662930474,0.014557748948673609,1.0
1707262560000.0,578854,1707262560000.0,0.04826360437651206,-0.00101024,2410.363350517691,2410.6668202840096,-22.0,0.2296,132.3,0.22740619980106763,long_nclose,30.08584023368125,0.012481869269717987,3.0
1707262860000.0,578859,1707262860000.0,0.04146282375982172,-0.000867888,2410.403945453451,2410.6640623960097,-18.9,0.2296,113.4,0.22740619980106763,long_nclose,25.787863057441072,0.010698564904891822,5.0
1707263460000.0,578869,1707263460000.0,0.03553956322270433,-0.000743904,2410.4387411126736,2410.6616984920097,-16.2,0.2296,97.2,0.22740619980106763,long_nclose,22.103882620663775,0.00917006611437903,10.0
1707263580000.0,578871,1707263580000.0,0.030274442745266656,-0.0006336960000000001,2410.468381859419,2410.65968479601,-13.8,0.2296,83.4,0.22740619980106763,long_nclose,18.965677063409043,0.007868046395522122,2.0
1707264840000.0,578892,1707264840000.0,0.0,-0.020295624,2410.448086235419,2410.4781991720097,444.3,0.2284,527.7,0.22824293550011188,long_ientry_partial,120.44379706340905,0.04996738894780154,21.0
1707324060000.0,579879,1707324060000.0,0.16995695684157647,-0.00347133,2410.61457186226,2411.6809078420097,-75.3,0.2305,452.4,0.22824293550011188,long_nclose,103.25710402025061,0.0428343482303278,987.0
1707324540000.0,579887,1707324540000.0,0.14580636669277344,-0.0029780600000000003,2410.757400168953,2411.67146978201,-64.6,0.2305,387.8,0.22824293550011188,long_nclose,88.5126103869434,0.03671568544422602,8.0
1707324840000.0,579892,1707324840000.0,0.1250413732938026,-0.00255394,2410.879887602247,2411.59689584201,-55.4,0.2305,332.4,0.22824293550011188,long_nclose,75.86795176023718,0.0314689886254317,5.0
1707324900000.0,579893,1707324900000.0,0.10698485729469755,-0.0021851400000000003,2410.9846873195415,2411.7134507020096,-47.4,0.2305,285.0,0.22824293550011188,long_nclose,65.04923661753189,0.026980360746235856,1.0
1707326220000.0,579915,1707326220000.0,0.2069605637446859,-0.0022097,2411.1894381832863,2412.22424100201,-47.5,0.2326,237.5,0.22824293550011188,long_nclose,54.20769718127657,0.022481724713475617,22.0
1707326280000.0,579916,1707326280000.0,0.1721040477455809,-0.00183754,2411.3597046910318,2412.3016034620096,-39.5,0.2326,198.0,0.22824293550011188,long_nclose,45.19210122902215,0.01874133549677634,1.0
1707326580000.0,579921,1707326580000.0,0.14378312849630812,-0.00153516,2411.501952659528,2412.2208683020094,-33.0,0.2326,165.0,0.22824293550011188,long_nclose,37.66008435751846,0.01561685833013114,5.0
1707326640000.0,579922,1707326640000.0,0.11981927374692343,-0.0012793,2411.620492633275,2412.2333390020094,-27.5,0.2326,137.5,0.22824293550011188,long_nclose,31.383403631265384,0.01301340892032208,1.0
1707327240000.0,579932,1707327240000.0,0.09977677704743805,-0.001065308,2411.7192041023222,2412.229983694009,-22.9,0.2326,114.6,0.22824293550011188,long_nclose,26.15664040831282,0.010845640887139974,10.0
1707327360000.0,579934,1707327360000.0,0.08321993194786319,-0.000888532,2411.8015355022703,2412.22718516201,-19.1,0.2326,95.5,0.22824293550011188,long_nclose,21.797200340260684,0.009037725542255824,2.0
1707330660000.0,579989,1707330660000.0,0.06927732554822119,-0.0007396680000000001,2411.8700731598187,2412.2248554940097,-15.9,0.2326,79.6,0.22824293550011188,long_nclose,18.168137665808903,0.007532801152097972,55.0
1707336300000.0,580083,1707336300000.0,0.057513251398523244,-0.000614064,2411.9269723472175,2412.23620143001,-13.2,0.2326,66.4,0.22824293550011188,long_nclose,15.15533091720743,0.006283494936191496,94.0
1707336480000.0,580086,1707336480000.0,0.04792770949876937,-0.00051172,2411.9743883367164,2412.2213097100102,-11.0,0.2326,55.4,0.22824293550011188,long_nclose,12.644658626706198,0.0052424514488422416,3.0
1707336960000.0,580094,1707336960000.0,0.040084993398970745,-0.000427984,2412.0140453461154,2412.23844172601,-9.2,0.2326,46.2,0.22824293550011188,long_nclose,10.54482362010517,0.004371791963836606,8.0
1707341040000.0,580162,1707341040000.0,0.060324993398970815,-0.000432032,2412.0739383075143,2412.33504969401,-9.2,0.2348,37.0,0.22824293550011188,long_nclose,8.44498861350414,0.0035011317353852577,68.0
1707342720000.0,580190,1707342720000.0,0.04852227729917218,-0.00034750400000000005,2412.1221130808135,2412.3221221900103,-7.4,0.2348,29.6,0.22824293550011188,long_nclose,6.755990890803312,0.0028008494487762135,28.0
1707346980000.0,580261,1707346980000.0,0.038686680549339984,-0.00027706400000000004,2412.160522697363,2412.31829512601,-5.9,0.2348,23.7,0.22824293550011188,long_nclose,5.409357571352651,0.002242536315660998,71.0
1707347160000.0,580264,1707347160000.0,0.030818203149474224,-0.00022071200000000002,2412.1911201885123,2412.32710441401,-4.7,0.2348,19.0,0.22824293550011188,long_nclose,4.336615774502126,0.0017977911195375016,3.0
1707347580000.0,580271,1707347580000.0,0.0249168450995749,-0.00017844800000000002,2412.215858585612,2412.31704596601,-3.8,0.2348,15.2,0.22824293550011188,long_nclose,3.4692926196017004,0.0014382181458818114,7.0
1707349200000.0,580298,1707349200000.0,0.019671193499664397,-0.00014088000000000002,2412.2353888991115,2412.31782508601,-3.0,0.2348,12.2,0.22824293550011188,long_nclose,2.784563813101365,0.0011543499551974383,27.0
1707349380000.0,580301,1707349380000.0,0.015736954799731518,-0.00011270400000000001,2412.251013149911,2412.31625238201,-2.4,0.2348,9.8,0.22824293550011188,long_nclose,2.2367807679010965,0.0009272587121770192,3.0
1707349980000.0,580311,1707349980000.0,0.01245842254978745,-8.922400000000001e-05,2412.2633823484607,2412.31518315801,-1.9,0.2348,7.9,0.22824293550011188,long_nclose,1.8031191904508839,0.0007474802310747079,10.0
1707350040000.0,580312,1707350040000.0,0.009835596749832198,-7.044000000000001e-05,2412.2731475052105,2412.3157527180097,-1.5,0.2348,6.4,0.22824293550011188,long_nclose,1.460754787200716,0.0006055511535712441,1.0
1707356580000.0,580421,1707356580000.0,0.007868477399865759,-5.6352000000000005e-05,2412.2809596306106,2412.31557636601,-1.2,0.2348,5.2,0.22824293550011188,long_nclose,1.186863264600582,0.0004920087189107212,109.0
1707356880000.0,580426,1707356880000.0,0.006557064499888132,-4.6960000000000004e-05,2412.2874697351103,2412.31584940601,-1.0,0.2348,4.2,0.22824293550011188,long_nclose,0.9586203291004699,0.0003973905851302766,5.0
1707357720000.0,580440,1707357720000.0,0.005245651599910506,-3.7568000000000004e-05,2412.29267781871,2412.3153118380096,-0.8,0.2348,3.4,0.22824293550011188,long_nclose,0.7760259807003803,0.0003216964458069381,14.0
1707367200000.0,580598,1707367200000.0,0.0,-0.023963446,2412.2687143727103,2412.12837839201,514.9,0.2327,518.3,0.2326707620696515,long_ientry_partial,120.59325598070036,0.04999163453979446,158.0
1707393960000.0,581044,1707393960000.0,0.1649636068457881,-0.0034765200000000003,2412.4302014595564,2413.46508187201,-74.0,0.2349,444.3,0.2326707620696515,long_nclose,103.37561958754617,0.042851237530106515,446.0
1707401580000.0,581171,1707401580000.0,0.1413336847840941,-0.002978532,2412.5685566123407,2413.5319433400105,-63.4,0.2349,380.9,0.2326707620696515,long_nclose,88.62429327233025,0.03673441446023566,127.0
1707405720000.0,581240,1707405720000.0,0.12127054341095773,-0.002555712,2412.687271443752,2413.317167628011,-54.4,0.2349,326.5,0.2326707620696515,long_nclose,75.96700381574122,0.031486469346805386,69.0
1707408000000.0,581278,1707408000000.0,0.10388248755423952,-0.0021892680000000003,2412.7889646633057,2413.41292836001,-46.6,0.2349,279.9,0.2326707620696515,long_nclose,65.12454630329545,0.026991397613749985,38.0
1707408180000.0,581281,1707408180000.0,0.08894659342090466,-0.0018745020000000001,2412.8760367547266,2413.4110538580103,-39.9,0.2349,240.0,0.2326707620696515,long_nclose,55.84098289671636,0.023142914118299027,3.0
1707410820000.0,581325,1707410820000.0,0.0,-0.012972568000000002,2412.8630641867267,2412.7461712900104,279.1,0.2324,519.1,0.23252518377329295,long_ientry_partial,120.70382289671637,0.05002514427290986,44.0
1707446400000.0,581918,1707446400000.0,0.16856388239899275,-0.0034797359999999998,2413.028148333126,2413.9959415540106,-74.1,0.2348,445.0,0.23252518377329295,long_nclose,103.47370677911536,0.042881268024408684,593.0
1707446520000.0,581920,1707446520000.0,0.14445083039589798,-0.00298196,2413.1696172035217,2414.1137595940104,-63.5,0.2348,381.5,0.23252518377329295,long_nclose,88.70835760951127,0.03676010048241453,2.0
1707450900000.0,581993,1707450900000.0,0.12397748435553449,-0.00255932,2413.2910353678776,2414.0676002740106,-54.5,0.2348,327.0,0.23252518377329295,long_nclose,76.03573509386679,0.03150707228408365,73.0
1707451260000.0,581999,1707451260000.0,0.10623391778721947,-0.002193032,2413.3950762536647,2414.1167972420108,-46.7,0.2348,280.3,0.23252518377329295,long_nclose,65.17680901165402,0.027006274129318508,6.0
1707454620000.0,582055,1707454620000.0,0.0909926490682822,-0.0018784,2413.484190502733,2414.1029188420107,-40.0,0.2348,240.3,0.23252518377329295,long_nclose,55.8758016607223,0.02315150929125551,56.0
1707454800000.0,582058,1707454800000.0,0.07802619657605198,-0.001610728,2413.560605971309,2414.0498181140106,-34.3,0.2348,206.0,0.23252518377329295,long_nclose,47.90018785729835,0.019846275141709765,3.0
1707454920000.0,582060,1707454920000.0,0.06687959706518741,-0.001380624,2413.626104944374,2414.027837490011,-29.4,0.2348,176.6,0.23252518377329295,long_nclose,41.063947454363536,0.017013383875092748,2.0
1707455040000.0,582062,1707455040000.0,0.05732536891301778,-0.0011833920000000001,2413.6822469212875,2414.208334098011,-25.2,0.2348,151.4,0.23252518377329295,long_nclose,35.20431282327655,0.014585313733065128,2.0
1707465360000.0,582234,1707465360000.0,0.11276536891301726,-0.00119448,2413.793817810201,2414.3837796180114,-25.2,0.237,126.2,0.23252518377329295,long_nclose,29.344678192189573,0.012157077367449358,172.0
1707466620000.0,582255,1707466620000.0,0.09397114076084773,-0.0009954,2413.8867935509616,2414.368064218011,-21.0,0.237,105.2,0.23252518377329295,long_nclose,24.46164933295042,0.010133718531582823,21.0
1707466920000.0,582260,1707466920000.0,0.0783092839673731,-0.0008295,2413.964273334929,2414.3654847180114,-17.5,0.237,87.7,0.23252518377329295,long_nclose,20.392458616917793,0.008447705230013737,5.0
1707469140000.0,582297,1707469140000.0,0.11680928396737324,-0.0008372000000000001,2414.0802454188965,2414.541797518011,-17.5,0.2392,70.2,0.23252518377329295,long_nclose,16.323267900885167,0.006761692338877789,37.0
1707469200000.0,582298,1707469200000.0,0.09344742717389859,-0.00066976,2414.1730230860703,2414.5537677580114,-14.0,0.2392,56.2,0.23252518377329295,long_nclose,13.067915328059065,0.005412998655479204,1.0
1707476280000.0,582416,1707476280000.0,0.07475794173911887,-0.0005358079999999999,2414.2472452198094,2414.5521119500113,-11.2,0.2392,45.0,0.23252518377329295,long_nclose,10.463633269798184,0.004334118342898017,118.0
1707476940000.0,582427,1707476940000.0,0.06007334604036338,-0.00043056,2414.30688800585,2414.5543813900113,-9.0,0.2392,36.0,0.23252518377329295,long_nclose,8.370906615838546,0.0034672090186317122,11.0
1707477120000.0,582430,1707477120000.0,0.0480586768322907,-0.000344448,2414.3546022346823,2414.5525969420114,-7.2,0.2392,28.8,0.23252518377329295,long_nclose,6.696725292670838,0.002773712397703499,3.0
1707478020000.0,582445,1707478020000.0,0.03804645249223014,-0.000272688,2414.3923759991744,2414.546564254011,-5.7,0.2392,23.1,0.23252518377329295,long_nclose,5.371331745163068,0.002224713678918983,15.0
1707478140000.0,582447,1707478140000.0,0.03070415464285239,-0.000220064,2414.4228600898173,2414.5463441900115,-4.6,0.2392,18.5,0.23252518377329295,long_nclose,4.301715899805919,0.0017816746067612589,2.0
1707478200000.0,582448,1707478200000.0,0.024696820038816056,-0.000177008,2414.4473799018565,2414.5476471820116,-3.7,0.2392,14.8,0.23252518377329295,long_nclose,3.4413727198447357,0.001425325210435782,1.0
1707480480000.0,582486,1707480480000.0,0.033206820038816046,-0.00017871000000000003,2414.480408011895,2414.571148472012,-3.7,0.2415,11.1,0.23252518377329295,long_nclose,2.5810295398835517,0.0010689792848676684,38.0
1707483240000.0,582532,1707483240000.0,0.014684595698755494,-0.00010524800000000002,2414.494987359594,2414.5561732240117,-2.2,0.2392,8.9,0.23252518377329295,long_nclose,2.069474135582307,0.0008571043412458731,46.0
1707488100000.0,582613,1707488100000.0,0.019744595698755488,-0.00010626,2414.5146256952926,2414.5814569640115,-2.2,0.2415,6.7,0.23252518377329295,long_nclose,1.5579187312810627,0.0006452306044045762,81.0
1707488220000.0,582615,1707488220000.0,0.014359705962731263,-7.728e-05,2414.5289081212554,2414.574169684012,-1.6,0.2415,5.1,0.23252518377329295,long_nclose,1.185878437243794,0.0004911427787238737,2.0
1707488460000.0,582619,1707488460000.0,0.006674816226707042,-4.784e-05,2414.535535097482,2414.5633118440114,-1.0,0.2392,4.1,0.23252518377329295,long_nclose,0.953353253470501,0.00039483918940626044,4.0
1707488700000.0,582623,1707488700000.0,0.0,-0.023948912,2414.511586185482,2414.2264729320113,504.4,0.2374,508.5,0.23736069469709045,long_ientry_partial,120.69791325347049,0.049988541758937126,4.0
1707489180000.0,582631,1707489180000.0,0.16983356499123292,-0.003480444,2414.677939306473,2415.5232824880113,-72.6,0.2397,435.9,0.23736069469709045,long_nclose,103.46552681846173,0.042848582469005525,8.0
1707492720000.0,582690,1707492720000.0,0.14550478984097368,-0.0029818680000000004,2414.820462228314,2415.7320306200118,-62.2,0.2397,373.7,0.23736069469709045,long_nclose,88.7016916083027,0.036732209700779075,59.0
1707493920000.0,582710,1707493920000.0,0.12468497264507872,-0.002555202,2414.942591998959,2415.692105418011,-53.3,0.2397,320.4,0.23736069469709045,long_nclose,76.05036658094778,0.03149158362311106,20.0
1707493980000.0,582711,1707493980000.0,0.10690625234296619,-0.002190858,2415.0473073933017,2415.717384560011,-45.7,0.2397,274.7,0.23736069469709045,long_nclose,65.20298283329075,0.02699863585847022,1.0
1707494580000.0,582721,1707494580000.0,0.09170076787405415,-0.0018792480000000002,2415.1371289131757,2415.711585312011,-39.2,0.2397,235.5,0.23736069469709045,long_nclose,55.8984436011648,0.023145039232749236,10.0
1707496920000.0,582760,1707496920000.0,0.0786006581777607,-0.001610784,2415.2141187873535,2415.706614528011,-33.6,0.2397,201.9,0.23736069469709045,long_nclose,47.923124259342565,0.019842184544451122,39.0
1707497040000.0,582762,1707497040000.0,0.06737199272379489,-0.001380672,2415.2801101080777,2415.7023538560115,-28.8,0.2397,173.1,0.23736069469709045,long_nclose,41.08713625206636,0.017011333832508482,2.0
1707497640000.0,582772,1707497640000.0,0.05778084098186575,-0.001184118,2415.3367068310595,2415.639339738011,-24.7,0.2397,148.4,0.23736069469709045,long_nclose,35.224327093048224,0.014583609396332495,10.0
1707501600000.0,582838,1707501600000.0,0.04959327242168234,-0.0010163280000000002,2415.385283775481,2415.708283410011,-21.2,0.2397,127.2,0.23736069469709045,long_nclose,30.192280365469905,0.01249998522731597,66.0
1707503040000.0,582862,1707503040000.0,0.04234142598266276,-0.0008677140000000002,2415.426757487464,2415.725615696011,-18.1,0.2397,109.1,0.23736069469709045,long_nclose,25.896051791452567,0.01072110827255625,24.0
1707505320000.0,582900,1707505320000.0,0.0,-0.01895908,2415.407798407464,2415.426806616011,398.3,0.238,507.4,0.2378625380202061,long_ientry_partial,120.69145179145256,0.049967318922720765,38.0
1707515520000.0,583070,1707515520000.0,0.1692322473370782,-0.0034780960000000004,2415.573552558801,2416.6773485200115,-72.4,0.2402,435.0,0.2378625380202061,long_nclose,103.47020403878965,0.042834631936247335,170.0
1707515940000.0,583077,1707515940000.0,0.14515638894520105,-0.002983284,2415.715725663746,2416.624655236011,-62.1,0.2402,372.9,0.2378625380202061,long_nclose,88.69894042773485,0.03671745788853686,7.0
1707516060000.0,583079,1707516060000.0,0.12435297732503536,-0.002555728,2415.837522913071,2416.6167795080114,-53.2,0.2402,319.7,0.2378625380202061,long_nclose,76.04465340505989,0.03147755289162143,2.0
1707516480000.0,583086,1707516480000.0,0.10658826627860174,-0.002190624,2415.94192055535,2416.6100288840116,-45.6,0.2402,274.1,0.2378625380202061,long_nclose,65.1981216713385,0.026986626258114464,7.0
1707519540000.0,583137,1707519540000.0,0.0913947634099414,-0.0018783640000000002,2416.03143695476,2416.6042405200114,-39.1,0.2402,235.0,0.2378625380202061,long_nclose,55.89769643474843,0.023136162708711938,51.0
1707519840000.0,583142,1707519840000.0,0.07830497632309558,-0.00160934,2416.108132591083,2416.5992811800115,-33.5,0.2402,201.5,0.2378625380202061,long_nclose,47.92930141107153,0.019837399148055174,5.0
1707520560000.0,583154,1707520560000.0,0.06708515882008487,-0.001378748,2416.173839001903,2416.5950324320115,-28.7,0.2402,172.8,0.2378625380202061,long_nclose,41.10264656989162,0.017011460808991585,12.0
1707524100000.0,583213,1707524100000.0,0.057501564702929886,-0.0011817840000000002,2416.230158782606,2416.5913906480114,-24.6,0.2402,148.2,0.2378625380202061,long_nclose,35.25122813459454,0.014589350276281433,59.0
1707524580000.0,583221,1707524580000.0,0.049320447773651244,-0.0010136440000000002,2416.2784655863793,2416.588267004011,-21.1,0.2402,127.1,0.2378625380202061,long_nclose,30.232328582368194,0.012511938922996383,8.0
1707524700000.0,583223,1707524700000.0,0.04230806183426955,-0.0008695240000000001,2416.3199041242137,2416.5855874800113,-18.1,0.2402,109.0,0.2378625380202061,long_nclose,25.927016644202464,0.01072996030035171,2.0
1707525000000.0,583228,1707525000000.0,0.036230660686805416,-0.0007446200000000001,2416.3553901649,2416.5832928600107,-15.5,0.2402,93.5,0.2378625380202061,long_nclose,22.24014730488927,0.009204005087749748,5.0
1707528480000.0,583286,1707528480000.0,0.03108824433125884,-0.000638932,2416.3858394772315,2416.581323928011,-13.3,0.2402,80.2,0.2378625380202061,long_nclose,19.07657554922053,0.007894672795031614,58.0
1707528780000.0,583291,1707528780000.0,0.026647066569650435,-0.000547656,2416.411938887801,2416.586516272011,-11.4,0.2402,68.8,0.2378625380202061,long_nclose,16.364942615790177,0.0067724142363418584,5.0
1707529200000.0,583298,1707529200000.0,0.0229071274019802,-0.0004707920000000001,2416.434375223203,2416.589985480011,-9.8,0.2402,59.0,0.2378625380202061,long_nclose,14.03388974319216,0.005807685028440248,7.0
1707529740000.0,583307,1707529740000.0,0.01963468063026874,-0.000403536,2416.4536063678333,2416.5820019440107,-8.4,0.2402,50.6,0.2378625380202061,long_nclose,12.035844423822429,0.0049807885374275745,9.0
1707543360000.0,583534,1707543360000.0,0.016829726254516064,-0.00034588800000000003,2416.4700902060877,2416.5758760560107,-7.2,0.2402,43.4,0.2378625380202061,long_nclose,10.323234150076944,0.004272030592026294,227.0
1707544740000.0,583557,1707544740000.0,0.014492264274722166,-0.000297848,2416.4842846223623,2416.5749582080107,-6.2,0.2402,37.2,0.2378625380202061,long_nclose,8.848486414351667,0.0036617189984061785,23.0
1707545040000.0,583562,1707545040000.0,0.012388548492907658,-0.000254612,2416.496418558855,2416.5773635960104,-5.3,0.2402,31.9,0.2378625380202061,long_nclose,7.587814962844575,0.0031400067074669117,5.0
1707548940000.0,583627,1707548940000.0,0.01051857890907254,-0.00021618,2416.506720957764,2416.5735074160107,-4.5,0.2402,27.4,0.2378625380202061,long_nclose,6.517433541753647,0.0026970475543186202,65.0
1707552120000.0,583680,1707552120000.0,0.009116101721196201,-0.00018735599999999999,2416.5156497034855,2416.570580060011,-3.9,0.2402,23.5,0.2378625380202061,long_nclose,5.589769643474844,0.002313152676731362,53.0
1707552240000.0,583682,1707552240000.0,0.007713624533319863,-0.000158532,2416.5232047960185,2416.57244152801,-3.3,0.2402,20.2,0.2378625380202061,long_nclose,4.804823268008163,0.00198832076533432,2.0
1707554220000.0,583715,1707554220000.0,0.006544893543422914,-0.000134512,2416.529615177562,2416.5720270160105,-2.8,0.2402,17.4,0.2378625380202061,long_nclose,4.1388081615515855,0.0017127074030282364,33.0
1707555120000.0,583730,1707555120000.0,0.0,-0.023331924,2416.506283253562,2416.43209509201,487.3,0.2394,504.7,0.23934699457410658,long_ientry_partial,120.79842816155158,0.04998887401977275,15.0
1707594720000.0,584390,1707594720000.0,0.16965169120691578,-0.0034853139999999998,2416.672449630769,2417.7336197780105,-72.1,0.2417,432.6,0.23934699457410658,long_nclose,103.54150985275851,0.042844660172535215,660.0
1707597840000.0,584442,1707597840000.0,0.14541573532021354,-0.002987412,2416.814877954089,2417.72445236601,-61.8,0.2417,370.8,0.23934699457410658,long_nclose,88.74986558807872,0.0367218302062127,52.0
1707604620000.0,584555,1707604620000.0,0.12447398702976208,-0.002557186,2416.9367947551186,2417.78018518001,-52.9,0.2417,317.9,0.23934699457410658,long_nclose,76.08840957510847,0.031481340240350666,113.0
1707607020000.0,584595,1707607020000.0,0.1068264463355614,-0.002194636,2417.0414265654545,2417.7371205440104,-45.4,0.2417,272.5,0.23934699457410658,long_nclose,65.22205602144405,0.026984252443750082,40.0
1707610680000.0,584656,1707610680000.0,0.0,-0.01110274,2417.0303238254546,2417.1537678040104,231.5,0.2398,504.0,0.23955507147111915,long_ientry_partial,120.73575602144405,0.04995210644703643,61.0
1707617340000.0,584767,1707617340000.0,0.16883485407942134,-0.0034833600000000004,2417.195675319534,2418.2086844440105,-72.0,0.2419,432.0,0.23955507147111915,long_nclose,103.48779087552347,0.04281316234849014,111.0
1707617400000.0,584768,1707617400000.0,0.14468209023194856,-0.0029850460000000003,2417.337372363766,2418.279759398011,-61.7,0.2419,370.3,0.23955507147111915,long_nclose,88.70724296575543,0.03669626092737484,1.0
1707623940000.0,584877,1707623940000.0,0.12404671917779707,-0.002559302,2417.458859780944,2418.1396600960106,-52.9,0.2419,317.4,0.23955507147111915,long_nclose,76.03477968493321,0.03145235724583253,109.0
1707624000000.0,584878,1707624000000.0,0.10622526235830258,-0.002191614,2417.562893429302,2418.2281584820107,-45.3,0.2419,272.1,0.23955507147111915,long_nclose,65.18293494729153,0.02696224992716935,1.0
1707624900000.0,584893,1707624900000.0,0.09098322692057705,-0.0018771439999999999,2417.651999512223,2418.245731338011,-38.8,0.2419,233.3,0.23955507147111915,long_nclose,55.8881981742121,0.023116725726236822,15.0
1707625320000.0,584900,1707625320000.0,0.07808612001173236,-0.001611054,2417.728474578235,2418.237460284011,-33.3,0.2419,200.0,0.23955507147111915,long_nclose,47.91101429422383,0.019816540524709565,7.0
1707625500000.0,584903,1707625500000.0,0.06683046307310428,-0.00137883,2417.793926211308,2418.2132314540113,-28.5,0.2419,171.5,0.23955507147111915,long_nclose,41.08369475729693,0.016992223494280687,3.0
1707625800000.0,584908,1707625800000.0,0.05745074895758087,-0.00118531,2417.850191650266,2418.2242961440115,-24.5,0.2419,147.0,0.23955507147111915,long_nclose,35.21459550625452,0.014564424060623601,5.0
1707626100000.0,584913,1707626100000.0,0.04924349910649789,-0.00101598,2417.8984191693726,2418.1938801640117,-21.0,0.2419,126.0,0.23955507147111915,long_nclose,30.18393900536101,0.012483543049641508,5.0
1707626160000.0,584914,1707626160000.0,0.042208713519855334,-0.0008708400000000001,2417.9397570428923,2418.2038093240117,-18.0,0.2419,108.0,0.23955507147111915,long_nclose,25.871947718880868,0.010699996823130909,1.0
1707628860000.0,584959,1707628860000.0,0.03611189934476512,-0.0007450520000000001,2417.975123890237,2418.210784272011,-15.4,0.2419,92.6,0.23955507147111915,long_nclose,22.182799618225634,0.009174122346856954,45.0
1707628980000.0,584961,1707628980000.0,0.030953056581227243,-0.0006386159999999999,2418.0054383308184,2418.1995656560116,-13.2,0.2419,79.4,0.23955507147111915,long_nclose,19.02067267480686,0.007866265465447872,2.0
1707633120000.0,585030,1707633120000.0,0.02649769237635363,-0.000546694,2418.0313893291946,2418.1978889620113,-11.3,0.2419,68.1,0.23955507147111915,long_nclose,16.313700367183213,0.006746686763114736,69.0
1707633300000.0,585033,1707633300000.0,0.02274580673014426,-0.00046928599999999997,2418.0536658499245,2418.2022896760113,-9.7,0.2419,58.4,0.23955507147111915,long_nclose,13.990016173913357,0.0057856516468157,3.0
1707634380000.0,585051,1707634380000.0,0.019462906789711073,-0.0004015540000000001,2418.0727272027143,2418.2052381220115,-8.3,0.2419,50.1,0.23955507147111915,long_nclose,12.001709080703069,0.00496333668780382,18.0
1707634740000.0,585057,1707634740000.0,0.01664899255505405,-0.000343498,2418.0890326972694,2418.1726646240113,-7.1,0.2419,43.0,0.23955507147111915,long_nclose,10.300868073258124,0.004259920926802257,6.0
1707636000000.0,585078,1707636000000.0,0.014304064026173196,-0.00029511800000000003,2418.1030416432955,2418.189569506011,-6.1,0.2419,36.9,0.23955507147111915,long_nclose,8.839582137284296,0.0036555853845157437,21.0
1707636120000.0,585080,1707636120000.0,0.01219362835018043,-0.00025157600000000005,2418.1149836956456,2418.1924879300113,-5.2,0.2419,31.7,0.23955507147111915,long_nclose,7.5938957656344765,0.003140419631339697,2.0
1707636300000.0,585083,1707636300000.0,0.010552178379963834,-0.00021771000000000003,2418.1253181640254,2418.191820220011,-4.5,0.2419,27.2,0.23955507147111915,long_nclose,6.515897944014441,0.0026946072211682026,3.0
1707636540000.0,585087,1707636540000.0,0.008910728409747238,-0.00018384399999999998,2418.1340450484354,2418.191256376011,-3.8,0.2419,23.4,0.23955507147111915,long_nclose,5.6055886724241875,0.002318146375674516,4.0
1707636660000.0,585089,1707636660000.0,0.007738264145306811,-0.00015965399999999999,2418.1416236585806,2418.190766722011,-3.3,0.2419,20.1,0.23955507147111915,long_nclose,4.815056936569495,0.001991222056417212,2.0
1707642660000.0,585189,1707642660000.0,0.006565799880866385,-0.000135464,2418.1480539944614,2418.190351258011,-2.8,0.2419,17.3,0.23955507147111915,long_nclose,4.144302736450362,0.0017138333319188296,100.0
1707642960000.0,585194,1707642960000.0,0.005627828469314045,-0.000116112,2418.1535657109307,2418.189995146011,-2.4,0.2419,14.9,0.23955507147111915,long_nclose,3.5693705649196756,0.0014760727422496389,5.0
1707648480000.0,585286,1707648480000.0,0.0,-0.023467698000000002,2418.130098012931,2418.141197448011,488.3,0.2403,503.2,0.240277942299125,long_ientry_partial,120.9078605649197,0.05000056062503596,92.0
1707753300000.0,587033,1707753300000.0,0.16672374292282593,-0.003483736,2418.2933380198538,2418.993093712011,-71.8,0.2426,431.4,0.240277942299125,long_nclose,103.65590430784252,0.04286324685189681,1747.0
1707753600000.0,587038,1707753600000.0,0.14303875437390082,-0.0029888320000000003,2418.4333879422275,2419.107184880011,-61.6,0.2426,369.8,0.240277942299125,long_nclose,88.85478306221643,0.03674063693679829,5.0
1707755220000.0,587065,1707755220000.0,0.12260464660620068,-0.002561856,2418.553430732834,2419.3212230240115,-52.8,0.2426,317.0,0.240277942299125,long_nclose,76.16810770882262,0.03149324994889333,27.0
1707755460000.0,587069,1707755460000.0,0.1049570080795506,-0.0021931040000000004,2418.6561946369134,2419.423229920011,-45.2,0.2426,271.8,0.240277942299125,long_nclose,65.30754471690217,0.027001582474480663,4.0
1707757200000.0,587098,1707757200000.0,0.0900958387939505,-0.001882576,2418.7444078997073,2419.285447344011,-38.8,0.2426,233.0,0.240277942299125,long_nclose,55.98476055569613,0.023146207748469767,29.0
1707757260000.0,587099,1707757260000.0,0.07709231566905045,-0.0016108640000000003,2418.8198893513763,2419.343776480011,-33.2,0.2426,199.8,0.240277942299125,long_nclose,48.00753287136518,0.019847502115686148,1.0
1707758760000.0,587124,1707758760000.0,0.1539145214391378,-0.0016310340000000002,2418.9721728388154,2419.775045446011,-33.3,0.2449,166.5,0.240277942299125,long_nclose,40.006277392804314,0.016538543866692953,25.0
1707759060000.0,587129,1707759060000.0,0.2305045214391377,-0.001646352,2419.2010310082546,2420.123049094011,-33.3,0.2472,133.2,0.240277942299125,long_nclose,32.00502191424345,0.013229583446773194,5.0
1707759120000.0,587130,1707759120000.0,0.18412673484327519,-0.001315104,2419.383842639098,2420.079093990011,-26.6,0.2472,106.6,0.240277942299125,long_nclose,25.613628649086724,0.010586839590177232,1.0
1707759660000.0,587139,1707759660000.0,0.08181042130548767,-0.000866946,2419.4647861144035,2419.8490170440114,-17.7,0.2449,88.9,0.240277942299125,long_nclose,21.360709070392215,0.008828691863169024,9.0
1707759720000.0,587140,1707759720000.0,0.06840645397295014,-0.0007249040000000001,2419.5324676643763,2419.889782140011,-14.8,0.2449,74.1,0.240277942299125,long_nclose,17.804595524365162,0.007358692541767087,1.0
1707768060000.0,587279,1707768060000.0,0.05685130972076262,-0.0006024540000000001,2419.5887165200975,2419.8990796860116,-12.3,0.2449,61.8,0.240277942299125,long_nclose,14.849176834085924,0.006137066490970547,139.0
1707774960000.0,587394,1707774960000.0,0.0476071943190126,-0.0005044940000000001,2419.6358192204166,2419.8738551920114,-10.3,0.2449,51.5,0.240277942299125,long_nclose,12.374314028404937,0.005114122517987778,115.0
1707775200000.0,587398,1707775200000.0,0.03928749045743758,-0.0004163300000000001,2419.674690380874,2419.8820388620115,-8.5,0.2449,43.0,0.240277942299125,long_nclose,10.331951518862375,0.004269975447499537,4.0
1707782880000.0,587526,1707782880000.0,0.05952969622752505,-0.000425184,2419.7337948931013,2419.9615936780115,-8.6,0.2472,34.4,0.240277942299125,long_nclose,8.2655612150899,0.003415896919129922,128.0
1707791580000.0,587671,1707791580000.0,0.0,-0.022523256000000002,2419.711271637101,2419.7262104220113,462.3,0.2436,496.7,0.2433699239281053,long_ientry_partial,120.8818412150899,0.04995713440360387,145.0
1707831360000.0,588334,1707831360000.0,0.0,-0.02419868,2419.687072957101,2415.367311742011,511.6,0.2365,1008.3,0.23988420233570357,long_rentry,241.8752412150899,0.09996137265778504,663.0
1707834120000.0,588380,1707834120000.0,0.0,-0.024196146,2419.662876811101,2415.3226255960108,519.9,0.2327,1528.2,0.23744010680217897,long_rentry,362.85597121508994,0.14996137465782078,46.0
1707858840000.0,588792,1707858840000.0,0.4933346850843292,-0.010465302000000001,2420.1457461941854,2423.367960294011,-218.3,0.2397,1309.9,0.23744010680217897,long_nclose,311.0227959001743,0.12851407663744013,412.0
1707859080000.0,588796,1707859080000.0,0.4228260173123133,-0.008969574000000001,2420.559602637498,2425.0057707200112,-187.1,0.2397,1122.8,0.23744010680217897,long_nclose,266.59775191748656,0.11013889169553828,4.0
1707859080000.0,588796,1707859080000.0,0.8531560173123126,-0.00905564,2421.40370301481,2425.108975080011,-187.1,0.242,935.7,0.23744010680217897,long_nclose,222.17270793479886,0.09175368306333179,0.0
1707859080000.0,588796,1707859080000.0,1.283486017312312,-0.009141706,2422.678047326123,2425.6424233740117,-187.1,0.2443,748.6,0.23744010680217897,long_nclose,177.7476639521112,0.07336825631795726,0.0
1707861120000.0,588830,1707861120000.0,0.2415825828470673,-0.005124786,2422.91450512297,2424.3646785880114,-106.9,0.2397,641.7,0.23744010680217897,long_nclose,152.36531653495825,0.06288513945201103,34.0
1707861180000.0,588831,1707861180000.0,0.20700621692040563,-0.0043913039999999995,2423.1171200358904,2424.4152972840116,-91.6,0.2397,550.1,0.23744010680217897,long_nclose,130.61580275187865,0.053904040242984216,1.0
1707861660000.0,588839,1707861660000.0,0.17740161602895027,-0.0037632900000000003,2423.2907583619194,2424.4036839940118,-78.5,0.2397,471.6,0.23744010680217897,long_nclose,111.9767543679076,0.04620855090604189,8.0
1707864360000.0,588884,1707864360000.0,0.1520908122133548,-0.0032263619999999995,2423.4396228121327,2424.3937276320116,-67.3,0.2397,404.3,0.23744010680217897,long_nclose,95.99703518012096,0.039611894712164135,45.0
1707864900000.0,588893,1707864900000.0,0.130395837514273,-0.0027661380000000005,2423.567252511647,2424.385191494012,-57.7,0.2397,346.6,0.23744010680217897,long_nclose,82.29674101763524,0.03395686293926756,9.0
1707867720000.0,588940,1707867720000.0,0.11186471329214061,-0.00237303,2423.676744194939,2424.4075784640117,-49.5,0.2397,297.1,0.23744010680217897,long_nclose,70.54345573092738,0.02910596716327344,47.0
1707868800000.0,588958,1707868800000.0,0.09581947158761135,-0.0020326560000000003,2423.7705310105266,2424.269715808012,-42.4,0.2397,254.7,0.23744010680217897,long_nclose,60.47599520251498,0.024951204921738662,18.0
1707871080000.0,588996,1707871080000.0,0.0,-0.012118626,2423.7584123845268,2423.8246071820117,254.7,0.2379,509.4,0.2376700534010895,long_ientry_partial,121.06912520251498,0.04995098710494233,38.0
1707884280000.0,589216,1707884280000.0,0.16938711774079365,-0.0034896000000000003,2423.9243099022674,2425.4221675820118,-72.7,0.24,436.7,0.2376700534010895,long_nclose,103.79051232025577,0.04281920516092377,220.0
1707885000000.0,589228,1707885000000.0,0.14515567311212438,-0.0029904,2424.0664751753798,2425.126007182012,-62.3,0.24,374.4,0.2376700534010895,long_nclose,88.9836679933679,0.03670842730784847,12.0
1707885240000.0,589232,1707885240000.0,0.1244191483818209,-0.0025632,2424.1883311237616,2424.968343982012,-53.4,0.24,321.0,0.2376700534010895,long_nclose,76.29208714174973,0.03147118817554229,4.0
1707885360000.0,589234,1707885360000.0,0.10671155423010108,-0.0021984,2424.2928442779917,2424.906525582012,-45.8,0.24,275.2,0.2376700534010895,long_nclose,65.40679869597983,0.026979743330249127,2.0
1707885600000.0,589238,1707885600000.0,0.0915669013371828,-0.0018863999999999999,2424.382524779329,2424.9793391820117,-39.3,0.24,235.9,0.2376700534010895,long_nclose,56.06636559731701,0.023126039321051558,4.0
1707885780000.0,589241,1707885780000.0,0.07851920038328399,-0.0016176000000000003,2424.459426379712,2424.9507615820116,-33.7,0.24,202.2,0.2376700534010895,long_nclose,48.05688479770029,0.019821690672489626,3.0
1707889200000.0,589298,1707889200000.0,0.15602920038328388,-0.0016331020000000002,2424.6138224780952,2425.4108184800116,-33.7,0.2423,168.5,0.2376700534010895,long_nclose,40.04740399808358,0.016517023711905107,57.0
1707889320000.0,589300,1707889320000.0,0.129638504769494,-0.00135688,2424.7421041028647,2425.434761600012,-28.0,0.2423,140.5,0.2376700534010895,long_nclose,33.39264250285307,0.013771626453118437,2.0
1707890400000.0,589318,1707890400000.0,0.10834075041450571,-0.001133964,2424.849310889279,2425.4148976360116,-23.4,0.2423,117.1,0.2376700534010895,long_nclose,27.831163253267576,0.01147748156072465,18.0
1707894240000.0,589382,1707894240000.0,0.09028395867875476,-0.0009449700000000001,2424.9386498779577,2425.4002926660114,-19.5,0.2423,97.6,0.2376700534010895,long_nclose,23.196597211946333,0.009565849104311885,64.0
1707894420000.0,589385,1707894420000.0,0.0750051349023501,-0.000785052,2425.01286996086,2425.3978876140113,-16.2,0.2423,81.4,0.2376700534010895,long_nclose,19.346342346848687,0.007977830792774695,3.0
1707895800000.0,589408,1707895800000.0,0.06250427908529176,-0.00065421,2425.074720029945,2425.3958834040113,-13.5,0.2423,67.9,0.2376700534010895,long_nclose,16.137796625933976,0.0066545564524851854,23.0
1707896460000.0,589419,1707896460000.0,0.052318396567688656,-0.000547598,2425.126490828513,2425.394205806011,-11.3,0.2423,56.6,0.2376700534010895,long_nclose,13.452125022501665,0.005546978713636468,11.0
1707898260000.0,589449,1707898260000.0,0.04352149802975871,-0.00045552399999999996,2425.169556802543,2425.4022502820117,-9.4,0.2423,47.2,0.2376700534010895,long_nclose,11.218026520531424,0.0046256668895851534,30.0
1707900780000.0,589491,1707900780000.0,0.06420149802975877,-0.0004596600000000001,2425.2332986405727,2425.4990306220116,-9.4,0.2445,37.8,0.2376700534010895,long_nclose,8.983928018561182,0.0037043562050698316,42.0
1707901560000.0,589504,1707901560000.0,0.08582149802975875,-0.0004639840000000001,2425.3186561546026,2425.592146638012,-9.4,0.2468,28.4,0.2376700534010895,long_nclose,6.749829516590941,0.002783069144115251,13.0
1707901980000.0,589511,1707901980000.0,0.06482262085226458,-0.00035045599999999997,2425.383128319455,2425.5797261820117,-7.1,0.2468,21.3,0.2376700534010895,long_nclose,5.062372137443206,0.0020872463728858035,7.0
1707904920000.0,589560,1707904920000.0,0.08115262085226456,-0.000353722,2425.463927218307,2425.6248124600115,-7.1,0.2491,14.2,0.2376700534010895,long_nclose,3.3749147582954704,0.0013914512272982186,49.0
1707905820000.0,589575,1707905820000.0,0.05372074901487935,-0.00023415400000000004,2425.517413813322,2425.6278983060115,-4.7,0.2491,9.5,0.2376700534010895,long_nclose,2.25786550731035,0.0009308799411011464,15.0
1707907500000.0,589603,1707907500000.0,0.035432834456622556,-0.000154442,2425.5526922057784,2425.6258438640116,-3.1,0.2491,6.4,0.2376700534010895,long_nclose,1.5210883417669727,0.0006271099970966646,28.0
1707912180000.0,589681,1707912180000.0,0.02400288785771205,-0.000104622,2425.5765904716363,2425.6296092420116,-2.1,0.2491,4.3,0.2376700534010895,long_nclose,1.0219812296246849,0.00042133537800427394,78.0
1707912840000.0,589692,1707912840000.0,0.016001925238474702,-6.9748e-05,2425.592522648875,2425.6253794940117,-1.4,0.2491,2.9,0.2376700534010895,long_nclose,0.6892431548631595,0.0002841545512807195,11.0
1707913020000.0,589695,1707913020000.0,0.010286951939019452,-4.4838e-05,2425.602764762814,2425.626024656012,-0.9,0.2491,2.0,0.2376700534010895,long_nclose,0.475340106802179,0.00019596782857751228,3.0
1707913380000.0,589701,1707913380000.0,0.006857967959346301,-2.9891999999999998e-05,2425.609592838773,2425.6248947640115,-0.6,0.2491,1.4,0.2376700534010895,long_nclose,0.3327380747615253,0.00013717709385050323,6.0
1707913620000.0,589705,1707913620000.0,0.0045719786395642,-1.9928000000000003e-05,2425.6141448894127,2425.6255748360118,-0.4,0.2491,1.0,0.2376700534010895,long_nclose,0.2376700534010895,9.798345458276721e-05,4.0
1707913740000.0,589707,1707913740000.0,0.0034289839796731504,-1.4945999999999999e-05,2425.617558927392,2425.6272398900114,-0.3,0.2491,0.7,0.2376700534010895,long_nclose,0.16636903738076264,6.858832167026818e-05,2.0
1707913740000.0,589707,1707913740000.0,0.004118983979673157,-1.5084000000000002e-05,2425.621662827372,2425.6271948060116,-0.3,0.2514,0.4,0.2376700534010895,long_nclose,0.0950680213604358,3.919326035768574e-05,0.0
1707913980000.0,589711,1707913980000.0,0.002745989319782105,-1.0056000000000002e-05,2425.6243987606917,2425.6271447500117,-0.2,0.2514,0.2,0.2376700534010895,long_nclose,0.0475340106802179,1.959660807522555e-05,4.0
1707914040000.0,589712,1707914040000.0,0.0013729946598910526,-5.028000000000001e-06,2425.6257667273517,2425.627169722012,-0.1,0.2514,0.1,0.2376700534010895,long_nclose,0.02376700534010895,9.798298511717796e-06,1.0
1707914160000.0,589714,1707914160000.0,0.0013729946598910526,-5.028000000000001e-06,2425.6271346940116,2425.6271346940116,-0.1,0.2514,0.0,0.2376700534010895,long_nclose,0.0,0.0,2.0
1707923760000.0,589874,1707923760000.0,0.0,-0.024255544,2425.6028791500116,2425.7015591500117,493.4,0.2458,493.4,0.2458,long_ientry_normal,121.27771999999999,0.04999900067833798,160.0
1707924240000.0,589882,1707924240000.0,0.16896000000000094,-0.0034946560000000005,2425.7683444940117,2426.7835444940115,-70.4,0.2482,423.0,0.2458,long_nclose,103.9734,0.04286204832213181,8.0
1707924660000.0,589889,1707924660000.0,0.14496000000000078,-0.002998256,2425.910306238012,2426.816806238012,-60.4,0.2482,362.6,0.2458,long_nclose,89.12708,0.03673964357660614,7.0
1707925080000.0,589896,1707925080000.0,0.12432000000000068,-0.002571352,2426.032054886012,2426.8401348860116,-51.8,0.2482,310.8,0.2458,long_nclose,76.39464,0.0314895427066356,7.0
1707926760000.0,589924,1707926760000.0,0.10656000000000058,-0.002204016,2426.136410870012,2426.775770870012,-44.4,0.2482,266.4,0.2458,long_nclose,65.48111999999999,0.0269898756337936,28.0
1707937440000.0,590102,1707937440000.0,0.0912000000000005,-0.00188632,2426.225724550012,2426.7967245500117,-38.0,0.2482,228.4,0.2458,long_nclose,56.14072,0.02313911662543778,178.0
1707937560000.0,590104,1707937560000.0,0.07824000000000043,-0.001618264,2426.3023462860115,2426.8310062860114,-32.6,0.2482,195.8,0.2458,long_nclose,48.12764,0.01983579666964009,2.0
1707938460000.0,590119,1707938460000.0,0.06696000000000037,-0.0013849560000000001,2426.3679213300115,2426.8212513300114,-27.9,0.2482,167.9,0.2458,long_nclose,41.26982,0.01700888790904307,15.0
1707939360000.0,590134,1707939360000.0,0.057360000000000314,-0.001186396,2426.4240949340115,2426.8128949340116,-23.9,0.2482,144.0,0.2458,long_nclose,35.395199999999996,0.014587392234481827,15.0
1707941220000.0,590165,1707941220000.0,0.04920000000000027,-0.0010176200000000001,2426.4722773140115,2426.7933773140117,-20.5,0.2482,123.5,0.2458,long_nclose,30.356299999999997,0.0125104664429148,31.0
1707942660000.0,590189,1707942660000.0,0.042240000000000236,-0.0008736640000000001,2426.5136436500115,2426.7678036500115,-17.6,0.2482,105.9,0.2458,long_nclose,26.03022,0.010727415470388541,24.0
1707942780000.0,590191,1707942780000.0,0.036240000000000196,-0.000749564,2426.5491340860112,2426.776134086011,-15.1,0.2482,90.8,0.2458,long_nclose,22.31864,0.009197687236778983,2.0
1707943020000.0,590195,1707943020000.0,0.03096000000000017,-0.0006403560000000001,2426.579453730011,2426.7819937300114,-12.9,0.2482,77.9,0.2458,long_nclose,19.14782,0.00789086875789992,4.0
1707944760000.0,590224,1707944760000.0,0.026640000000000146,-0.000551004,2426.605542726011,2426.772542726011,-11.1,0.2482,66.8,0.2458,long_nclose,16.419439999999998,0.0067664231828773675,29.0
1707957240000.0,590432,1707957240000.0,0.052170000000000105,-0.00055611,2426.657156616011,2426.924516616011,-11.1,0.2505,55.7,0.2458,long_nclose,13.69106,0.005641942440312529,208.0
1707961020000.0,590495,1707961020000.0,0.043240000000000084,-0.00046091999999999997,2426.699935696011,2426.927785696011,-9.2,0.2505,46.5,0.2458,long_nclose,11.4297,0.004709976636119127,63.0
1707961260000.0,590499,1707961260000.0,0.036190000000000076,-0.00038577,2426.735739926011,2426.921979926011,-7.7,0.2505,38.8,0.2458,long_nclose,9.53704,0.003929987036944853,4.0
1707961500000.0,590503,1707961500000.0,0.030080000000000065,-0.0003206400000000001,2426.7654992860107,2426.904819286011,-6.4,0.2505,32.4,0.2458,long_nclose,7.963919999999999,0.0032817015085895604,4.0
1707961560000.0,590504,1707961560000.0,0.025380000000000055,-0.00027054,2426.7906087460105,2426.9229087460108,-5.4,0.2505,27.0,0.2458,long_nclose,6.6366,0.0027347229612979724,1.0
1707967200000.0,590598,1707967200000.0,0.038340000000000124,-0.00027313200000000004,2426.8286756140105,2426.9820356140103,-5.4,0.2529,21.6,0.2458,long_nclose,5.30928,0.0021877440518773754,94.0
1707967380000.0,590601,1707967380000.0,0.0305300000000001,-0.000217494,2426.8589881200105,2426.9870081200106,-4.3,0.2529,17.3,0.2458,long_nclose,4.25234,0.0017521990444505043,3.0
1707967860000.0,590609,1707967860000.0,0.024140000000000078,-0.00017197200000000003,2426.8829561480106,2426.9858161480106,-3.4,0.2529,13.9,0.2458,long_nclose,3.41662,0.0014078223225989096,8.0
1707968040000.0,590612,1707968040000.0,0.019170000000000062,-0.00013656600000000002,2426.9019895820106,2426.9803895820105,-2.7,0.2529,11.2,0.2458,long_nclose,2.75296,0.0011343515361632492,3.0
1707968100000.0,590613,1707968100000.0,0.015620000000000052,-0.00011127600000000002,2426.9174983060107,2426.9831983060108,-2.2,0.2529,9.0,0.2458,long_nclose,2.2121999999999997,0.0009115266594534492,1.0
1707971580000.0,590671,1707971580000.0,0.012780000000000041,-9.1044e-05,2426.930187262011,2426.981307262011,-1.8,0.2529,7.2,0.2458,long_nclose,1.76976,0.0007292175149037104,58.0
1707971640000.0,590672,1707971640000.0,0.009940000000000032,-7.0812e-05,2426.9400564500106,2426.9823964500106,-1.4,0.2529,5.8,0.2458,long_nclose,1.4256399999999998,0.0005874228315656648,1.0
1707971820000.0,590675,1707971820000.0,0.007810000000000026,-5.563800000000001e-05,2426.9478108120106,2426.9835308120105,-1.1,0.2529,4.7,0.2458,long_nclose,1.15526,0.0004760135322454552,3.0
1707972660000.0,590689,1707972660000.0,0.006390000000000021,-4.5522e-05,2426.9541552900105,2426.9807552900106,-0.9,0.2529,3.8,0.2458,long_nclose,0.9340399999999999,0.0003848609986983401,14.0
1707973080000.0,590696,1707973080000.0,0.004970000000000016,-3.5406e-05,2426.9590898840106,2426.9817198840105,-0.7,0.2529,3.1,0.2458,long_nclose,0.76198,0.0003139649132019018,7.0
1707975000000.0,590728,1707975000000.0,0.004260000000000014,-3.0348000000000005e-05,2426.9633195360107,2426.9825695360105,-0.6,0.2529,2.5,0.2458,long_nclose,0.6144999999999999,0.00025319706938029896,32.0
1707976320000.0,590750,1707976320000.0,0.0,-0.024143938000000004,2426.9391755980105,2427.0958655980103,482.3,0.2503,484.8,0.25027679455445545,long_ientry_partial,121.33419,0.04999473873097896,22.0
1707978900000.0,590793,1707978900000.0,0.16768581683168146,-0.0034973680000000003,2427.103364046842,2428.1520082300103,-69.2,0.2527,415.6,0.25027679455445545,long_nclose,104.01503581683168,0.04285562673499069,43.0
1707979320000.0,590800,1707979320000.0,0.14369608292079059,-0.002997022,2427.2440631077634,2428.214341208011,-59.3,0.2527,356.3,0.25027679455445545,long_nclose,89.17362189975248,0.03673863014235886,7.0
1707979740000.0,590807,1707979740000.0,0.12334115717821655,-0.0025724859999999997,2427.3648317789416,2428.104878722011,-50.9,0.2527,305.4,0.25027679455445545,long_nclose,76.43453305693069,0.03148868767325518,7.0
1707979800000.0,590808,1707979800000.0,0.1056517574257415,-0.002203544,2427.468279992367,2428.128855178011,-43.6,0.2527,261.8,0.25027679455445545,long_nclose,65.52246481435644,0.026992099280721587,1.0
1707981000000.0,590828,1707981000000.0,0.0906278836633654,-0.001890196,2427.55701768003,2428.14566498201,-37.4,0.2527,224.4,0.25027679455445545,long_nclose,56.162112698019804,0.02313523937398301,20.0
1707982560000.0,590854,1707982560000.0,0.07754257425742495,-0.00161728,2427.6329429742873,2428.1184077020102,-32.0,0.2527,192.4,0.25027679455445545,long_nclose,48.15325527227723,0.01983547612155931,26.0
1707983580000.0,590871,1707983580000.0,0.0663958292079201,-0.001384796,2427.6979540074954,2428.1142829060104,-27.4,0.2527,165.0,0.25027679455445545,long_nclose,41.29567110148515,0.01701021786228257,17.0
1707984120000.0,590880,1707984120000.0,0.056945327970296444,-0.00118769,2427.753711645466,2428.0824452160105,-23.5,0.2527,141.5,0.25027679455445545,long_nclose,35.41416642945545,0.014587215440998207,9.0
1707984240000.0,590882,1707984240000.0,0.04894874999999949,-0.0010209079999999998,2427.8016394874658,2428.07131430801,-20.2,0.2527,121.3,0.25027679455445545,long_nclose,30.358575179455446,0.012504553372764201,2.0
1707984900000.0,590893,1707984900000.0,0.041921454207920365,-0.0008743420000000001,2427.842686599674,2428.1050999660106,-17.3,0.2527,104.0,0.25027679455445545,long_nclose,26.028786633663366,0.010720952711362901,11.0
1707985200000.0,590898,1707985200000.0,0.03586344059405904,-0.0007479920000000001,2427.8778020482678,2428.13855197401,-14.8,0.2527,89.2,0.25027679455445545,long_nclose,22.324690074257425,0.009195145676369422,5.0
1707987120000.0,590930,1707987120000.0,0.030774709158415525,-0.000641858,2427.907934899426,2428.11626011601,-12.7,0.2527,76.5,0.25027679455445545,long_nclose,19.14617478341584,0.007885873474938396,32.0
1707989820000.0,590975,1707989820000.0,0.026412939356435374,-0.000550886,2427.9337969527824,2428.10587923001,-10.9,0.2527,65.6,0.25027679455445545,long_nclose,16.418157722772275,0.00676219332807927,45.0
1707989940000.0,590977,1707989940000.0,0.022535810643564125,-0.000470022,2427.955862741426,2428.10917920801,-9.3,0.2527,56.3,0.25027679455445545,long_nclose,14.090583533415842,0.005803475981439812,2.0
1707990120000.0,590980,1707990120000.0,0.019385643564356236,-0.00040432,2427.97484406499,2428.09671488801,-8.0,0.2527,48.3,0.25027679455445545,long_nclose,12.088369176980198,0.004978786829908616,3.0
1707990480000.0,590986,1707990480000.0,0.016720117574257256,-0.000348726,2427.991215456564,2428.0998161620096,-6.9,0.2527,41.4,0.25027679455445545,long_nclose,10.361459294554455,0.004267502793500045,6.0
1707995580000.0,591071,1707995580000.0,0.0,-0.022198620000000002,2427.969016836564,2428.0155175420095,441.5,0.2514,482.9,0.2513037053107361,long_ientry_partial,121.35455929455445,0.04998192252579444,85.0
1708007220000.0,591265,1708007220000.0,0.16510470409028197,-0.003495986,2428.1306255546547,2429.2054915560097,-68.9,0.2537,414.0,0.2513037053107361,long_nclose,104.03973399864475,0.042847667626975006,194.0
1708009560000.0,591304,1708009560000.0,0.14162101613549585,-0.0029987340000000003,2428.2692478367903,2429.22616282201,-59.1,0.2537,354.9,0.2513037053107361,long_nclose,89.18768501478023,0.036728910969915124,39.0
1708011240000.0,591332,1708011240000.0,0.0,-0.00641835,2428.2628294867905,2428.83763447201,127.5,0.2517,482.4,0.2514084473772393,long_ientry_partial,121.27943501478022,0.049944937402189055,28.0
1708051860000.0,592009,1708051860000.0,0.16477797570821576,-0.0034973640000000006,2428.4241100984987,2429.45436710801,-68.9,0.2538,413.5,0.2514084473772393,long_nclose,103.95739299048844,0.042808582141062604,677.0
1708052220000.0,592015,1708052220000.0,0.1411016047428843,-0.0029948400000000003,2428.5622168632412,2429.44547226801,-59.0,0.2538,354.5,0.2514084473772393,long_nclose,89.12429459523132,0.0366983781499925,6.0
1708053060000.0,592029,1708053060000.0,0.121012562711694,-0.0025684560000000006,2428.680660969953,2429.4682338120097,-50.6,0.2538,303.9,0.2514084473772393,long_nclose,76.40302715794301,0.031458655057363366,14.0
1708053420000.0,592035,1708053420000.0,0.10379338382781658,-0.0022029840000000003,2428.7822513697806,2429.48340082801,-43.4,0.2538,260.5,0.2514084473772393,long_nclose,65.49190054177083,0.02696491235673137,6.0
1708055820000.0,592075,1708055820000.0,0.08896575756669994,-0.0018882720000000003,2428.8693288553472,2429.4926825560096,-37.2,0.2538,223.3,0.2514084473772393,long_nclose,56.13950629933753,0.023113432094675257,40.0
1708061760000.0,592174,1708061760000.0,0.18196575756669797,-0.001906872,2429.049387740914,2429.99692568401,-37.2,0.2563,186.1,0.2514084473772393,long_nclose,46.78711205690423,0.019261490644460543,99.0
1708061940000.0,592177,1708061940000.0,0.15163813130558162,-0.00158906,2429.1994368122196,2429.91158662401,-31.0,0.2563,155.1,0.2514084473772393,long_nclose,38.99345018820981,0.01605197564156362,3.0
1708062060000.0,592179,1708062060000.0,0.126202057667226,-0.0013225079999999998,2429.3243163618868,2429.8533541160095,-25.8,0.2563,129.3,0.2514084473772393,long_nclose,32.50711224587704,0.013381133192853854,2.0
1708062900000.0,592193,1708062900000.0,0.105168381389355,-0.00110209,2429.428382653276,2429.96647202601,-21.5,0.2563,107.8,0.2514084473772393,long_nclose,27.10183062726639,0.011155640899225602,14.0
1708063080000.0,592196,1708063080000.0,0.08755879194741648,-0.0009175539999999999,2429.5150238912233,2429.9547744720094,-17.9,0.2563,89.9,0.2514084473772393,long_nclose,22.60161941921381,0.009302934617384673,3.0
1708063140000.0,592197,1708063140000.0,0.0728841340791344,-0.0007637739999999999,2429.5871442513026,2429.9615106980095,-14.9,0.2563,75.0,0.2514084473772393,long_nclose,18.855633553292947,0.007760838543251128,1.0
1708065420000.0,592235,1708065420000.0,0.06114440778450872,-0.0006407499999999999,2429.647647909087,2429.9658699480096,-12.5,0.2563,62.5,0.2514084473772393,long_nclose,15.713027961077454,0.00646720440085204,38.0
1708065720000.0,592240,1708065720000.0,0.05087214727671126,-0.000533104,2429.6979869523634,2429.9267868440093,-10.4,0.2563,52.1,0.2514084473772393,long_nclose,13.098380108354167,0.0053909498952928805,5.0
1708066620000.0,592255,1708066620000.0,0.017697489408429558,-0.0003756240000000001,2429.715308817772,2429.808801220009,-7.4,0.2538,44.7,0.2514084473772393,long_nclose,11.237957597762597,0.004625215784326048,15.0
1708066800000.0,592258,1708066800000.0,0.01506678152339273,-0.000319788,2429.730055811295,2429.825731432009,-6.3,0.2538,38.4,0.2514084473772393,long_nclose,9.654084379285989,0.003973315618414432,3.0
1708067520000.0,592270,1708067520000.0,0.012914384162908056,-0.00027410400000000006,2429.742696091458,2429.8315173280093,-5.4,0.2538,33.0,0.2514084473772393,long_nclose,8.296478763448896,0.0034145503459254386,12.0
1708068120000.0,592280,1708068120000.0,0.0,-0.022631812,2429.7200642794583,2429.666525516009,447.8,0.2527,480.8,0.2526113535013496,long_ientry_partial,121.4555387634489,0.0499874617446792,10.0
1708073040000.0,592362,1708073040000.0,0.17072114980741618,-0.0034999719999999996,2429.8872854572655,2430.9543255440094,-68.6,0.2551,412.2,0.2526113535013496,long_nclose,104.12639991325631,0.04285235802353746,82.0
1708079520000.0,592470,1708079520000.0,0.14633241412064246,-0.002999976,2430.030617895386,2430.9454455680093,-58.8,0.2551,353.4,0.2526113535013496,long_nclose,89.27285232737695,0.03673733642282041,108.0
1708080780000.0,592491,1708080780000.0,0.2879412787705083,-0.00303335,2430.315525824157,2431.7552322180095,-58.9,0.2575,294.5,0.2526113535013496,long_nclose,74.39404360614746,0.03061085806169934,21.0
1708080900000.0,592493,1708080900000.0,0.23954367843386937,-0.0025235,2430.552546002591,2431.7772587180098,-49.0,0.2575,245.5,0.2526113535013496,long_nclose,62.01608728458133,0.025515221790442716,2.0
1708081080000.0,592496,1708081080000.0,0.19994564179480115,-0.0021063500000000003,2430.750385294386,2431.81198236801,-40.9,0.2575,204.6,0.2526113535013496,long_nclose,51.68428292637613,0.021262686304219874,3.0
1708081260000.0,592499,1708081260000.0,0.1667028456039785,-0.0017561500000000004,2430.91533198999,2431.81704621801,-34.1,0.2575,170.5,0.2526113535013496,long_nclose,43.07023577198011,0.017717702959535845,3.0
1708081500000.0,592503,1708081500000.0,0.1388375605616712,-0.0014626,2431.0527069505515,2431.77580361801,-28.4,0.2575,142.1,0.2526113535013496,long_nclose,35.896073332541775,0.01476564997127062,4.0
1708085160000.0,592564,1708085160000.0,0.050519523922602755,-0.0010357060000000002,2431.102190768474,2431.4662079120094,-20.3,0.2551,121.8,0.2526113535013496,long_nclose,30.768062856464383,0.012656013792138687,61.0
1708086060000.0,592579,1708086060000.0,0.04330244907651664,-0.0008877479999999999,2431.1446054695507,2431.41486016401,-17.4,0.2551,104.4,0.2526113535013496,long_nclose,26.3726253055409,0.010847822563169704,15.0
1708089240000.0,592632,1708089240000.0,0.08506244907651687,-0.0008961,2431.228771818627,2431.6453840640097,-17.4,0.2575,87.0,0.2526113535013496,long_nclose,21.977187754617415,0.00903953918667138,53.0
1708089300000.0,592633,1708089300000.0,0.07088537423043073,-0.00074675,2431.2989104428575,2431.6460873140095,-14.5,0.2575,72.5,0.2526113535013496,long_nclose,18.314323128847846,0.007532732010113853,1.0
1708089360000.0,592634,1708089360000.0,0.05866375798380474,-0.000618,2431.356956200841,2431.6950693140093,-12.0,0.2575,60.5,0.2526113535013496,long_nclose,15.282986886831651,0.006285784918522349,1.0
1708092360000.0,592684,1708092360000.0,0.0,-0.02123948,2431.335716720841,2431.4197298340096,418.1,0.254,478.6,0.25382446069124875,long_ientry_partial,121.48038688683165,0.04996446440998822,50.0
1708096320000.0,592750,1708096320000.0,0.0,-0.024314752000000002,2431.311401968841,2427.0273750820093,492.8,0.2467,971.4,0.25021015738813224,long_rentry,243.05414688683166,0.09996833260026253,66.0
1708099860000.0,592809,1708099860000.0,0.33147117026605744,-0.007007123999999999,2431.635866015107,2432.127027958009,-138.7,0.2526,832.7,0.25021015738813224,long_nclose,208.34999805709774,0.08568305845831085,59.0
1708126560000.0,593254,1708126560000.0,0.284152286551076,-0.0060068280000000005,2431.914011473658,2433.691261130009,-118.9,0.2526,713.8,0.25021015738813224,long_nclose,178.6000103436488,0.07344010088392196,445.0
1708126980000.0,593261,1708126980000.0,0.24352496214932415,-0.005147988,2432.1523884478074,2433.7983031420094,-101.9,0.2526,611.9,0.25021015738813224,long_nclose,153.1035953057981,0.06294983654519624,7.0
1708128600000.0,593288,1708128600000.0,0.20887224427724171,-0.004415448,2432.3568452440845,2433.715217694009,-87.4,0.2526,524.5,0.25021015738813224,long_nclose,131.23522755007536,0.05395393681921126,27.0
1708128960000.0,593294,1708128960000.0,0.1789992116288948,-0.0037839480000000005,2432.532060507713,2433.651493746009,-74.9,0.2526,449.6,0.25021015738813224,long_nclose,112.49448676170427,0.04624583929973965,6.0
1708129200000.0,593298,1708129200000.0,0.15342789568190981,-0.0032433840000000006,2432.682245019395,2433.680370362009,-64.2,0.2526,385.4,0.25021015738813224,long_nclose,96.43099465738617,0.039639782324558115,4.0
1708129440000.0,593302,1708129440000.0,0.13144134365272647,-0.0027786,2432.8109077630475,2433.6335517620087,-55.0,0.2526,330.4,0.25021015738813224,long_nclose,82.66943600103889,0.033981036395900104,4.0
1708130400000.0,593318,1708130400000.0,0.112800571280158,-0.002384544,2432.9213237903277,2433.6264472180087,-47.2,0.2526,283.2,0.25021015738813224,long_nclose,70.85951657231905,0.029125280739421812,16.0
1708130820000.0,593325,1708130820000.0,0.09654964151945726,-0.002041008,2433.015832423847,2433.6446462100084,-40.4,0.2526,242.8,0.25021015738813224,long_nclose,60.75102621383851,0.024969433163661917,7.0
1708131060000.0,593329,1708131060000.0,0.08268855437062429,-0.001747992,2433.0967729862173,2433.635978218008,-34.6,0.2526,208.2,0.25021015738813224,long_nclose,52.09375476820913,0.02141047382355976,4.0
1708134540000.0,593387,1708134540000.0,0.0,-0.01391112,2433.082861866217,2432.983507098008,278.0,0.2502,486.2,0.2502043495849633,long_ientry_partial,121.64935476820915,0.04999803199258983,58.0
1708145460000.0,593569,1708145460000.0,0.1662581388035469,-0.0035060880000000005,2433.245613917021,2434.3274810100083,-69.4,0.2526,416.8,0.2502043495849633,long_nclose,104.28517290701271,0.04285846538078628,182.0
1708146000000.0,593578,1708146000000.0,0.14254119969468357,-0.0030059400000000003,2433.3851491767155,2434.3125750700083,-59.5,0.2526,357.3,0.2502043495849633,long_nclose,89.3980141067074,0.03673812759848285,9.0
1708146300000.0,593583,1708146300000.0,0.12217817116687163,-0.00257652,2433.5047508278826,2434.2997985500083,-51.0,0.2526,306.3,0.2502043495849633,long_nclose,76.63759227787426,0.03149268241691413,5.0
1708154400000.0,593718,1708154400000.0,0.10468992313710374,-0.002207724,2433.6072330270194,2434.315110826008,-43.7,0.2526,262.6,0.2502043495849633,long_nclose,65.70366220101137,0.02699846602579599,135.0
1708158060000.0,593779,1708158060000.0,0.0898368905638762,-0.0018945000000000001,2433.695175417583,2434.256946326008,-37.5,0.2526,225.1,0.2502043495849633,long_nclose,56.32099909157524,0.023142174772118475,61.0
1708159680000.0,593806,1708159680000.0,0.0,-0.013051442,2433.682123975583,2433.793694884008,260.3,0.2507,485.4,0.25047014645977594,long_ientry_partial,121.57820909157523,0.04995648687798596,27.0
1708180440000.0,594152,1708180440000.0,0.0,-0.024335132,2433.657788843583,2431.0141797520077,499.9,0.2434,985.3,0.24688304992547982,long_rentry,243.25386909157527,0.09995401580563378,346.0
1708201140000.0,594497,1708201140000.0,0.3400648754849877,-0.007015302,2433.990838417068,2436.116654450008,-140.7,0.2493,844.6,0.24688304992547982,long_nclose,208.51742396706027,0.08566894364428601,345.0
1708205220000.0,594565,1708205220000.0,0.6636748754849872,-0.007080023999999999,2434.647433268553,2437.8269144260075,-140.7,0.2516,703.9,0.24688304992547982,long_nclose,173.78097884254524,0.07137829341032821,68.0
1708205520000.0,594570,1708205520000.0,0.5532982437412154,-0.005902536,2435.194828976294,2438.0791118900074,-117.3,0.2516,586.6,0.24688304992547982,long_nclose,144.82159708628646,0.05947023021035507,5.0
1708206180000.0,594581,1708206180000.0,0.46084602228062016,-0.004916264,2435.650758734575,2437.9079856260078,-97.7,0.2516,488.9,0.24688304992547982,long_nclose,120.70112310856707,0.049556005792586,11.0
1708207200000.0,594598,1708207200000.0,0.38395973606594147,-0.004096048000000001,2436.030622422641,2437.952779578008,-81.4,0.2516,407.5,0.24688304992547982,long_nclose,100.60484284463303,0.041298677413414926,17.0
1708211580000.0,594671,1708211580000.0,0.32028091005991927,-0.003416728,2436.347486604701,2437.983322850008,-67.9,0.2516,339.6,0.24688304992547982,long_nclose,83.84148375469296,0.03441277741195064,73.0
1708212000000.0,594678,1708212000000.0,0.26697937421784135,-0.0028481120000000003,2436.611617866919,2438.116314738008,-56.6,0.2516,283.0,0.24688304992547982,long_nclose,69.8679031289108,0.02867420585890303,7.0
1708216080000.0,594746,1708216080000.0,0.2221683485098998,-0.002370072,2436.831416143429,2437.9677346660083,-47.1,0.2516,235.9,0.24688304992547982,long_nclose,58.23971147742069,0.02389977045256247,68.0
1708223880000.0,594876,1708223880000.0,0.1853761379286425,-0.001977576,2437.014814705358,2437.9618270900087,-39.3,0.2516,196.6,0.24688304992547982,long_nclose,48.53720761534933,0.01991666497982189,130.0
1708224480000.0,594886,1708224480000.0,0.1542442674368094,-0.0016454640000000001,2437.1674135087947,2437.8913516260086,-32.7,0.2516,163.9,0.24688304992547982,long_nclose,40.46413188278615,0.016602934890110752,10.0
1708224540000.0,594887,1708224540000.0,0.1287727370344005,-0.0013737360000000002,2437.294812509829,2437.9528078900084,-27.3,0.2516,136.6,0.24688304992547982,long_nclose,33.72422461982054,0.0138367441011753,1.0
1708224900000.0,594893,1708224900000.0,0.10707476669160775,-0.001142264,2437.400745012521,2437.9266156260087,-22.7,0.2516,113.9,0.24688304992547982,long_nclose,28.119979386512153,0.011536871580946243,6.0
1708225320000.0,594900,1708225320000.0,0.08915035640843112,-0.000951048,2437.4889443209295,2437.965554578009,-18.9,0.2516,95.0,0.24688304992547982,long_nclose,23.453889742920584,0.00962215225532221,7.0
1708227300000.0,594933,1708227300000.0,0.1352220514158834,-0.0009652000000000002,2437.6232011723455,2438.171689378009,-19.0,0.254,76.0,0.24688304992547982,long_nclose,18.763111794336467,0.007697297837218064,33.0
1708228260000.0,594949,1708228260000.0,0.18082205141588364,-0.00097432,2437.8030489037615,2438.379715058009,-19.0,0.2564,57.0,0.24688304992547982,long_nclose,14.07233384575235,0.005772547479617125,16.0
1708228680000.0,594956,1708228680000.0,0.22642205141588284,-0.00098344,2438.0284875151774,2438.473731618009,-19.0,0.2588,38.0,0.24688304992547982,long_nclose,9.381555897168234,0.0038480091373870096,7.0
1708228740000.0,594957,1708228740000.0,0.15015357093895387,-0.000652176,2438.1779889101163,2438.513699442009,-12.6,0.2588,25.4,0.24688304992547982,long_nclose,6.270829468107187,0.002571932605670964,1.0
1708228920000.0,594960,1708228920000.0,0.1805552659464062,-0.000663194,2438.357880982063,2438.5574862480094,-12.7,0.2611,12.7,0.24688304992547982,long_nclose,3.1354147340535934,0.0012858714295010652,3.0
1708228980000.0,594961,1708228980000.0,0.21103526594640637,-0.00066929,2438.5682469580092,2438.5682469580092,-12.7,0.2635,0.0,0.24688304992547982,long_nclose,0.0,0.0,1.0
1708261800000.0,595508,1708261800000.0,0.0,-0.02438802,2438.543858938009,2438.6389389380092,475.4,0.2565,475.4,0.2565,long_ientry_normal,121.9401,0.05000529293457333,547.0
1708271520000.0,595670,1708271520000.0,0.16975000000000018,-0.0035172200000000006,2438.710091718009,2439.7288417180093,-67.9,0.259,407.5,0.2565,long_nclose,104.52375,0.04286026057585454,162.0
1708271640000.0,595672,1708271640000.0,0.14550000000000013,-0.0030147600000000004,2438.852576958009,2439.6559669580092,-58.2,0.259,349.3,0.2565,long_nclose,89.59545,0.03673672236136256,2.0
1708274760000.0,595724,1708274760000.0,0.12475000000000011,-0.00258482,2438.9747421380093,2439.7831221380093,-49.9,0.259,299.4,0.2565,long_nclose,76.7961,0.031487041941516955,52.0
1708275120000.0,595730,1708275120000.0,0.10675000000000011,-0.0022118600000000004,2439.0792802780093,2439.7723702780095,-42.7,0.259,256.7,0.2565,long_nclose,65.84355,0.026995247974266365,6.0
1708278420000.0,595785,1708278420000.0,0.09150000000000008,-0.0018958800000000002,2439.168884398009,2439.763154398009,-36.6,0.259,220.1,0.2565,long_nclose,56.45565,0.02314544530356837,55.0
1708280580000.0,595821,1708280580000.0,0.07850000000000007,-0.00162652,2439.245757878009,2439.755247878009,-31.4,0.259,188.7,0.2565,long_nclose,48.40155,0.01984283454985131,36.0
1708281000000.0,595828,1708281000000.0,0.06725000000000006,-0.00139342,2439.311614458009,2439.716114458009,-26.9,0.259,161.8,0.2565,long_nclose,41.50170000000001,0.017013693434662417,7.0
1708281060000.0,595829,1708281060000.0,0.05775000000000006,-0.0011965800000000003,2439.368167878009,2439.742657878009,-23.1,0.259,138.7,0.2565,long_nclose,35.57655,0.014584329855770732,1.0
1708281300000.0,595833,1708281300000.0,0.049500000000000044,-0.0010256400000000002,2439.416642238009,2439.725782238009,-19.8,0.259,118.9,0.2565,long_nclose,30.497850000000003,0.012502107869535633,4.0
1708281840000.0,595842,1708281840000.0,0.04225000000000003,-0.0008754199999999999,2439.458016818009,2439.733416818009,-16.9,0.259,102.0,0.2565,long_nclose,26.163,0.010724923249192298,9.0
1708284060000.0,595879,1708284060000.0,0.03625000000000003,-0.0007511000000000001,2439.4935157180093,2439.7210157180093,-14.5,0.259,87.5,0.2565,long_nclose,22.44375,0.009200167926412461,37.0
1708284240000.0,595882,1708284240000.0,0.03125000000000003,-0.0006475000000000001,2439.5241182180093,2439.6966182180095,-12.5,0.259,75.0,0.2565,long_nclose,19.2375,0.00788575929884733,3.0
1708284300000.0,595883,1708284300000.0,0.02675000000000002,-0.00055426,2439.550313958009,2439.723923958009,-10.7,0.259,64.3,0.2565,long_nclose,16.49295,0.006760651709306737,1.0
1708284420000.0,595885,1708284420000.0,0.02275000000000002,-0.00047138000000000003,2439.5725925780093,2439.7161125780094,-9.1,0.259,55.2,0.2565,long_nclose,14.158800000000001,0.0058038035199591016,2.0
1708286640000.0,595922,1708286640000.0,0.019500000000000017,-0.00040404000000000004,2439.5916885380093,2439.7196685380095,-7.8,0.259,47.4,0.2565,long_nclose,12.1581,0.004983661838627622,37.0
1708287600000.0,595938,1708287600000.0,0.0,-0.02195445,2439.569734088009,2439.711874088009,426.3,0.2575,473.7,0.25739993666877775,long_ientry_partial,121.93035000000002,0.049980268363011796,16.0
1708293900000.0,596043,1708293900000.0,0.16900428119062536,-0.0035138480000000004,2439.7352245212,2440.6692802400094,-67.6,0.2599,406.1,0.25739993666877775,long_nclose,104.53011428119065,0.042844860061281756,105.0
1708294140000.0,596047,1708294140000.0,0.14500367321089158,-0.0030148400000000004,2439.8772133544107,2440.7822954000094,-58.0,0.2599,348.1,0.25739993666877775,long_nclose,89.60091795440154,0.03672353570252649,4.0
1708301520000.0,596170,1708301520000.0,0.12425314756174675,-0.0025834060000000008,2439.9988830959724,2440.715061994009,-49.7,0.2599,298.4,0.25739993666877775,long_nclose,76.80814110196327,0.031478760762589326,123.0
1708302300000.0,596183,1708302300000.0,0.10650269791006865,-0.0022143480000000005,2440.1031714458823,2440.793847646009,-42.6,0.2599,255.8,0.25739993666877775,long_nclose,65.84290379987335,0.026983655679140062,13.0
1708302420000.0,596185,1708302420000.0,0.0912523115896128,-0.0018972700000000004,2440.1925264874717,2440.762720376009,-36.5,0.2599,219.3,0.25739993666877775,long_nclose,56.44780611146297,0.02313252151161884,2.0
1708302720000.0,596190,1708302720000.0,0.078251982267257,-0.0016269740000000002,2440.269151495739,2440.701563402009,-31.3,0.2599,188.0,0.25739993666877775,long_nclose,48.391188093730214,0.019830266699912717,5.0
1708302840000.0,596192,1708302840000.0,0.0670016972767568,-0.0013930640000000003,2440.334760129016,2440.753890338009,-26.8,0.2599,161.2,0.25739993666877775,long_nclose,41.49286979100697,0.017002941755750477,2.0
1708303020000.0,596195,1708303020000.0,0.05750145661811218,-0.0011955400000000001,2440.391066045634,2440.805674798009,-23.0,0.2599,138.2,0.25739993666877775,long_nclose,35.57267124762508,0.014576627386718966,3.0
1708303440000.0,596202,1708303440000.0,0.04925124762507869,-0.001024006,2440.439293287259,2440.7474007920086,-19.7,0.2599,118.5,0.25739993666877775,long_nclose,30.501892495250164,0.012498525400385714,7.0
1708303560000.0,596204,1708303560000.0,0.04225107029765634,-0.0008784620000000001,2440.4806658955567,2440.744832330009,-16.9,0.2599,101.6,0.25739993666877775,long_nclose,26.15183356554782,0.01071585361482516,2.0
1708305360000.0,596234,1708305360000.0,0.036250918302722895,-0.0007537100000000001,2440.5161631038595,2440.751338620009,-14.5,0.2599,87.1,0.25739993666877775,long_nclose,22.41953448385054,0.009186390495089888,30.0
1708308780000.0,596291,1708308780000.0,0.031000785307156133,-0.0006445520000000002,2440.546519337167,2440.7407440680095,-12.4,0.2599,74.7,0.25739993666877775,long_nclose,19.2277752691577,0.007878471119812873,57.0
1708309140000.0,596297,1708309140000.0,0.026500671310956046,-0.000550988,2440.572469020478,2440.739133080009,-10.6,0.2599,64.1,0.25739993666877775,long_nclose,16.49933594046865,0.00676043680321062,6.0
1708314600000.0,596388,1708314600000.0,0.05300067131095607,-0.000556288,2440.624913403789,2440.8924167920095,-10.6,0.2624,53.5,0.25739993666877775,long_nclose,13.77089661177961,0.005642365009121451,91.0
1708314660000.0,596389,1708314660000.0,0.04450056364787821,-0.000467072,2440.668946895437,2440.8964097200096,-8.9,0.2624,44.6,0.25739993666877775,long_nclose,11.480037175427489,0.004703643724410165,1.0
1708314780000.0,596391,1708314780000.0,0.0370004686510448,-0.00038835200000000007,2440.705559012088,2440.8915613680097,-7.4,0.2624,37.2,0.25739993666877775,long_nclose,9.575277644078533,0.003923159681725095,2.0
1708314840000.0,596392,1708314840000.0,0.03100039265357808,-0.00032537600000000005,2440.7362340287414,2440.8943359920095,-6.2,0.2624,31.0,0.25739993666877775,long_nclose,7.9793980367321105,0.0032692586464212535,1.0
1708315860000.0,596409,1708315860000.0,0.02550032298923358,-0.00026764800000000005,2440.7614667037305,2440.903918344009,-5.1,0.2624,25.9,0.25739993666877775,long_nclose,6.666658359721343,0.002731384631667724,17.0
1708318560000.0,596454,1708318560000.0,0.021500272324255765,-0.000225664,2440.782741312055,2440.8929026800092,-4.3,0.2624,21.6,0.25739993666877775,long_nclose,5.5598386320456,0.002277891652518356,45.0
1708318680000.0,596456,1708318680000.0,0.018000227992400177,-0.00018892800000000005,2440.8005526120473,2440.8941537520095,-3.6,0.2624,18.0,0.25739993666877775,long_nclose,4.633198860037999,0.001898229191680465,2.0
1708319460000.0,596469,1708319460000.0,0.015000189993666813,-0.00015744000000000004,2440.8153953620413,2440.8903963120097,-3.0,0.2624,15.0,0.25739993666877775,long_nclose,3.8609990500316664,0.0015818480403590588,13.0
1708320300000.0,596483,1708320300000.0,0.012500158328055677,-0.00013120000000000002,2440.827764320369,2440.8915151120095,-2.5,0.2624,12.5,0.25739993666877775,long_nclose,3.217499208359722,0.0013182000202523964,14.0
1708320420000.0,596485,1708320420000.0,0.010000126662444542,-0.00010496000000000001,2440.8376594870315,2440.8912101520095,-2.0,0.2624,10.5,0.25739993666877775,long_nclose,2.7026993350221664,0.0011072835280614968,2.0
1708322580000.0,596521,1708322580000.0,0.00850010766307786,-8.921600000000001e-05,2440.8460703786945,2440.890070936009,-1.7,0.2624,8.8,0.25739993666877775,long_nclose,2.2651194426852443,0.0009280058542707749,36.0
1708322640000.0,596522,1708322640000.0,0.007000088663711179,-7.3472e-05,2440.852996995358,2440.8929574640088,-1.4,0.2624,7.4,0.25739993666877775,long_nclose,1.9047595313489554,0.0007803663447547546,1.0
1708324320000.0,596550,1708324320000.0,0.010360088663711119,-7.414399999999999e-05,2440.8632829400217,2440.906483320009,-1.4,0.2648,6.0,0.25739993666877775,long_nclose,1.5443996200126664,0.0006327268023600388,28.0
1708324380000.0,596551,1708324380000.0,0.008880075997466675,-6.3552e-05,2440.872099464019,2440.9076197680088,-1.2,0.2648,4.8,0.25739993666877775,long_nclose,1.2355196960101331,0.0005061796135411748,1.0
1708326180000.0,596581,1708326180000.0,0.0066600569981000056,-4.7663999999999996e-05,2440.878711857017,2440.908352104009,-0.9,0.2648,3.9,0.25739993666877775,long_nclose,1.0038597530082332,0.0004112698218603816,30.0
1708326660000.0,596589,1708326660000.0,0.0051800443318555595,-3.707199999999999e-05,2440.8838548293493,2440.907855032009,-0.7,0.2648,3.2,0.25739993666877775,long_nclose,0.8236797973400889,0.00033745145051060826,8.0
1708327620000.0,596605,1708327620000.0,0.004440037998733337,-3.1776e-05,2440.888263091348,2440.9077632560093,-0.6,0.2648,2.6,0.25739993666877775,long_nclose,0.6692398353388221,0.00027417880837004807,16.0
1708328100000.0,596613,1708328100000.0,0.0037000316656111143,-2.648e-05,2440.8919366430137,2440.9072667760092,-0.5,0.2648,2.1,0.25739993666877775,long_nclose,0.5405398670044333,0.00022145178116645507,8.0
1708332360000.0,596684,1708332360000.0,0.0,-0.024297966,2440.8676386770135,2440.735188810009,465.3,0.2611,467.4,0.26108337583869157,long_ientry_partial,122.03036986700444,0.04999466908133811,71.0
1708340460000.0,596819,1708340460000.0,0.16785883155927256,-0.003516424,2441.031981084573,2442.0804623860095,-66.7,0.2636,400.7,0.26108337583869157,long_nclose,104.6161086985637,0.04285732817481638,135.0
1708341840000.0,596842,1708341840000.0,0.14395090202684244,-0.0030155840000000004,2441.1729164026,2442.0030268020096,-57.2,0.2636,343.5,0.26108337583869157,long_nclose,89.68213960059056,0.036737315492074755,23.0
1708341960000.0,596844,1708341960000.0,0.12331458390411326,-0.00258328,2441.293647706504,2442.0936935220093,-49.0,0.2636,294.5,0.26108337583869157,long_nclose,76.88905418449467,0.031495209212840415,2.0
1708342200000.0,596848,1708342200000.0,0.10569821477495422,-0.00221424,2441.397131681279,2442.0578292820096,-42.0,0.2636,252.5,0.26108337583869157,long_nclose,65.92355239926962,0.027002387912969765,4.0
1708344660000.0,596889,1708344660000.0,0.09059846980710362,-0.00189792,2441.485832231086,2442.0739813620094,-36.0,0.2636,216.5,0.26108337583869157,long_nclose,56.52455086907673,0.023151701362699815,41.0
1708345680000.0,596906,1708345680000.0,0.0777636865844306,-0.001629048,2441.561966869671,2442.0290523140097,-30.9,0.2636,185.6,0.26108337583869157,long_nclose,48.45707455566115,0.019846751879817336,17.0
1708345800000.0,596908,1708345800000.0,0.0666905402746735,-0.0013970800000000002,2441.6272603299453,2442.0435652340093,-26.5,0.2636,159.1,0.26108337583869157,long_nclose,41.53836509593582,0.017012574265869967,2.0
1708346220000.0,596915,1708346220000.0,0.057127368461701446,-0.001196744,2441.683190954407,2442.0537384900094,-22.7,0.2636,136.4,0.26108337583869157,long_nclose,35.61177246439753,0.014584927559941785,7.0
1708346580000.0,596921,1708346580000.0,0.04882250872938362,-0.001022768,2441.7309906951364,2442.0605357220093,-19.4,0.2636,117.0,0.26108337583869157,long_nclose,30.546754973126912,0.01251028679634793,6.0
1708347960000.0,596944,1708347960000.0,0.04202762349385084,-0.0008804240000000001,2441.7721378946303,2442.0446152980094,-16.7,0.2636,100.3,0.26108337583869157,long_nclose,26.186662596620764,0.010724449751154788,23.0
1708348080000.0,596946,1708348080000.0,0.03598772550671061,-0.0007538960000000001,2441.8073717241373,2442.01520140201,-14.3,0.2636,86.0,0.26108337583869157,long_nclose,22.453170322127473,0.009195307779857139,2.0
1708348140000.0,596947,1708348140000.0,0.030702814767962893,-0.000643184,2441.837431354905,2442.03791821801,-12.2,0.2636,73.8,0.26108337583869157,long_nclose,19.267953136895436,0.007890760002890202,1.0
1708348380000.0,596951,1708348380000.0,0.026424553693738556,-0.00055356,2441.863302348599,2442.03526465801,-10.5,0.2636,63.3,0.26108337583869157,long_nclose,16.526577690589175,0.0067680191903837575,4.0
1708348920000.0,596960,1708348920000.0,0.022649617451775905,-0.00047448,2441.885477486051,2442.0547101780103,-9.0,0.2636,54.3,0.26108337583869157,long_nclose,14.176827308040952,0.005805688857544686,9.0
1708349280000.0,596966,1708349280000.0,0.01937800604207494,-0.00040594400000000004,2441.9044495480935,2442.0263842340105,-7.7,0.2636,46.6,0.26108337583869157,long_nclose,12.166485314083028,0.004982375668439687,6.0
1708349460000.0,596969,1708349460000.0,0.016609719464635662,-0.000347952,2441.920711315558,2442.0333762820105,-6.6,0.2636,40.0,0.26108337583869157,long_nclose,10.443335033547662,0.004276688831522883,3.0
1708350360000.0,596984,1708350360000.0,0.014344757719458074,-0.00030050400000000005,2441.9347555692775,2442.0142157780106,-5.7,0.2636,34.3,0.26108337583869157,long_nclose,8.95515979126712,0.003667239581583105,15.0
1708351320000.0,597000,1708351320000.0,0.0,-0.022626582,2441.9121289872774,2441.93327919601,432.3,0.2617,466.6,0.261654671648665,long_ientry_partial,122.0880697912671,0.04999691362436539,16.0
1708353660000.0,597039,1708353660000.0,0.1695188681989093,-0.0035191439999999997,2442.078128711476,2443.13626005201,-66.6,0.2642,400.0,0.261654671648665,long_nclose,104.66186865946601,0.0428577068968261,39.0
1708354800000.0,597058,1708354800000.0,0.14533824886122704,-0.003017164,2442.220449796337,2443.19611288801,-57.1,0.2642,342.9,0.261654671648665,long_nclose,89.72138690832723,0.03673762821689964,19.0
1708357980000.0,597111,1708357980000.0,0.12446655638028024,-0.0025838759999999997,2442.3423324767177,2443.1788590120104,-48.9,0.2642,294.0,0.261654671648665,long_nclose,76.92647346470751,0.03149700696818301,53.0
1708361820000.0,597175,1708361820000.0,0.0,-0.008995072000000002,2442.333337404718,2442.4593839400104,171.4,0.2624,465.4,0.26192916515837456,long_ientry_partial,121.90183346470751,0.049912037639482626,64.0
1708363740000.0,597207,1708363740000.0,0.1707034334839304,-0.003512560000000001,2442.5005282782017,2443.8055913800104,-66.4,0.2645,399.0,0.26192916515837456,long_nclose,104.50973689819145,0.04278800994645589,32.0
1708363920000.0,597210,1708363920000.0,0.1465375859726511,-0.0030153000000000003,2442.6440505641744,2443.5574760800105,-57.0,0.2645,342.0,0.26192916515837456,long_nclose,89.5797744841641,0.03667328216056448,3.0
1708364460000.0,597219,1708364460000.0,0.12545674027132234,-0.0025815200000000003,2442.7669257844454,2443.60865456001,-48.8,0.2645,293.2,0.26192916515837456,long_nclose,76.79763122443542,0.03143878788180882,9.0
1708365060000.0,597229,1708365060000.0,0.10746089637994413,-0.00221122,2442.8721754608255,2443.5687633400103,-41.8,0.2645,251.4,0.26192916515837456,long_nclose,65.84899212081537,0.02695556189238332,10.0
1708365420000.0,597235,1708365420000.0,0.09229297081435393,-0.00189911,2442.96256932164,2443.53813423001,-35.9,0.2645,215.5,0.26192916515837456,long_nclose,56.445735091629714,0.023105444103183097,6.0
1708365540000.0,597237,1708365540000.0,0.07892462963790155,-0.0016240300000000003,2443.039869921278,2443.5334402000103,-30.7,0.2645,184.8,0.26192916515837456,long_nclose,48.40450972126762,0.01981322954128758,2.0
1708367220000.0,597265,1708367220000.0,0.06787003981891208,-0.00139656,2443.1063434010966,2443.52940364001,-26.4,0.2645,158.4,0.26192916515837456,long_nclose,41.48957976108653,0.016982306101063153,28.0
1708367460000.0,597269,1708367460000.0,0.05810086742073535,-0.0011955400000000001,2443.1632487285174,2443.51236810001,-22.6,0.2645,135.8,0.26192916515837456,long_nclose,35.56998062850727,0.014558986448007011,4.0
1708367640000.0,597272,1708367640000.0,0.04987419592753388,-0.00102626,2443.212096664445,2443.5229818400103,-19.4,0.2645,116.4,0.26192916515837456,long_nclose,30.4885548244348,0.012478881741809805,3.0
1708368060000.0,597279,1708368060000.0,0.0426758583709826,-0.0008781400000000002,2443.253894382816,2443.53042370001,-16.6,0.2645,99.8,0.26192916515837456,long_nclose,26.140530682805778,0.010699064367769717,7.0
1708374300000.0,597383,1708374300000.0,0.08417585837098264,-0.0008864400000000002,2443.3371838011867,2443.79235726001,-16.6,0.267,83.2,0.26192916515837456,long_nclose,21.792506541176763,0.00891915642493247,104.0
1708375140000.0,597397,1708375140000.0,0.06997752081443136,-0.0007369200000000002,2443.4064244020014,2443.76528034001,-13.8,0.267,69.4,0.26192916515837456,long_nclose,18.177884061991197,0.007439566287642895,14.0
1708376400000.0,597418,1708376400000.0,0.05831460067869279,-0.0006141,2443.4641249026804,2443.7577262400105,-11.5,0.267,57.9,0.26192916515837456,long_nclose,15.165698662669886,0.0062066385620758455,21.0
1708376700000.0,597423,1708376700000.0,0.04868001447960441,-0.0005126400000000001,2443.5122922771598,2443.76204360001,-9.6,0.267,48.3,0.26192916515837456,long_nclose,12.65117867714949,0.005177456531376642,5.0
1708376940000.0,597427,1708376940000.0,0.04056667873300368,-0.00042720000000000003,2443.5524317558925,2443.76081640001,-8.0,0.267,40.3,0.26192916515837456,long_nclose,10.555745355882493,0.004319835833560291,4.0
1708378920000.0,597460,1708378920000.0,0.03397459343889058,-0.00035778000000000003,2443.5860485693315,2443.75978862001,-6.7,0.267,33.6,0.26192916515837456,long_nclose,8.800819949321385,0.003601600178751258,33.0
1708380660000.0,597489,1708380660000.0,0.050724593438890596,-0.00036113000000000003,2443.6364120327707,2443.8454474900104,-6.7,0.2695,26.9,0.26192916515837456,long_nclose,7.0458945427602755,0.00288336452512551,29.0
1708380780000.0,597491,1708380780000.0,0.04012542466061495,-0.00028567,2443.6762517874317,2443.846261820011,-5.3,0.2695,21.6,0.26192916515837456,long_nclose,5.65766996742089,0.0023152289356180374,2.0
1708381200000.0,597498,1708381200000.0,0.03255458981898949,-0.00023176999999999998,2443.7085746072507,2443.841280050011,-4.3,0.2695,17.3,0.26192916515837456,long_nclose,4.53137455723988,0.0018543023518948676,7.0
1708381380000.0,597501,1708381380000.0,0.025740838461526572,-0.00018326,2443.734132185712,2443.8393667900104,-3.4,0.2695,13.9,0.26192916515837456,long_nclose,3.640815395701406,0.0014898574062330613,3.0
1708381440000.0,597502,1708381440000.0,0.02044125407238875,-0.00014553000000000002,2443.7544279097847,2443.842581260011,-2.7,0.2695,11.2,0.26192916515837456,long_nclose,2.933606649773795,0.0012004506738768328,1.0
1708381740000.0,597507,1708381740000.0,0.01665583665157602,-0.00011858000000000002,2443.770965166436,2443.8400026800105,-2.2,0.2695,9.0,0.26192916515837456,long_nclose,2.357362486425371,0.0009646413350626006,5.0
1708383360000.0,597534,1708383360000.0,0.013627502714925832,-9.702000000000002e-05,2443.784495649151,2443.8397256600106,-1.8,0.2695,7.2,0.26192916515837456,long_nclose,1.885889989140297,0.0007717087953123058,27.0
1708384800000.0,597558,1708384800000.0,0.010599168778275646,-7.546000000000001e-05,2443.795019357929,2443.8389302000105,-1.4,0.2695,5.8,0.26192916515837456,long_nclose,1.5191891579185723,0.0006216516303064227,24.0
1708387320000.0,597600,1708387320000.0,0.00832791832578801,-5.929000000000001e-05,2443.803287986255,2443.8393409100104,-1.1,0.2695,4.7,0.26192916515837456,long_nclose,1.2310670762443605,0.0005037504787297286,42.0
1708389660000.0,597639,1708389660000.0,0.0,-0.024189328,2443.779098658255,2443.7048415820104,455.2,0.2657,459.9,0.265661463527385,long_ientry_partial,122.17770707624436,0.04999539735130947,39.0
1708408500000.0,597953,1708408500000.0,0.1667818462508044,-0.0035241480000000004,2443.9423563565056,2444.9824674340102,-65.7,0.2682,394.2,0.265661463527385,long_nclose,104.72374892249516,0.04285033509489975,314.0
1708409280000.0,597966,1708409280000.0,0.14291960340822352,-0.003019932,2444.082256027914,2444.9738175020107,-56.3,0.2682,337.9,0.265661463527385,long_nclose,89.76700852590339,0.03672830908391414,13.0
1708409400000.0,597968,1708409400000.0,0.12235745798004218,-0.002585448,2444.202028037894,2444.9084720540104,-48.2,0.2682,289.7,0.265661463527385,long_nclose,76.96212598388344,0.03148762872341838,2.0
1708409460000.0,597969,1708409460000.0,0.10484155631899879,-0.002215332,2444.304654262213,2444.96006672201,-41.3,0.2682,248.4,0.265661463527385,long_nclose,65.99030754020244,0.02699757881045352,1.0
1708411020000.0,597995,1708411020000.0,0.08986419113057038,-0.001898856,2444.392619597343,2444.95462786601,-35.4,0.2682,213.0,0.265661463527385,long_nclose,56.58589173133301,0.023149264679359988,26.0
1708411440000.0,598002,1708411440000.0,0.07717150876749547,-0.0016306559999999999,2444.4681604501106,2444.9499572100103,-30.4,0.2682,182.6,0.265661463527385,long_nclose,48.509783240100504,0.01984471879198794,7.0
1708414380000.0,598051,1708414380000.0,0.06600194828798955,-0.0013946400000000002,2444.5327677583987,2444.99294257001,-26.0,0.2682,156.6,0.265661463527385,long_nclose,41.60258518838849,0.017018624473803826,49.0
1708414980000.0,598061,1708414980000.0,0.05660936333931412,-0.0011961720000000001,2444.5881809497378,2444.94253639801,-22.3,0.2682,134.3,0.265661463527385,long_nclose,35.67833455172781,0.01459482412201901,10.0
1708416600000.0,598088,1708416600000.0,0.0,-0.017308896,2444.5708720537377,2444.49749750201,325.6,0.2658,459.9,0.2657595445786645,long_ientry_partial,122.22281455172781,0.04999765641854586,27.0
1708427100000.0,598263,1708427100000.0,0.16690792118173997,-0.0035254620000000005,2444.734254512919,2445.8539620400097,-65.7,0.2683,394.2,0.2657595445786645,long_nclose,104.76241247290955,0.042852270049196846,175.0
1708436700000.0,598423,1708436700000.0,0.14302764022118658,-0.0030210579999999996,2444.8742610951404,2445.7664709820097,-56.3,0.2683,337.9,0.2657595445786645,long_nclose,89.80015011313074,0.03672996666622286,160.0
1708438140000.0,598447,1708438140000.0,0.0,-0.006532064,2444.8677290311402,2444.7831989180095,123.2,0.2651,461.1,0.2655833227350482,long_ientry_partial,122.46047011313073,0.050088791577145866,24.0
1708440360000.0,598484,1708440360000.0,0.0,-0.024447232,2444.84328179914,2442.3274216860095,473.6,0.2581,934.7,0.2617916231016697,long_rentry,244.69663011313068,0.10008683662253412,37.0
1708442940000.0,598527,1708442940000.0,0.0,-0.02445057,2444.81883122914,2433.7604111160094,481.5,0.2539,1416.2,0.2591085158262467,long_rentry,366.9494801131306,0.15009270847633552,43.0
1708442940000.0,598527,1708442940000.0,0.0,-0.035182224000000005,2444.78364900514,2434.0759288920094,701.4,0.2508,2117.6,0.25635653575421735,long_rentry,542.8606001131307,0.22204852373502984,0.0
1708442940000.0,598527,1708442940000.0,0.0,-0.0519156,2444.73173340514,2438.0094532920093,1048.8,0.2475,3166.4,0.25342300407817414,long_rentry,802.4386001131306,0.3282317602166744,0.0
1708457220000.0,598765,1708457220000.0,1.1203452554418434,-0.023148714,2445.828929946582,2453.0945645780093,-452.3,0.2559,2714.1,0.25342300407817414,long_nclose,687.8153753685724,0.28121973983830284,238.0
1708457340000.0,598767,1708457340000.0,0.9603313188918918,-0.019842486,2446.7694187794737,2452.997182092009,-387.7,0.2559,2326.4,0.25342300407817414,long_nclose,589.5632766874644,0.24095579753549368,2.0
1708458480000.0,598786,1708458480000.0,1.8908113188918754,-0.020028582,2448.6402015163653,2457.125883510009,-387.7,0.2583,1938.7,0.25342300407817414,long_nclose,491.3111780063562,0.2006465374954241,19.0
1708458540000.0,598787,1708458540000.0,1.5757573823419266,-0.016691346,2450.1992675527076,2458.2401021640094,-323.1,0.2583,1615.6,0.25342300407817414,long_nclose,409.43020538869814,0.16710077862264755,1.0
1708459440000.0,598802,1708459440000.0,1.312887302155514,-0.013906871999999999,2451.498247982863,2458.0646352920094,-269.2,0.2583,1346.4,0.25342300407817414,long_nclose,341.2087326908537,0.13918375547345643,15.0
1708459500000.0,598803,1708459500000.0,1.094397884857717,-0.011592504,2452.581053363721,2458.2774427880095,-224.4,0.2583,1122.0,0.25342300407817414,long_nclose,284.34061057571137,0.11593525530409587,1.0
1708461240000.0,598832,1708461240000.0,0.9119982373814308,-0.00966042,2453.4833911811024,2458.2303823680095,-187.0,0.2583,935.0,0.25342300407817414,long_nclose,236.95050881309282,0.09657718069940766,29.0
1708461600000.0,598838,1708461600000.0,0.7598359646204649,-0.008048628,2454.235178517723,2458.1132537400094,-155.8,0.2583,779.2,0.25342300407817414,long_nclose,197.4672047777133,0.08045977276594046,6.0
1708464060000.0,598879,1708464060000.0,0.6330340706529932,-0.006705468000000001,2454.8615071203762,2458.35332827201,-129.8,0.2583,649.4,0.25342300407817414,long_nclose,164.5728988483663,0.06703958588743977,41.0
1708466400000.0,598918,1708466400000.0,0.9445540706529949,-0.006767772000000001,2455.7992934190293,2459.58042050001,-129.8,0.2607,519.6,0.25342300407817414,long_nclose,131.67859291901928,0.05361944409377724,39.0
1708466460000.0,598919,1708466460000.0,0.7560798762777055,-0.005417346,2456.5499559493073,2459.7828531540104,-103.9,0.2607,415.7,0.25342300407817414,long_nclose,105.34794279529699,0.042884510669186214,1.0
1708470960000.0,598994,1708470960000.0,1.0158298762777056,-0.005469296,2457.560316529585,2460.5464238580107,-103.9,0.2632,311.8,0.25342300407817414,long_nclose,79.0172926715747,0.03215273787589394,75.0
1708473180000.0,599031,1708473180000.0,0.4533568459297502,-0.0032483219999999997,2458.0104250535146,2459.8759355360103,-62.3,0.2607,249.5,0.25342300407817414,long_nclose,63.22903951750445,0.025723666129743063,37.0
1708473720000.0,599040,1708473720000.0,0.3631220964991097,-0.002601786,2458.3709453640136,2459.88331375001,-49.9,0.2607,199.6,0.25342300407817414,long_nclose,50.58323161400356,0.020575915001514813,9.0
1708475640000.0,599072,1708475640000.0,0.29035213728085124,-0.0020803859999999996,2458.6592171152943,2459.8053833640097,-39.9,0.2607,159.7,0.25342300407817414,long_nclose,40.47165375128441,0.016460863494034424,32.0
1708475760000.0,599074,1708475760000.0,0.23213616990624447,-0.0016632659999999998,2458.8896900192008,2459.83247009801,-31.9,0.2607,127.8,0.25342300407817414,long_nclose,32.387459921190654,0.013171579047508125,2.0
1708476060000.0,599079,1708476060000.0,0.18556339600655908,-0.00132957,2459.0739238452074,2459.84905052801,-25.5,0.2607,102.3,0.25342300407817414,long_nclose,25.925173317197213,0.010542657162847106,5.0
1708476300000.0,599083,1708476300000.0,0.14845071680524724,-0.001063656,2459.2213109060126,2459.82548687201,-20.4,0.2607,81.9,0.25342300407817414,long_nclose,20.755344034002462,0.008439803258843708,4.0
1708477020000.0,599095,1708477020000.0,0.1186150335257613,-0.000849882,2459.3390760575385,2459.82300699001,-16.3,0.2607,65.6,0.25342300407817414,long_nclose,16.62454906752822,0.006759762909219629,12.0
1708477560000.0,599104,1708477560000.0,0.09532864657591858,-0.000683034,2459.4337216701147,2459.8420139560103,-13.1,0.2607,52.5,0.25342300407817414,long_nclose,13.304707714104142,0.005409663044332573,9.0
1708478640000.0,599122,1708478640000.0,0.07640845717917139,-0.00054747,2459.509582657294,2459.8236164860105,-10.5,0.2607,42.0,0.25342300407817414,long_nclose,10.643766171283314,0.0043275969511708985,18.0
1708479000000.0,599128,1708479000000.0,0.061126765743337114,-0.000437976,2459.570271447037,2459.8214985100103,-8.4,0.2607,33.6,0.25342300407817414,long_nclose,8.515012937026652,0.0034619921357306946,6.0
1708481400000.0,599168,1708481400000.0,0.0,-0.02285416,2459.547417287037,2459.5448843500108,441.2,0.259,474.8,0.25860533474521197,long_ientry_partial,122.78581293702665,0.04992211659511874,40.0
1708506600000.0,599588,1708506600000.0,0.0,-0.024597244,2459.5228200430374,2455.8614071060106,489.4,0.2513,964.2,0.25489735836654914,long_rentry,245.7720329370267,0.09992671380569915,420.0
1708509420000.0,599635,1708509420000.0,0.0,-0.0245964,2459.4982236430374,2451.199410706011,497.5,0.2472,1461.7,0.2522775076534355,long_rentry,368.75403293702664,0.14993059535160952,47.0
1708510260000.0,599649,1708510260000.0,0.0,-0.035355276,2459.4628683670376,2446.5631754300107,723.9,0.2442,2185.6,0.24960212890603345,long_rentry,545.5304129370267,0.2218087615607029,14.0
1708540080000.0,600146,1708540080000.0,0.0,-0.05215003200000001,2459.4107183350375,2439.7377453980107,1082.4,0.2409,3268.0,0.2467198815596777,long_rentry,806.2805729370267,0.327834861792771,497.0
1708555320000.0,600400,1708555320000.0,1.1110392879424464,-0.023255976,2460.4985016469795,2467.1656894220105,-466.8,0.2491,2801.2,0.2467198815596777,long_nclose,691.1117322249692,0.2808828096267325,254.0
1708555560000.0,600404,1708555560000.0,0.9522853879729495,-0.019932982000000002,2461.430854052953,2467.385866440011,-400.1,0.2491,2401.1,0.2467198815596777,long_nclose,592.3991076129421,0.24067265860322956,4.0
1708557240000.0,600432,1708557240000.0,1.912525387972955,-0.020125030000000002,2463.3232544109255,2473.0883714100105,-400.1,0.2515,2001.0,0.2467198815596777,long_nclose,493.6864830009151,0.20041481852489323,28.0
1708558740000.0,600457,1708558740000.0,1.5941694998474891,-0.01677505,2464.900648860773,2473.0382463600104,-333.5,0.2515,1667.5,0.2467198815596777,long_nclose,411.40540250076253,0.16690547048657145,25.0
1708559100000.0,600463,1708559100000.0,1.328394914565569,-0.013978369999999999,2466.2150654053385,2472.99647799001,-277.9,0.2515,1389.6,0.2467198815596777,long_nclose,342.8419474153281,0.13901542984815876,6.0
1708559220000.0,600465,1708559220000.0,1.1070754307786461,-0.01164948,2467.310491356117,2472.96166851001,-231.6,0.2515,1158.0,0.2467198815596777,long_nclose,285.7016228461068,0.11579475864388496,2.0
1708560660000.0,600489,1708560660000.0,0.9225628589822051,-0.0097079,2468.2233463150988,2473.02916061001,-193.0,0.2515,965.0,0.2467198815596777,long_nclose,238.084685705089,0.09645994397570802,24.0
1708566180000.0,600581,1708566180000.0,0.327980321076412,-0.0068651960000000005,2468.544461440175,2470.5132954140095,-137.8,0.2491,827.2,0.2467198815596777,long_nclose,204.0866860261654,0.08267490791196812,92.0
1708566240000.0,600582,1708566240000.0,0.2810919878020628,-0.005883742,2468.819669685977,2470.7910516720094,-118.1,0.2491,709.1,0.2467198815596777,long_nclose,174.94906801396746,0.07086344546024305,1.0
1708568220000.0,600615,1708568220000.0,0.24110599800464827,-0.005046765999999999,2469.0557289179815,2470.5631449060093,-101.3,0.2491,607.8,0.2467198815596777,long_nclose,149.95634401197208,0.06073428892497607,33.0
1708568400000.0,600618,1708568400000.0,0.20659428061997503,-0.004324376,2469.257998822601,2470.602240530009,-86.8,0.2491,521.0,0.2467198815596777,long_nclose,128.54105829259208,0.05205655235454675,3.0
1708571760000.0,600674,1708571760000.0,0.1770808119599786,-0.003706608,2469.4313730265612,2470.494333922009,-74.4,0.2491,446.6,0.2467198815596777,long_nclose,110.18509910455207,0.04461962389726508,56.0
1708571820000.0,600675,1708571820000.0,0.1518515564925623,-0.0031785159999999997,2469.580046067054,2470.6059954060092,-63.8,0.2491,382.8,0.2467198815596777,long_nclose,94.44437066104463,0.03824308947241967,1.0
1708572180000.0,600681,1708572180000.0,0.1299544668415972,-0.002720172,2469.7072803618958,2470.5212552340095,-54.6,0.2491,328.2,0.2467198815596777,long_nclose,80.97346512788621,0.03278666495084424,6.0
1708572420000.0,600685,1708572420000.0,0.11138954300708331,-0.0023315759999999997,2469.816338328903,2470.5142436580095,-46.8,0.2491,281.4,0.2467198815596777,long_nclose,69.4269746708933,0.028110177098378146,4.0
1708572900000.0,600693,1708572900000.0,0.09568076130095618,-0.002002764,2469.910016326204,2470.4841008940098,-40.2,0.2491,241.2,0.2467198815596777,long_nclose,59.50883543219426,0.02409352366638399,8.0
1708572960000.0,600694,1708572960000.0,0.08187607434708688,-0.001713808,2469.9901785925513,2470.50306708601,-34.4,0.2491,206.8,0.2467198815596777,long_nclose,51.02167150654135,0.02065662930514748,1.0
1708579800000.0,600808,1708579800000.0,0.16443607434708732,-0.00173032,2470.152884346898,2470.9942167660097,-34.4,0.2515,172.4,0.2467198815596777,long_nclose,42.53450758088844,0.017219382593856917,114.0
1708582920000.0,600860,1708582920000.0,0.13718939923725018,-0.0014436100000000001,2470.2886301361355,2470.98990315601,-28.7,0.2515,143.7,0.2467198815596777,long_nclose,35.45364698012568,0.01435202613476461,52.0
1708583160000.0,600864,1708583160000.0,0.11424483072370312,-0.00120217,2470.401672796859,2470.99829098601,-23.9,0.2515,119.8,0.2467198815596777,long_nclose,29.557041810849388,0.011964468020047305,4.0
1708584900000.0,600893,1708584900000.0,0.1692148307237037,-0.001213164,2470.569674463583,2471.2582478220097,-23.9,0.2538,95.9,0.2467198815596777,long_nclose,23.660436641573092,0.009576915351197417,29.0
1708585200000.0,600898,1708585200000.0,0.13523026221015652,-0.0009695160000000001,2470.703935209793,2471.20928830601,-19.1,0.2538,76.8,0.2467198815596777,long_nclose,18.948086903783246,0.007669104595559047,5.0
1708586340000.0,600917,1708586340000.0,0.10832581213693167,-0.0007766280000000001,2470.81148439393,2471.27766167801,-15.3,0.2538,61.5,0.2467198815596777,long_nclose,15.173272715920179,0.006141007847728237,19.0
1708588860000.0,600959,1708588860000.0,0.14504581213693102,-0.000783972,2470.955746234067,2471.37524770601,-15.3,0.2562,46.2,0.2467198815596777,long_nclose,11.39845852805711,0.00461297558462116,42.0
1708589100000.0,600963,1708589100000.0,0.10902136206370631,-0.00058926,2471.0641783361307,2471.40354844601,-11.5,0.2562,34.7,0.2467198815596777,long_nclose,8.561179890120817,0.0034645720516597073,4.0
1708590780000.0,600991,1708590780000.0,0.08152901858677168,-0.00044066399999999995,2471.1452666907176,2471.39269778201,-8.6,0.2562,26.1,0.2467198815596777,long_nclose,6.439388908707588,0.002605831796093081,28.0
1708590840000.0,600992,1708590840000.0,0.061620769862094874,-0.00033306,2471.20655440058,2471.4041247220102,-6.5,0.2562,19.6,0.2467198815596777,long_nclose,4.835709678569684,0.001956821322749624,1.0
1708591860000.0,601009,1708591860000.0,0.07722076986209496,-0.00033618000000000005,2471.283438990442,2471.43644854201,-6.5,0.2586,13.1,0.2467198815596777,long_nclose,3.232030448431778,0.001307834786345719,17.0
1708591920000.0,601010,1708591920000.0,0.05108450929338589,-0.000222396,2471.3343011037355,2471.4406061460104,-4.3,0.2586,8.8,0.2467198815596777,long_nclose,2.171134957725164,0.0008785274241350117,1.0
1708592940000.0,601027,1708592940000.0,0.034452343476934676,-0.000149988,2471.3686034592124,2471.4410561580103,-2.9,0.2586,5.9,0.2467198815596777,long_nclose,1.4556473012020985,0.0005890045293788255,17.0
1708593540000.0,601037,1708593540000.0,0.02257222503661237,-9.826799999999999e-05,2471.391077416249,2471.4381978900105,-1.9,0.2586,4.0,0.2467198815596777,long_nclose,0.9868795262387108,0.00039932147334223526,10.0
1708593600000.0,601038,1708593600000.0,0.015444153972418993,-6.7236e-05,2471.4064543342215,2471.4388006540103,-1.3,0.2586,2.7,0.2467198815596777,long_nclose,0.6661436802111298,0.00026954031743458564,1.0
1708593900000.0,601043,1708593900000.0,0.010692106596290071,-4.6548e-05,2471.417099892818,2471.4386641060105,-0.9,0.2586,1.8,0.2467198815596777,long_nclose,0.44409578680741985,0.00017969277093157592,5.0
1708594080000.0,601046,1708594080000.0,0.00712807106419338,-3.1032e-05,2471.424196931882,2471.43857307401,-0.6,0.2586,1.2,0.2467198815596777,long_nclose,0.2960638578716132,0.00011979483661249167,3.0
1708594260000.0,601049,1708594260000.0,0.004752047376128921,-2.0688000000000003e-05,2471.428928291258,2471.4383523860106,-0.4,0.2586,0.8,0.2467198815596777,long_nclose,0.19737590524774218,7.986307151636667e-05,3.0
1708594800000.0,601058,1708594800000.0,0.0023760236880644606,-1.0344000000000001e-05,2471.431293970946,2471.4388420420105,-0.2,0.2586,0.6,0.2467198815596777,long_nclose,0.1480319289358066,5.9897246302954214e-05,9.0
1708595760000.0,601074,1708595760000.0,0.004284035532096694,-1.566e-05,2471.4355623464785,2471.4398463820107,-0.3,0.261,0.3,0.2467198815596777,long_nclose,0.0740159644679033,2.9948571427704805e-05,16.0
1708595820000.0,601075,1708595820000.0,0.0014280118440322316,-5.220000000000001e-06,2471.4369851383226,2471.4398211620105,-0.1,0.261,0.2,0.2467198815596777,long_nclose,0.049343976311935545,1.9965702790991387e-05,1.0
1708598280000.0,601116,1708598280000.0,0.0014280118440322316,-5.220000000000001e-06,2471.4384079301667,2471.439845942011,-0.1,0.261,0.1,0.2467198815596777,long_nclose,0.024671988155967772,9.982845648429734e-06,41.0
1708598880000.0,601126,1708598880000.0,0.0011880118440322303,-5.172000000000001e-06,2471.439590770011,2471.439590770011,-0.1,0.2586,0.0,0.2467198815596777,long_nclose,0.0,0.0,10.0
1708607820000.0,601275,1708607820000.0,0.0,-0.024714088,2471.414876682011,2471.463316682011,484.4,0.2551,484.4,0.2551,long_ientry_normal,123.57043999999999,0.04999987706066537,149.0
1708613700000.0,601373,1708613700000.0,0.17300000000000015,-0.0035651840000000003,2471.5843114980107,2472.7883914980107,-69.2,0.2576,415.2,0.2551,long_nclose,105.91752,0.04285409949693526,98.0
1708615140000.0,601397,1708615140000.0,0.14825000000000013,-0.003055136,2471.729506362011,2472.5836663620107,-59.3,0.2576,355.9,0.2551,long_nclose,90.79008999999999,0.036731401946011655,24.0
1708615320000.0,601400,1708615320000.0,0.1270000000000001,-0.002617216,2471.8538891460107,2472.738679146011,-50.8,0.2576,305.1,0.2551,long_nclose,77.83101,0.03148689748279963,3.0
1708618980000.0,601461,1708618980000.0,0.1087500000000001,-0.00224112,2471.960398026011,2472.6405580260107,-43.5,0.2576,261.6,0.2551,long_nclose,66.73416,0.02699645190646691,61.0
1708619460000.0,601469,1708619460000.0,0.09325000000000007,-0.0019216959999999999,2472.0517263300108,2472.634906330011,-37.3,0.2576,224.3,0.2551,long_nclose,57.21893,0.02314633200857281,8.0
1708621200000.0,601498,1708621200000.0,0.08000000000000007,-0.00164864,2472.1300776900107,2472.6300576900107,-32.0,0.2576,192.3,0.2551,long_nclose,49.055730000000004,0.019843506797117366,29.0
1708621320000.0,601500,1708621320000.0,0.06850000000000006,-0.001411648,2472.1971660420104,2472.6259060420102,-27.4,0.2576,164.9,0.2551,long_nclose,42.06599,0.017015629084045785,2.0
1708621500000.0,601503,1708621500000.0,0.05875000000000005,-0.0012107200000000002,2472.2547053220105,2472.6364853220107,-23.5,0.2576,141.4,0.2551,long_nclose,36.07114,0.014590381776744052,3.0
1708623060000.0,601529,1708623060000.0,0.050500000000000045,-0.0010407040000000002,2472.3041646180104,2472.6556446180102,-20.2,0.2576,121.2,0.2551,long_nclose,30.91812,0.012505791335257116,26.0
1708627380000.0,601601,1708627380000.0,0.0989800000000003,-0.0010504,2472.4020942180105,2472.9272942180105,-20.2,0.26,101.0,0.2551,long_nclose,25.7651,0.010421079993523132,72.0
1708627560000.0,601604,1708627560000.0,0.08232000000000027,-0.0008736000000000001,2472.4835406180105,2472.9045406180103,-16.8,0.26,84.2,0.2551,long_nclose,21.47942,0.008687386446516487,3.0
1708628100000.0,601613,1708628100000.0,0.06860000000000022,-0.000728,2472.5514126180105,2472.9164526180107,-14.0,0.26,70.2,0.2551,long_nclose,17.90802,0.007242729072734815,9.0
1708632240000.0,601682,1708632240000.0,0.05733000000000018,-0.0006084,2472.6081342180105,2472.9064842180105,-11.7,0.26,58.5,0.2551,long_nclose,14.92335,0.006035469103849596,69.0
1708633680000.0,601706,1708633680000.0,0.0865800000000002,-0.00061425,2472.6940999680105,2473.0497799680106,-11.7,0.2625,46.8,0.2551,long_nclose,11.93868,0.004828207419653912,24.0
1708634040000.0,601712,1708634040000.0,0.06882000000000017,-0.0004882500000000001,2472.7624317180102,2473.04743171801,-9.3,0.2625,37.5,0.2551,long_nclose,9.56625,0.0038686490369208744,6.0
1708634280000.0,601716,1708634280000.0,0.05550000000000013,-0.00039375,2472.81753796801,2473.04253796801,-7.5,0.2625,30.0,0.2551,long_nclose,7.653,0.003094850259873482,4.0
1708634760000.0,601724,1708634760000.0,0.044400000000000106,-0.00031500000000000007,2472.8616229680106,2473.0512229680107,-6.0,0.2625,24.0,0.2551,long_nclose,6.1224,0.0024758360690848896,8.0
1708634940000.0,601727,1708634940000.0,0.035520000000000086,-0.000252,2472.8968909680107,2473.0408909680104,-4.8,0.2625,19.2,0.2551,long_nclose,4.89792,0.0019806406073334983,3.0
1708636140000.0,601747,1708636140000.0,0.028120000000000065,-0.0001995,2472.924811468011,2473.0433914680107,-3.8,0.2625,15.4,0.2551,long_nclose,3.92854,0.0015886208839758,20.0
1708638420000.0,601785,1708638420000.0,0.012250000000000039,-0.00013000000000000002,2472.936931468011,2473.000141468011,-2.5,0.26,12.9,0.2551,long_nclose,3.29079,0.0013307213613597845,38.0
1708638960000.0,601794,1708638960000.0,0.010290000000000033,-0.00010920000000000001,2472.947112268011,2473.001112268011,-2.1,0.26,10.8,0.2551,long_nclose,2.75508,0.0011140877159613967,9.0
1708639860000.0,601809,1708639860000.0,0.008820000000000027,-9.360000000000001e-05,2472.955838668011,2473.001738668011,-1.8,0.26,9.0,0.2551,long_nclose,2.2959,0.0009284031538697524,15.0
1708640880000.0,601826,1708640880000.0,0.0,-0.024264702,2472.931573966011,2473.008243966011,469.7,0.2583,478.7,0.2582398370587006,long_ientry_partial,123.61940999999999,0.04998901356649469,17.0
1708641840000.0,601842,1708641840000.0,0.16802912889074625,-0.0035611619999999997,2473.0960419329017,2474.1467328040108,-68.3,0.2607,410.4,0.2582398370587006,long_nclose,105.98162912889073,0.04285382667389597,16.0
1708647960000.0,601944,1708647960000.0,0.14416554836014248,-0.0030554040000000003,2473.2371520772617,2474.067457400011,-58.6,0.2607,351.8,0.2582398370587006,long_nclose,90.84877467725089,0.03673273895345918,102.0
1708648080000.0,601946,1708648080000.0,0.12350017965322786,-0.002617428,2473.3580348289147,2474.1603399720107,-50.2,0.2607,301.6,0.2582398370587006,long_nclose,77.88513485690412,0.03148963221666835,2.0
1708648440000.0,601952,1708648440000.0,0.10578700647587247,-0.00224202,2473.461579815391,2473.994337952011,-43.0,0.2607,258.6,0.2582398370587006,long_nclose,66.78082186337998,0.02699893234984642,6.0
1708648740000.0,601957,1708648740000.0,0.09078001253394637,-0.0019239659999999998,2473.5504358619246,2474.0958539860108,-36.9,0.2607,221.7,0.2582398370587006,long_nclose,57.251771875913924,0.023145585004400435,5.0
1708649100000.0,601963,1708649100000.0,0.07774114894505978,-0.001647624,2473.62652938687,2474.113216362011,-31.6,0.2607,190.1,0.2582398370587006,long_nclose,49.09139302485899,0.01984591952004457,6.0
1708649280000.0,601966,1708649280000.0,0.06667041570921266,-0.001412994,2473.6917868085793,2474.125393368011,-27.1,0.2607,163.0,0.2582398370587006,long_nclose,42.093093440568204,0.01701630480605443,3.0
1708649580000.0,601971,1708649580000.0,0.05707578023814514,-0.001209648,2473.7476529408173,2474.119543720011,-23.2,0.2607,139.8,0.2582398370587006,long_nclose,36.10192922080635,0.01459402262712124,5.0
1708649940000.0,601977,1708649940000.0,0.04895724253185726,-0.001037586,2473.795572597349,2474.1025361340107,-19.9,0.2607,119.9,0.2582398370587006,long_nclose,30.962956463338205,0.012516376375768516,6.0
1708651800000.0,602008,1708651800000.0,0.04206878629621905,-0.0008915940000000001,2473.8367497896447,2474.1102145400105,-17.1,0.2607,102.8,0.2582398370587006,long_nclose,26.547055249634425,0.010731126559540267,31.0
1708652100000.0,602013,1708652100000.0,0.035918378942970654,-0.000761244,2473.8719069245876,2474.12417329601,-14.6,0.2607,88.2,0.2582398370587006,long_nclose,22.776753628577396,0.009206925210971205,5.0
1708652400000.0,602018,1708652400000.0,0.03099805306037193,-0.000656964,2473.902248013648,2474.0957963320107,-12.6,0.2607,75.6,0.2582398370587006,long_nclose,19.522931681637765,0.007891553393960155,5.0
1708653480000.0,602036,1708653480000.0,0.0,-0.020825350000000003,2473.881422663648,2473.9162109820104,402.5,0.2587,478.1,0.2586272363138209,long_ientry_partial,123.64968168163777,0.04998205675860695,18.0
1708677420000.0,602435,1708677420000.0,0.0,-0.024737972000000004,2473.8566846916483,2471.1297730100105,492.2,0.2513,970.3,0.2549103799666472,long_rentry,247.3395416816378,0.09998135430083219,399.0
1708698780000.0,602791,1708698780000.0,0.3450613366226968,-0.007135128000000001,2474.194610900271,2476.098887882011,-138.6,0.2574,831.7,0.2549103799666472,long_nclose,212.00896301826052,0.08568807081069424,356.0
1708698840000.0,602792,1708698840000.0,0.2957668599623115,-0.006115824000000001,2474.4842619362335,2476.1165320580108,-118.8,0.2574,712.9,0.2549103799666472,long_nclose,181.7256098782228,0.07343979215128497,1.0
1708698900000.0,602793,1708698900000.0,0.25344331939531406,-0.005240664000000001,2474.7324645916287,2476.1927613940106,-101.8,0.2574,611.1,0.2549103799666472,long_nclose,155.77573319761814,0.06294649438937379,1.0
1708699020000.0,602795,1708699020000.0,0.21734382891169862,-0.004494204,2474.9453142165407,2476.144617190011,-87.3,0.2574,523.8,0.2549103799666472,long_nclose,133.5220570265298,0.053949497897813975,2.0
1708699080000.0,602796,1708699080000.0,0.18622357849478874,-0.0038507040000000004,2475.1276870910356,2476.514926486011,-74.8,0.2574,449.0,0.2549103799666472,long_nclose,114.4547606050246,0.04624196206198187,1.0
1708699260000.0,602799,1708699260000.0,0.15958464413791387,-0.003299868,2475.2839718671735,2476.280716618011,-64.1,0.2574,384.9,0.2549103799666472,long_nclose,98.11500524916251,0.039637878467395284,3.0
1708699680000.0,602806,1708699680000.0,0.1366801398310682,-0.0028262520000000005,2475.4178257550047,2476.371400366011,-54.9,0.2574,330.0,0.2549103799666472,long_nclose,84.12042538899358,0.033982313819420275,7.0
1708699980000.0,602811,1708699980000.0,0.26892910183440116,-0.0028577999999999998,2475.683897056839,2477.083542566011,-55.0,0.2598,275.0,0.2549103799666472,long_nclose,70.10035449082798,0.028315551340849777,5.0
1708700100000.0,602813,1708700100000.0,0.4064291018344013,-0.0028853,2476.0874408586737,2477.7571572660113,-55.0,0.2623,220.0,0.2549103799666472,long_nclose,56.08028359266239,0.02264874925952312,2.0
1708700280000.0,602816,1708700280000.0,0.32514328146752103,-0.00230824,2476.4102759001416,2477.552449026012,-44.0,0.2623,176.0,0.2549103799666472,long_nclose,44.86422687412991,0.018116637340241357,3.0
1708700400000.0,602818,1708700400000.0,0.26011462517401684,-0.0018465920000000002,2476.6685439333155,2477.6104424340115,-35.2,0.2623,140.8,0.2549103799666472,long_nclose,35.89138149930393,0.014491798503768742,2.0
1708700580000.0,602821,1708700580000.0,0.2076483229372123,-0.0014741259999999999,2476.8747181302524,2477.6849883080113,-28.1,0.2623,112.7,0.2549103799666472,long_nclose,28.728399822241144,0.011598648737441064,3.0
1708700880000.0,602826,1708700880000.0,0.09143589462369639,-0.0009716519999999999,2476.9651823728764,2477.5000066560115,-18.7,0.2598,94.0,0.2549103799666472,long_nclose,23.96157571686484,0.009673763639224914,5.0
1708701180000.0,602831,1708701180000.0,0.07627807252030287,-0.0008105759999999999,2477.040649869397,2477.376956080012,-15.6,0.2598,78.4,0.2549103799666472,long_nclose,19.984973789385144,0.008068084708435794,5.0
1708701240000.0,602832,1708701240000.0,0.06356506043358573,-0.00067548,2477.1035394498304,2477.4233206000117,-13.0,0.2598,65.4,0.2549103799666472,long_nclose,16.671138849818732,0.006730093669609557,1.0
1708701300000.0,602833,1708701300000.0,0.05329685836354496,-0.0005663640000000001,2477.156269944194,2477.3900542360116,-10.9,0.2598,54.5,0.2549103799666472,long_nclose,13.892615708182273,0.005608292006743382,1.0
1708701360000.0,602834,1708701360000.0,0.044006580300174736,-0.00046763999999999996,2477.199808884494,2477.4313865960116,-9.0,0.2598,45.5,0.2549103799666472,long_nclose,11.59842228848245,0.004682069749434272,1.0
1708701600000.0,602838,1708701600000.0,0.03667215025014561,-0.0003897,2477.236091334744,2477.4256968960112,-7.5,0.2598,38.0,0.2549103799666472,long_nclose,9.686594438732595,0.003910242738920142,4.0
1708701840000.0,602842,1708701840000.0,0.030804606210122314,-0.000327348,2477.2665685929537,2477.437419548011,-6.3,0.2598,31.7,0.2549103799666472,long_nclose,8.080659044942717,0.00326192552202099,4.0
1708702080000.0,602846,1708702080000.0,0.011203290150087558,-0.00023166000000000004,2477.277540223104,2477.3561378880113,-4.5,0.2574,27.2,0.2549103799666472,long_nclose,6.933562335092804,0.0027988637617359442,4.0
1708702320000.0,602850,1708702320000.0,0.009460556126740604,-0.000195624,2477.286805155231,2477.375482264011,-3.8,0.2574,23.4,0.2549103799666472,long_nclose,5.964902891219545,0.002407837025089945,4.0
1708702440000.0,602852,1708702440000.0,0.019069518130075718,-0.00020264399999999998,2477.3056720293607,2477.4107696200113,-3.9,0.2598,19.5,0.2549103799666472,long_nclose,4.970752409349621,0.002006515572734178,2.0
1708702680000.0,602856,1708702680000.0,0.028819518130075727,-0.000204594,2477.334286953491,2477.449565026011,-3.9,0.2623,15.6,0.2549103799666472,long_nclose,3.9766019274796967,0.0016051939168734207,4.0
1708702740000.0,602857,1708702740000.0,0.022907822103393528,-0.000162626,2477.357032149594,2477.456902400011,-3.1,0.2623,12.5,0.2549103799666472,long_nclose,3.1863797495830903,0.0012862012653938216,1.0
1708702980000.0,602861,1708702980000.0,0.018474050083381877,-0.00013115,2477.3753750496776,2477.450271250011,-2.5,0.2623,10.0,0.2549103799666472,long_nclose,2.5491037996664723,0.0010289533937162657,4.0
1708703280000.0,602866,1708703280000.0,0.014779240066705501,-0.00010491999999999999,2477.3900493697442,2477.457966330011,-2.0,0.2623,8.0,0.2549103799666472,long_nclose,2.039283039733178,0.0008231578391347692,5.0
1708703460000.0,602869,1708703460000.0,0.011823392053364402,-8.3936e-05,2477.4017888257977,2477.454202394011,-1.6,0.2623,6.4,0.2549103799666472,long_nclose,1.6314264317865423,0.0006585231508046104,3.0
1708703580000.0,602871,1708703580000.0,0.0088675440400233,-6.2952e-05,2477.410593417838,2477.4500594420115,-1.2,0.2623,5.2,0.2549103799666472,long_nclose,1.3255339758265656,0.0005350481584878742,2.0
1708704060000.0,602879,1708704060000.0,0.003911696026682199,-4.1568e-05,2477.4144635458642,2477.439057874011,-0.8,0.2598,4.4,0.2549103799666472,long_nclose,1.1216056718532479,0.000452732349938702,8.0
1708704360000.0,602884,1708704360000.0,0.0014937720200116744,-3.0888e-05,2477.415926429884,2477.422346986011,-0.6,0.2574,3.8,0.2549103799666472,long_nclose,0.9686594438732594,0.0003909958895231452,5.0
1708704480000.0,602886,1708704480000.0,0.0012448100166763953,-2.5740000000000004e-05,2477.4171454999005,2477.4250312460103,-0.5,0.2574,3.3,0.2549103799666472,long_nclose,0.8412042538899358,0.00033954889487139444,2.0
1708704540000.0,602887,1708704540000.0,0.0009958480133411163,-2.0592000000000002e-05,2477.4181207559136,2477.4259206540105,-0.4,0.2574,2.9,0.2549103799666472,long_nclose,0.7392401019032769,0.00029839133560455224,1.0
1708704900000.0,602893,1708704900000.0,0.0,-0.024625420000000002,2477.3934953359135,2478.1223552340102,483.8,0.2545,486.7,0.2545024452473871,long_ientry_partial,123.86634010190329,0.04999865396236058,6.0
1708706460000.0,602919,1708706460000.0,0.1735800553065986,-0.0035723,2477.56350309122,2478.68892293401,-69.5,0.257,417.2,0.2545024452473871,long_nclose,106.17842015720989,0.042855983317776764,26.0
1708707960000.0,602944,1708707960000.0,0.34038005530659954,-0.0036056600000000005,2477.900277486526,2479.53361727401,-69.5,0.2594,347.7,0.2545024452473871,long_nclose,88.49050021251648,0.03571188922190096,25.0
1708708020000.0,602945,1708708020000.0,0.28356842017628936,-0.0030038520000000004,2478.1808420547027,2479.65811342201,-57.9,0.2594,289.8,0.2545024452473871,long_nclose,73.75480863269277,0.029761673313373444,1.0
1708708800000.0,602958,1708708800000.0,0.23655189455120512,-0.0025058040000000004,2478.414888145254,2479.5734976180097,-48.3,0.2594,241.5,0.2545024452473871,long_nclose,61.46234052724398,0.024799052338343532,13.0
1708708860000.0,602959,1708708860000.0,0.1968817010550403,-0.0020855760000000004,2478.609684270309,2479.6156920420103,-40.2,0.2594,201.3,0.2545024452473871,long_nclose,51.23134222829902,0.020669386774941647,1.0
1708709040000.0,602962,1708709040000.0,0.16406808421253358,-0.0017379800000000003,2478.7720143745214,2479.5267040620097,-33.5,0.2594,167.8,0.2545024452473871,long_nclose,42.70551031251156,0.01722849461945681,3.0
1708709700000.0,602973,1708709700000.0,0.13664177759790108,-0.0014474520000000001,2478.9072087001196,2479.6203566100103,-27.9,0.2594,139.9,0.2545024452473871,long_nclose,35.60489209010945,0.01436314032455447,11.0
1708709820000.0,602975,1708709820000.0,0.11411302573588157,-0.0012088040000000002,2479.020112921856,2479.6144878060104,-23.3,0.2594,116.6,0.2545024452473871,long_nclose,29.67498511584533,0.011970449518003065,2.0
1708710060000.0,602979,1708710060000.0,0.09501256220069108,-0.001006472,2479.1141190120566,2479.5998813340107,-19.4,0.2594,97.2,0.2545024452473871,long_nclose,24.737637678046024,0.009978418293992911,4.0
1708710420000.0,602985,1708710420000.0,0.07934038699232966,-0.0008404560000000001,2479.192618943049,2479.605520878011,-16.2,0.2594,81.0,0.2545024452473871,long_nclose,20.614698065038354,0.008315085285235719,6.0
1708710960000.0,602994,1708710960000.0,0.06611698916027473,-0.0007003800000000001,2479.2580355522095,2479.595370498011,-13.5,0.2594,67.5,0.2545024452473871,long_nclose,17.178915054198626,0.006929054905885315,9.0
1708712460000.0,603019,1708712460000.0,0.054852613229264956,-0.000581056,2479.3123071094387,2479.5936694420107,-11.2,0.2594,56.3,0.2545024452473871,long_nclose,14.328487667427892,0.0057792185463448435,25.0
1708712880000.0,603026,1708712880000.0,0.04554725919930037,-0.0004824840000000001,2479.3573718846383,2479.596956958011,-9.3,0.2594,47.0,0.2545024452473871,long_nclose,11.961614926627192,0.004824481965475912,7.0
1708713000000.0,603028,1708713000000.0,0.038200927070380954,-0.000404664,2479.3951681477083,2479.579312294011,-7.8,0.2594,39.2,0.2545024452473871,long_nclose,9.976495853697575,0.004023761916560785,2.0
1708713300000.0,603033,1708713300000.0,0.03183410589198413,-0.00033722000000000005,2479.4266650336003,2479.5933550740106,-6.5,0.2594,32.7,0.2545024452473871,long_nclose,8.322229959589558,0.003356513857398875,5.0
1708714020000.0,603045,1708714020000.0,0.02644679566410989,-0.00028015200000000004,2479.4528316772644,2479.589264922011,-5.4,0.2594,27.3,0.2545024452473871,long_nclose,6.947916755253668,0.0028021975923428403,12.0
1708714140000.0,603047,1708714140000.0,0.02203899638675824,-0.00023346,2479.4746372136515,2479.588581462011,-4.5,0.2594,22.8,0.2545024452473871,long_nclose,5.802655751640425,0.002340276308759202,2.0
1708714320000.0,603050,1708714320000.0,0.01861070805992918,-0.000197144,2479.4930507777112,2479.588004318011,-3.8,0.2594,19.0,0.2545024452473871,long_nclose,4.835546459700354,0.001950215774221932,3.0
1708714440000.0,603052,1708714440000.0,0.015182419733100123,-0.000160828,2479.5080723694446,2479.587533490011,-3.1,0.2594,15.9,0.2545024452473871,long_nclose,4.046588879433455,0.0016320127869422466,2.0
1708714800000.0,603058,1708714800000.0,0.012733642356793652,-0.00013488800000000003,2479.520671123801,2479.587138602011,-2.6,0.2594,13.3,0.2545024452473871,long_nclose,3.3848825217902485,0.0013651358350064116,6.0
1708715760000.0,603074,1708715760000.0,0.010774620455748474,-0.00011413600000000002,2479.531331608257,2479.585694466011,-2.2,0.2594,11.1,0.2545024452473871,long_nclose,2.8249771422459964,0.0011393189939703963,16.0
1708715820000.0,603075,1708715820000.0,0.008815598554703296,-9.338400000000001e-05,2479.5400538228114,2479.5874610820106,-1.8,0.2594,9.3,0.2545024452473871,long_nclose,2.3668727408007,0.0009545612046684194,1.0
1708721760000.0,603174,1708721760000.0,0.0133155985547033,-9.428400000000002e-05,2479.5532751373657,2479.6072567980104,-1.8,0.2619,7.5,0.2545024452473871,long_nclose,1.9087683393554031,0.0007698033184020451,99.0
1708722060000.0,603179,1708722060000.0,0.011096332128919417,-7.857000000000002e-05,2479.564292899495,2479.6074782280107,-1.5,0.2619,6.0,0.2545024452473871,long_nclose,1.5270146714843225,0.0006158399182699545,5.0
1708727040000.0,603262,1708727040000.0,0.004897554752612943,-5.1880000000000005e-05,2479.5691385742475,2479.5931263480106,-1.0,0.2594,5.0,0.2545024452473871,long_nclose,1.2725122262369353,0.0005131989289754711,83.0
1708727100000.0,603263,1708727100000.0,0.003918043802090355,-4.150400000000001e-05,2479.5730151140497,2479.596104844011,-0.8,0.2594,4.2,0.2545024452473871,long_nclose,1.0689102700390258,0.0004310864263821086,1.0
1708728420000.0,603285,1708728420000.0,0.0034282883268290597,-3.6316e-05,2479.576407086376,2479.5956485280103,-0.7,0.2594,3.5,0.2545024452473871,long_nclose,0.8907585583658548,0.0003592381972260092,22.0
1708729260000.0,603299,1708729260000.0,0.0,-0.024613976000000003,2479.551793110376,2479.37140455201,477.2,0.2579,480.7,0.25787526223916346,long_ientry_partial,123.96063855836587,0.04999316364465545,14.0
1708731300000.0,603333,1708731300000.0,0.17319701039338797,-0.0035726880000000005,2479.721417432769,2480.80307186401,-68.6,0.2604,412.1,0.25787526223916346,long_nclose,106.27039556875927,0.042855780016926234,34.0
1708731540000.0,603337,1708731540000.0,0.1484545803371897,-0.003062304,2479.8668097091063,2480.79412956001,-58.8,0.2604,353.3,0.25787526223916346,long_nclose,91.10733014909646,0.03673879975827554,4.0
1708732800000.0,603358,1708732800000.0,0.12724678314616258,-0.002624832,2479.9914316602526,2480.78646472801,-50.4,0.2604,302.9,0.25787526223916346,long_nclose,78.1104169322426,0.031496244678535394,21.0
1708733760000.0,603374,1708733760000.0,0.10906867126813938,-0.0022498560000000006,2480.0982504755207,2480.85780487201,-43.2,0.2604,259.7,0.25787526223916346,long_nclose,66.97020560351075,0.02700304537962165,16.0
1708734660000.0,603389,1708734660000.0,0.09366777092703636,-0.0019321680000000002,2480.1899860784474,2480.75199270401,-37.1,0.2604,222.6,0.25787526223916346,long_nclose,57.40303337443778,0.023144611379227683,15.0
1708735020000.0,603395,1708735020000.0,0.0802866607946026,-0.0016561440000000002,2480.268616595242,2480.7884965600097,-31.8,0.2604,190.8,0.25787526223916346,long_nclose,49.20260003523239,0.019837609404893673,6.0
1708735320000.0,603400,1708735320000.0,0.06867286709475441,-0.0014165760000000001,2480.335872886337,2480.76527998401,-27.2,0.2604,163.6,0.25787526223916346,long_nclose,42.18839290232714,0.017009145157922914,5.0
1708736820000.0,603425,1708736820000.0,0.05882638982749184,-0.0012134640000000003,2480.3934858121643,2480.7056165200097,-23.3,0.2604,140.3,0.25787526223916346,long_nclose,36.17989929215464,0.014586354745367396,25.0
1708737960000.0,603444,1708737960000.0,0.0,-0.017554068,2480.375931744164,2480.4355224520095,339.8,0.2583,480.1,0.25817587855062407,long_ientry_partial,123.95023929215462,0.04997236011921573,19.0
1708745880000.0,603576,1708745880000.0,0.17290231928225022,-0.00357159,2480.5452624734467,2481.74883086201,-68.5,0.2607,411.6,0.25817587855062407,long_nclose,106.26519161143688,0.042839448736958656,132.0
1708747080000.0,603596,1708747080000.0,0.34465473142718794,-0.0036111039999999995,2480.8863061008738,2483.6385797580097,-68.6,0.2632,343.0,0.25817587855062407,long_nclose,88.55432634286406,0.035694633053153464,20.0
1708747080000.0,603596,1708747080000.0,0.5092947314271888,-0.003644032,2481.3919568003007,2483.5937757260094,-68.6,0.2656,274.4,0.25817587855062407,long_nclose,70.84346107429124,0.028549887445287886,0.0
1708747260000.0,603599,1708747260000.0,0.6807947314271889,-0.003678332,2482.069073199728,2484.2966773940093,-68.6,0.2681,205.8,0.25817587855062407,long_nclose,53.13259580571844,0.021406574208357235,3.0
1708747380000.0,603601,1708747380000.0,0.8522947314271891,-0.003712632,2482.9176552991553,2484.8143247620096,-68.6,0.2706,137.2,0.25817587855062407,long_nclose,35.42173053714562,0.0142661720824881,2.0
1708747620000.0,603605,1708747620000.0,1.0237947314271894,-0.0037469319999999997,2483.9377030985825,2484.9752178300096,-68.6,0.2731,68.6,0.25817587855062407,long_nclose,17.71086526857281,0.0071301567855262355,4.0
1708747800000.0,603608,1708747800000.0,0.5118973657135947,-0.0018734659999999998,2484.4477269982963,2485.0179343640098,-34.3,0.2731,34.3,0.25817587855062407,long_nclose,8.855432634286405,0.0035643465298364385,3.0
1708748100000.0,603613,1708748100000.0,0.5976473657135947,-0.0018906160000000001,2485.04348374801,2485.04348374801,-34.3,0.2756,0.0,0.25817587855062407,long_nclose,0.0,0.0,5.0
1708783500000.0,604203,1708783500000.0,0.0,-0.024849906,2485.0186338420103,2484.9279738420105,453.3,0.2741,453.3,0.2741,long_ientry_normal,124.24953000000001,0.04999943594302215,590.0
1708841700000.0,605173,1708841700000.0,0.16821999999999943,-0.003580498,2485.1832733440106,2486.1159133440106,-64.7,0.2767,388.6,0.2741,long_nclose,106.51526000000001,0.04286012268892962,970.0
1708843680000.0,605206,1708843680000.0,0.1442999999999995,-0.00307137,2485.3245019740107,2486.2238719740108,-55.5,0.2767,333.1,0.2741,long_nclose,91.30271,0.03673673595841561,33.0
1708843800000.0,605208,1708843800000.0,0.2941499999999984,-0.0031013399999999997,2485.615550634011,2487.197870634011,-55.5,0.2794,277.6,0.2741,long_nclose,76.09016000000001,0.030612199855521317,2.0
1708843920000.0,605210,1708843920000.0,0.4384499999999979,-0.0031301999999999996,2486.050870434011,2487.849880434011,-55.5,0.282,222.1,0.2741,long_nclose,60.877610000000004,0.024487676710079582,2.0
1708844040000.0,605212,1708844040000.0,0.35075999999999835,-0.0025041599999999996,2486.3991262740105,2487.7674162740104,-44.4,0.282,177.7,0.2741,long_nclose,48.70757,0.019589602282796267,2.0
1708844220000.0,605215,1708844220000.0,0.15687999999999916,-0.001654048,2486.5543522260105,2487.4133322260104,-29.6,0.2794,148.1,0.2741,long_nclose,40.59421,0.01632548669754968,3.0
1708844580000.0,605221,1708844580000.0,0.1303799999999993,-0.001374648,2486.6833575780106,2487.4737575780105,-24.6,0.2794,123.5,0.2741,long_nclose,33.851350000000004,0.0136130520586146,6.0
1708844940000.0,605227,1708844940000.0,0.10864999999999941,-0.00114554,2486.790862038011,2487.3676620380106,-20.5,0.2794,103.0,0.2741,long_nclose,28.232300000000002,0.011352904834491253,6.0
1708845120000.0,605230,1708845120000.0,0.09062999999999952,-0.000955548,2486.880536490011,2487.335806490011,-17.1,0.2794,85.9,0.2741,long_nclose,23.54519,0.009467760776813083,3.0
1708845180000.0,605231,1708845180000.0,0.0757899999999996,-0.000799084,2486.955527406011,2487.313527406011,-14.3,0.2794,71.6,0.2741,long_nclose,19.62556,0.007891399658630087,1.0
1708845660000.0,605239,1708845660000.0,0.06306999999999967,-0.000664972,2487.017932434011,2487.352252434011,-11.9,0.2794,59.7,0.2741,long_nclose,16.363770000000002,0.006579675114760834,8.0
1708846320000.0,605250,1708846320000.0,0.05246999999999972,-0.000553212,2487.0698492220113,2487.3437492220114,-9.9,0.2794,49.8,0.2741,long_nclose,13.650179999999999,0.005488458639096911,11.0
1708846560000.0,605254,1708846560000.0,0.043989999999999765,-0.00046380400000000006,2487.1133754180114,2487.3540754180112,-8.3,0.2794,41.5,0.2741,long_nclose,11.37515,0.004573635489410758,4.0
1708846800000.0,605258,1708846800000.0,0.036569999999999804,-0.000385572,2487.1495598460115,2487.3467798460115,-6.9,0.2794,34.6,0.2741,long_nclose,9.48386,0.0038131442327043576,4.0
1708847280000.0,605266,1708847280000.0,0.030209999999999838,-0.00031851599999999997,2487.1794513300115,2487.3355113300113,-5.7,0.2794,28.9,0.2741,long_nclose,7.9214899999999995,0.0031849290149787977,8.0
1708849980000.0,605311,1708849980000.0,0.025439999999999862,-0.000268224,2487.2046231060112,2487.339583106011,-4.8,0.2794,24.1,0.2741,long_nclose,6.605810000000001,0.002655917385579113,45.0
1708850160000.0,605314,1708850160000.0,0.021199999999999886,-0.00022352,2487.2255995860114,2487.3401695860116,-4.0,0.2794,20.1,0.2741,long_nclose,5.509410000000001,0.0022150825405291017,3.0
1708850340000.0,605317,1708850340000.0,0.017489999999999905,-0.00018440399999999996,2487.242905182012,2487.333625182012,-3.3,0.2794,16.8,0.2741,long_nclose,4.6048800000000005,0.001851399391030939,3.0
1708850460000.0,605319,1708850460000.0,0.01483999999999992,-0.00015646399999999998,2487.2575887180114,2487.3359887180113,-2.8,0.2794,14.0,0.2741,long_nclose,3.8374,0.001542823717738814,2.0
1708852140000.0,605347,1708852140000.0,0.005199999999999982,-0.00011068,2487.2626780380115,2487.2950780380115,-2.0,0.2767,12.0,0.2741,long_nclose,3.2892,0.0013224176236160824,28.0
1708853400000.0,605368,1708853400000.0,0.004419999999999985,-9.4078e-05,2487.2670039600116,2487.2958439600116,-1.7,0.2767,10.3,0.2741,long_nclose,2.82323,0.0011350731527837974,21.0
1708853700000.0,605373,1708853700000.0,0.0036399999999999874,-7.7476e-05,2487.2705664840114,2487.2981564840115,-1.4,0.2767,8.9,0.2741,long_nclose,2.43949,0.0009807899602367934,5.0
1708854000000.0,605378,1708854000000.0,0.0031199999999999895,-6.6408e-05,2487.2736200760114,2487.2951800760115,-1.2,0.2767,7.7,0.2741,long_nclose,2.11057,0.0008485475755319195,5.0
1708860300000.0,605483,1708860300000.0,0.0028599999999999906,-6.087400000000001e-05,2487.2764192020113,2487.2948992020115,-1.1,0.2767,6.6,0.2741,long_nclose,1.80906,0.0007273256747958868,105.0
1708861920000.0,605510,1708861920000.0,0.005829999999999969,-6.1468e-05,2487.2821877340116,2487.3129877340116,-1.1,0.2794,5.5,0.2741,long_nclose,1.5075500000000002,0.0006061033233118689,27.0
1708862640000.0,605522,1708862640000.0,0.004769999999999975,-5.0292000000000006e-05,2487.2869074420114,2487.312207442011,-0.9,0.2794,4.6,0.2741,long_nclose,1.2608599999999999,0.000506921817594698,12.0
1708864500000.0,605553,1708864500000.0,0.00370999999999998,-3.9115999999999996e-05,2487.290578326011,2487.3120283260114,-0.7,0.2794,3.9,0.2741,long_nclose,1.06899,0.0004297809067083141,31.0
1708864680000.0,605556,1708864680000.0,0.0031799999999999828,-3.3528e-05,2487.293724798011,2487.3112147980114,-0.6,0.2794,3.3,0.2741,long_nclose,0.90453,0.0003636603071772134,3.0
1708864800000.0,605558,1708864800000.0,0.0026499999999999857,-2.794e-05,2487.296346858011,2487.311466858011,-0.5,0.2794,2.8,0.2741,long_nclose,0.7674799999999999,0.0003085599353569155,2.0
1708865040000.0,605562,1708865040000.0,0.003949999999999981,-2.8199999999999998e-05,2487.3002686580107,2487.3184386580106,-0.5,0.282,2.3,0.2741,long_nclose,0.6304299999999999,0.00025345954726251844,4.0
1708865100000.0,605563,1708865100000.0,0.0031599999999999853,-2.256e-05,2487.303406098011,2487.3203160980106,-0.4,0.282,1.9,0.2741,long_nclose,0.52079,0.0002093793618917589,1.0
1708866060000.0,605579,1708866060000.0,0.002369999999999989,-1.692e-05,2487.305759178011,2487.3190391780113,-0.3,0.282,1.6,0.2741,long_nclose,0.43856000000000006,0.00017631929584118865,16.0
1708867140000.0,605597,1708867140000.0,0.0010599999999999943,-1.1176000000000001e-05,2487.306808002011,2487.314228002011,-0.2,0.2794,1.4,0.2741,long_nclose,0.38373999999999997,0.00015427931880596923,18.0
1708867200000.0,605598,1708867200000.0,0.0010599999999999943,-1.1176000000000001e-05,2487.307856826011,2487.314216826011,-0.2,0.2794,1.2,0.2741,long_nclose,0.32892,0.00013223936035795998,1.0
1708867380000.0,605601,1708867380000.0,0.0010599999999999943,-1.1176000000000001e-05,2487.308905650011,2487.3141056500112,-0.2,0.2794,1.0,0.2741,long_nclose,0.2741,0.0001101994204971373,3.0
1708867440000.0,605602,1708867440000.0,0.0005299999999999972,-5.5880000000000005e-06,2487.309430062011,2487.314290062011,-0.1,0.2794,0.9,0.2741,long_nclose,0.24669000000000002,9.917945753691361e-05,1.0
1708867560000.0,605604,1708867560000.0,0.0005299999999999972,-5.5880000000000005e-06,2487.3099544740107,2487.315634474011,-0.1,0.2794,0.8,0.2741,long_nclose,0.21928000000000003,8.815949922347775e-05,2.0
1708877100000.0,605763,1708877100000.0,0.0,-0.024826032,2487.285128442011,2487.287608442011,447.8,0.2772,448.6,0.2771944716897013,long_ientry_partial,124.34944,0.049994043134849675,159.0
1708891620000.0,606005,1708891620000.0,0.17315381185911605,-0.0035827199999999997,2487.45469953387,2488.533705722011,-64.0,0.2799,384.6,0.2771944716897013,long_nclose,106.60899381185912,0.04285866746913495,242.0
1708906920000.0,606260,1708906920000.0,0.148533504235398,-0.003073302,2487.6001597361055,2488.228412420011,-54.9,0.2799,329.7,0.2771944716897013,long_nclose,91.39101731609452,0.036738628174790615,255.0
1708907580000.0,606271,1708907580000.0,0.1274303834150682,-0.002636658,2487.7249534615207,2488.5177957620112,-47.1,0.2799,282.6,0.2771944716897013,long_nclose,78.3351576995096,0.03148867305065654,11.0
1708910100000.0,606313,1708910100000.0,0.10903279090503713,-0.002255994,2487.831730258426,2488.5357397680114,-40.3,0.2799,242.3,0.2771944716897013,long_nclose,67.16422049041462,0.026997091352089907,42.0
1708910460000.0,606319,1708910460000.0,0.09361127953633462,-0.0019369080000000002,2487.923404629962,2488.526882860011,-34.6,0.2799,207.7,0.2771944716897013,long_nclose,57.573291769950956,0.0231411030029335,6.0
1708910700000.0,606323,1708910700000.0,0.08008363798484118,-0.0016570080000000002,2488.001831259947,2488.501495852011,-29.6,0.2799,178.1,0.2771944716897013,long_nclose,49.368335407935795,0.01984256393530676,4.0
1708910880000.0,606326,1708910880000.0,0.06872041908158667,-0.001421892,2488.0691297870285,2488.497533960011,-25.4,0.2799,152.7,0.2771944716897013,long_nclose,42.32759582701738,0.017012226597835932,3.0
1708913400000.0,606368,1708913400000.0,0.0,-0.016400962,2488.0527288250287,2488.0851229980112,295.3,0.2777,448.0,0.2775276915781638,long_ientry_partial,124.3324058270174,0.04997177285938502,42.0
1708917420000.0,606435,1708917420000.0,0.1710277389975161,-0.0035865600000000004,2488.2201700040264,2489.8223364380115,-64.0,0.2802,384.0,0.2775276915781638,long_nclose,106.5706335660149,0.042830065783866084,67.0
1708917420000.0,606435,1708917420000.0,0.34382773899751484,-0.00362112,2488.560376623024,2489.8955153180113,-64.0,0.2829,320.0,0.2775276915781638,long_nclose,88.80886130501241,0.0356868421354221,0.0
1708917540000.0,606437,1708917540000.0,0.28634403888386784,-0.003015714,2488.8437049479076,2490.0097996040113,-53.3,0.2829,266.7,0.2775276915781638,long_nclose,74.01663534389628,0.02973936659692557,2.0
1708918860000.0,606459,1708918860000.0,0.10181495087195881,-0.002135124,2488.9433847747796,2489.691434480011,-38.1,0.2802,228.6,0.2775276915781638,long_nclose,63.44283029476825,0.025489864768663304,22.0
1708919220000.0,606465,1708919220000.0,0.08711725455185977,-0.001826904,2489.028675125331,2489.709247576011,-32.6,0.2802,196.0,0.2775276915781638,long_nclose,54.39542754932011,0.021854078296860566,6.0
1708920180000.0,606481,1708920180000.0,0.0748246358114133,-0.00156912,2489.1019306411426,2489.5172784560114,-28.0,0.2802,168.0,0.2775276915781638,long_nclose,46.624652185131524,0.018731515817482794,16.0
1708920300000.0,606483,1708920300000.0,0.06413540212406854,-0.00134496,2489.1647210832666,2489.535133496011,-24.0,0.2802,144.0,0.2775276915781638,long_nclose,39.96398758725559,0.016055179976142177,2.0
1708920360000.0,606484,1708920360000.0,0.05478232264764188,-0.00114882,2489.2183545859143,2489.548384676011,-20.5,0.2802,123.5,0.2775276915781638,long_nclose,34.27466990990323,0.013769250032548825,1.0
1708920480000.0,606486,1708920480000.0,0.04703262822431693,-0.0009863040000000001,2489.2644009101386,2489.557988372011,-17.6,0.2802,105.9,0.2775276915781638,long_nclose,29.39018253812755,0.011806774132704324,2.0
1708921560000.0,606504,1708921560000.0,0.0,-0.01900836,2489.2453925501386,2489.240030012011,342.0,0.2779,447.9,0.2778119726236382,long_ientry_partial,124.43198253812756,0.04998783282296313,18.0
1708927320000.0,606600,1708927320000.0,0.1717649493495198,-0.0035847900000000005,2489.413572709488,2490.484175222011,-63.9,0.2805,384.0,0.2778119726236382,long_nclose,106.67979748747707,0.04285338469146625,96.0
1708927560000.0,606604,1708927560000.0,0.1473039002246273,-0.0030742800000000004,2489.5578023297126,2490.4756209420107,-54.8,0.2805,329.2,0.2778119726236382,long_nclose,91.4557013877017,0.03673572122009701,4.0
1708927800000.0,606608,1708927800000.0,0.12633728668900518,-0.0026367,2489.6815029164013,2490.5529442420107,-47.0,0.2805,282.2,0.2778119726236382,long_nclose,78.39853867439071,0.031489384719513326,4.0
1708929660000.0,606639,1708929660000.0,0.25323728668900425,-0.00266208,2489.9320781230904,2491.2228621620106,-47.0,0.2832,235.2,0.2778119726236382,long_nclose,65.3413759610797,0.02624223228222916,31.0
1708929780000.0,606641,1708929780000.0,0.2112106731533823,-0.0022202880000000004,2490.1410685082437,2491.1579218740108,-39.2,0.2832,196.0,0.2778119726236382,long_nclose,54.45114663423309,0.02186669153922788,2.0
1708929960000.0,606644,1708929960000.0,0.17564969246939444,-0.0018464640000000004,2490.314871736713,2491.1299154100107,-32.6,0.2832,163.4,0.2778119726236382,long_nclose,45.39447632670249,0.01822840831972584,3.0
1708930020000.0,606645,1708930020000.0,0.14655434463704076,-0.001540608,2490.45988547335,2491.2209748020105,-27.2,0.2832,136.2,0.2778119726236382,long_nclose,37.83799067133952,0.01519317411697552,1.0
1708930200000.0,606648,1708930200000.0,0.12230822144341269,-0.001285728,2490.5809079667933,2491.1697490740103,-22.7,0.2832,113.5,0.2778119726236382,long_nclose,31.531658892782936,0.012660363207603671,3.0
1708930620000.0,606655,1708930620000.0,0.10183371741323786,-0.001070496,2490.6816711882066,2491.2008385780105,-18.9,0.2832,94.6,0.2778119726236382,long_nclose,26.281012610196175,0.01055173485805536,7.0
1708933320000.0,606700,1708933320000.0,0.036288369580884466,-0.0007573500000000002,2490.717202207787,2490.90276122801,-13.5,0.2805,81.1,0.2778119726236382,long_nclose,22.530550979777058,0.009045808556589981,45.0
1708933560000.0,606704,1708933560000.0,0.030912314828160842,-0.00064515,2490.7474693726153,2490.92759607801,-11.5,0.2805,69.6,0.2778119726236382,long_nclose,19.335713294605217,0.007763016336407485,4.0
1708933620000.0,606705,1708933620000.0,0.026611471025981943,-0.0005553900000000001,2490.7735254536415,2490.94594068801,-9.9,0.2805,59.7,0.2778119726236382,long_nclose,16.5853747656312,0.006658724527197039,1.0
1708933920000.0,606710,1708933920000.0,0.022848232699075405,-0.00047685000000000007,2490.795896836341,2490.9386438380106,-8.5,0.2805,51.2,0.2778119726236382,long_nclose,14.223972998330277,0.005710613630123894,5.0
1708934160000.0,606714,1708934160000.0,0.01962259984744123,-0.00040953,2490.8151099061884,2490.9418943080104,-7.3,0.2805,43.9,0.2778119726236382,long_nclose,12.195945598177717,0.004896367277391798,4.0
1708934400000.0,606718,1708934400000.0,0.016665769733443237,-0.0003478200000000001,2490.831427855922,2490.9327664880107,-6.2,0.2805,37.7,0.2778119726236382,long_nclose,10.473511367911161,0.004204825445344021,4.0
1708934460000.0,606719,1708934460000.0,0.014246545094717605,-0.00029733,2490.8453770710166,2490.938949158011,-5.3,0.2805,32.4,0.2778119726236382,long_nclose,9.001107913005878,0.0036136759013079625,1.0
1708935780000.0,606741,1708935780000.0,0.029095347832353683,-0.0003058560000000001,2490.874166562849,2491.014243302011,-5.4,0.2832,27.0,0.2778119726236382,long_nclose,7.500923260838232,0.0030113617787400062,22.0
1708936020000.0,606745,1708936020000.0,0.024246123193628066,-0.00025488,2490.898157806043,2491.032888422011,-4.5,0.2832,22.5,0.2778119726236382,long_nclose,6.25076938403186,0.002509443978848767,4.0
1708936620000.0,606755,1708936620000.0,0.019935701292538632,-0.00020956800000000004,2490.9178839393353,2491.024818854011,-3.7,0.2832,18.8,0.2778119726236382,long_nclose,5.222865085324399,0.0020967632530160107,10.0
1708936860000.0,606759,1708936860000.0,0.016702884866721557,-0.000175584,2490.9344112402023,2491.026853270011,-3.1,0.2832,15.7,0.2778119726236382,long_nclose,4.36164797019112,0.0017510087582031173,4.0
1708939140000.0,606797,1708939140000.0,0.0,-0.024033060000000002,2490.9103781802023,2490.795110210011,430.7,0.279,446.4,0.278958216779102,long_ientry_partial,124.52694797019112,0.04999254451746571,38.0
1708958940000.0,607127,1708958940000.0,0.17465159117120385,-0.0035888580000000008,2491.0814409133736,2492.1689913520113,-63.7,0.2817,382.7,0.278958216779102,long_nclose,106.75730956136233,0.04285580864920216,330.0
1708959300000.0,607133,1708959300000.0,0.1497013638610319,-0.003076164,2491.2280661132345,2492.160455188011,-54.6,0.2817,328.1,0.278958216779102,long_nclose,91.52619092522337,0.0367393865580604,6.0
1708959840000.0,607142,1708959840000.0,0.12831545473802733,-0.0026367120000000003,2491.3537448559728,2492.2375284760114,-46.8,0.2817,281.3,0.278958216779102,long_nclose,78.47094637996139,0.0314973120705899,9.0
1708961100000.0,607163,1708961100000.0,0.2499954547380269,-0.002661048,2491.6010792627108,2492.8771774280112,-46.8,0.2843,234.5,0.278958216779102,long_nclose,65.41570183469942,0.026254484467496123,21.0
1708962300000.0,607183,1708962300000.0,0.20832954561502243,-0.00221754,2491.807191268326,2492.9883598880115,-39.0,0.2843,195.5,0.278958216779102,long_nclose,54.53633138031444,0.021886256517525952,20.0
1708962780000.0,607191,1708962780000.0,0.17360795467918536,-0.0018479500000000003,2491.978951273005,2492.882261938011,-32.5,0.2843,163.0,0.278958216779102,long_nclose,45.47018933499363,0.018246618540564155,8.0
1708962900000.0,607193,1708962900000.0,0.1447623252863361,-0.001540906,2492.122172692291,2492.861711032011,-27.1,0.2843,135.9,0.278958216779102,long_nclose,37.91042166027996,0.015212103995417106,2.0
1708963140000.0,607197,1708963140000.0,0.12072430079229506,-0.001285036,2492.2416119570835,2492.9148159960114,-22.6,0.2843,113.3,0.278958216779102,long_nclose,31.605965961072254,0.012681742335669063,4.0
1708963260000.0,607199,1708963260000.0,0.1004255245528826,-0.0010689680000000002,2492.3409685136367,2492.8835670280114,-18.8,0.2843,94.5,0.278958216779102,long_nclose,26.36155148562514,0.010577024499720212,2.0
1708963380000.0,607201,1708963380000.0,0.08386599656809877,-0.0008927019999999999,2492.4239418082047,2492.8291143260117,-15.7,0.2843,78.8,0.278958216779102,long_nclose,21.981907482193236,0.00881948977999537,2.0
1708963620000.0,607205,1708963620000.0,0.06997736019376394,-0.000744866,2492.4931743023985,2492.8375594600116,-13.1,0.2843,65.7,0.278958216779102,long_nclose,18.327554842387002,0.007353101316923982,4.0
1708963680000.0,607206,1708963680000.0,0.05822543710778832,-0.0006197740000000001,2492.5507799655065,2492.8599496860115,-10.9,0.2843,54.8,0.278958216779102,long_nclose,15.286910279494789,0.00613303865356209,1.0
1708963920000.0,607210,1708963920000.0,0.0486102273101719,-0.000517426,2492.598872766817,2492.874982260012,-9.1,0.2843,45.7,0.278958216779102,long_nclose,12.748390506804961,0.005114497421181164,4.0
1708966020000.0,607245,1708966020000.0,0.01782159093583713,-0.00036621,2492.616328147753,2492.708126050012,-6.5,0.2817,39.2,0.278958216779102,long_nclose,10.935162097740799,0.004387021770761907,35.0
1708966260000.0,607249,1708966260000.0,0.01535398603702891,-0.00031550400000000003,2492.63136662979,2492.7369305460124,-5.6,0.2817,33.6,0.278958216779102,long_nclose,9.372996083777828,0.003760281688363236,4.0
1708972560000.0,607354,1708972560000.0,0.013160559460310495,-0.00027043200000000003,2492.6442567572503,2492.7088201140123,-4.8,0.2817,28.8,0.278958216779102,long_nclose,8.033996643238137,0.0032230819225242294,105.0
1708972800000.0,607358,1708972800000.0,0.01124131120568188,-0.00023099399999999996,2492.655267074456,2492.725459120012,-4.1,0.2817,24.7,0.278958216779102,long_nclose,6.890267954443819,0.002764228188894604,4.0
1708973040000.0,607362,1708973040000.0,0.009596241273143069,-0.00019719,2492.664666125729,2492.7249119300122,-3.5,0.2817,21.2,0.278958216779102,long_nclose,5.913914195716962,0.002372526989323748,4.0
1708974180000.0,607381,1708974180000.0,0.0,-0.023741276000000002,2492.6409248497293,2492.7096306540125,423.8,0.2801,445.0,0.28004560493419545,long_ientry_partial,124.62029419571698,0.0499952853029683,19.0
1708974900000.0,607393,1708974900000.0,0.17490408667858887,-0.00359156,2492.8122373764077,2493.977489094012,-63.5,0.2828,381.5,0.28004560493419545,long_nclose,106.83739828239557,0.04285818108580772,12.0
1708975020000.0,607395,1708975020000.0,0.15011453108634792,-0.00308252,2492.959269387494,2493.8272565740117,-54.5,0.2828,327.0,0.28004560493419545,long_nclose,91.57491281348192,0.036733417163282156,2.0
1708975080000.0,607396,1708975080000.0,0.12863024957307245,-0.0026413520000000005,2493.085258285067,2493.9414052220122,-46.7,0.2828,280.3,0.28004560493419545,long_nclose,78.49678306305499,0.03148579969425154,1.0
1708975200000.0,607398,1708975200000.0,0.11017580263218196,-0.0022624,2493.1931716876993,2493.9992328220123,-40.0,0.2828,240.3,0.28004560493419545,long_nclose,67.29495886568716,0.0269914740782535,2.0
1708975560000.0,607404,1708975560000.0,0.09447575075709602,-0.001940008,2493.2857074304566,2493.853112814012,-34.3,0.2828,206.0,0.28004560493419545,long_nclose,57.68939461644426,0.023137899697783973,6.0
1708975620000.0,607405,1708975620000.0,0.08097921493465374,-0.0016628639999999998,2493.3650237813913,2493.8337899500125,-29.4,0.2828,176.6,0.28004560493419545,long_nclose,49.45605383137892,0.019835063602670892,1.0
1708975800000.0,607408,1708975800000.0,0.06941075565827463,-0.001425312,2493.43300922505,2493.9257246380125,-25.2,0.2828,151.4,0.28004560493419545,long_nclose,42.398904587037194,0.017004228479438725,3.0
1708976100000.0,607413,1708976100000.0,0.059494933421378265,-0.001221696,2493.491282462471,2493.9137029420126,-21.6,0.2828,129.8,0.28004560493419545,long_nclose,36.34991952045857,0.014577921236829374,5.0
1708976640000.0,607422,1708976640000.0,0.05095630871738416,-0.00104636,2493.5411924111886,2493.8477565820126,-18.5,0.2828,111.3,0.28004560493419545,long_nclose,31.169075829175952,0.012499924173715486,9.0
1708977240000.0,607432,1708977240000.0,0.04379488154629233,-0.0008993040000000001,2493.5840879887346,2493.8563972780125,-15.9,0.2828,95.4,0.28004560493419545,long_nclose,26.716350710722246,0.010714036410246352,10.0
1708978560000.0,607454,1708978560000.0,0.037459772894941866,-0.000769216,2493.6207785456295,2493.8297280620122,-13.6,0.2828,81.8,0.28004560493419545,long_nclose,22.907730483617186,0.009186533365742088,22.0
1708978620000.0,607455,1708978620000.0,0.03195098276333277,-0.000656096,2493.6520734323926,2493.8524519660123,-11.6,0.2828,70.2,0.28004560493419545,long_nclose,19.65920146638052,0.0078836986425779,1.0
1708979340000.0,607467,1708979340000.0,0.02754395065804549,-0.0005656,2493.679051783051,2493.8870063660124,-10.0,0.2828,60.2,0.28004560493419545,long_nclose,16.858745417038566,0.006760591506346452,12.0
1708979880000.0,607476,1708979880000.0,0.0535439506580454,-0.0005708,2493.732024933709,2494.0309355660124,-10.0,0.2854,50.2,0.28004560493419545,long_nclose,14.058289367696613,0.005637449905256089,9.0
1708980060000.0,607479,1708980060000.0,0.044441479046177686,-0.000473764,2493.775992648755,2494.0003418020124,-8.3,0.2854,41.9,0.28004560493419545,long_nclose,11.73391084674279,0.004705278614170818,3.0
1708980120000.0,607480,1708980120000.0,0.03694532595405133,-0.00039385200000000004,2493.8125441227094,2494.0069479500125,-6.9,0.2854,35.0,0.28004560493419545,long_nclose,9.80159617269684,0.003930366055699232,1.0
1708980240000.0,607482,1708980240000.0,0.03105549138166633,-0.000331064,2493.843268550091,2493.9996168860125,-5.8,0.2854,29.2,0.28004560493419545,long_nclose,8.177331664078507,0.0032790078539429502,2.0
1708980300000.0,607483,1708980300000.0,0.02570109631586179,-0.00027398399999999996,2493.868695662407,2494.0164229020124,-4.8,0.2854,24.4,0.28004560493419545,long_nclose,6.833112760394369,0.002739964927696162,1.0
1708984620000.0,607555,1708984620000.0,0.02141758026321816,-0.00022832,2493.88988492267,2494.001154582012,-4.0,0.2854,20.4,0.28004560493419545,long_nclose,5.712930340657587,0.002290770885754137,72.0
1708986120000.0,607580,1708986120000.0,0.018204943223735438,-0.000194072,2493.9078957938937,2493.9921205100122,-3.4,0.2854,17.0,0.28004560493419545,long_nclose,4.760775283881323,0.0019089619516064005,25.0
1708995180000.0,607731,1708995180000.0,0.014992306184252712,-0.000159824,2493.922728276078,2494.0001806860123,-2.8,0.2854,14.2,0.28004560493419545,long_nclose,3.9766475900655753,0.0015945352055131354,151.0
1708995480000.0,607736,1708995480000.0,0.012315108651350442,-0.00013128399999999999,2493.9349121007294,2494.0010094020126,-2.3,0.2854,11.9,0.28004560493419545,long_nclose,3.3325426987169258,0.0013362588905376875,5.0
1708996200000.0,607748,1708996200000.0,0.010173350625028625,-0.000108452,2493.9449769993544,2494.0025209500122,-1.9,0.2854,10.0,0.28004560493419545,long_nclose,2.8004560493419546,0.0011229020989514315,12.0
1708998180000.0,607781,1708998180000.0,0.016108790131609152,-0.00011524000000000001,2493.960970549486,2494.027805710012,-2.0,0.2881,8.0,0.28004560493419545,long_nclose,2.2403648394735636,0.0008983159183040269,33.0
1708999260000.0,607799,1708999260000.0,0.012887032105287322,-9.219200000000001e-05,2493.9737653895913,2494.0246735180126,-1.6,0.2881,6.4,0.28004560493419545,long_nclose,1.792291871578851,0.0007186490477372249,18.0
1708999320000.0,607800,1708999320000.0,0.00966527407896549,-6.914400000000001e-05,2493.9833615196703,2494.0314843740125,-1.2,0.2881,5.2,0.28004560493419545,long_nclose,1.4562371456578165,0.0005839001045983245,1.0
1708999560000.0,607804,1708999560000.0,0.013980713585545923,-7.560800000000001e-05,2493.997266625256,2494.0419387660127,-1.3,0.2908,3.9,0.28004560493419545,long_nclose,1.0921778592433622,0.00043792263682840315,4.0
1708999740000.0,607807,1708999740000.0,0.0096789555592241,-5.2344000000000006e-05,2494.0068932368154,2494.035856422013,-0.9,0.2908,3.0,0.28004560493419545,long_nclose,0.8401368148025863,0.00033686226653216076,3.0
1708999800000.0,607808,1708999800000.0,0.0075280765460631885,-4.0712e-05,2494.014380601361,2494.0384257100127,-0.7,0.2908,2.3,0.28004560493419545,long_nclose,0.6441048913486495,0.00025826029567373296,1.0
1708999920000.0,607810,1708999920000.0,0.005377197532902278,-2.9080000000000003e-05,2494.0197287188944,2494.0394466300127,-0.5,0.2908,1.8,0.28004560493419545,long_nclose,0.5040820888815518,0.0002021163197215301,2.0
1709000160000.0,607814,1709000160000.0,0.0043017580263218225,-2.3264000000000003e-05,2494.024007212921,2494.0404633660132,-0.4,0.2908,1.4,0.28004560493419545,long_nclose,0.3920638469078736,0.00015720131232658266,4.0
1709001120000.0,607830,1709001120000.0,0.003226318519741367,-1.7448e-05,2494.0272160834406,2494.038935918013,-0.3,0.2908,1.1,0.28004560493419545,long_nclose,0.30805016542761504,0.00012351515791049364,16.0
1709001180000.0,607831,1709001180000.0,0.0021508790131609112,-1.1632000000000001e-05,2494.0293553304537,2494.039304286013,-0.2,0.2908,0.9,0.28004560493419545,long_nclose,0.2520410444407759,0.0001010577697901158,1.0
1709003520000.0,607870,1709003520000.0,0.004036318519741361,-1.761e-05,2494.0333740389733,2494.0412066760127,-0.3,0.2935,0.6,0.28004560493419545,long_nclose,0.16802736296051726,6.737173796852791e-05,39.0
1709003640000.0,607872,1709003640000.0,0.0026908790131609074,-1.1740000000000001e-05,2494.0360531779866,2494.0419149360127,-0.2,0.2935,0.4,0.28004560493419545,long_nclose,0.11201824197367818,4.49144437310522e-05,2.0
1709004000000.0,607878,1709004000000.0,0.0013454395065804537,-5.8700000000000005e-06,2494.037392747493,2494.0415490660125,-0.1,0.2935,0.3,0.28004560493419545,long_nclose,0.08401368148025863,3.36858147053309e-05,6.0
1709004300000.0,607883,1709004300000.0,0.0013454395065804537,-5.8700000000000005e-06,2494.0387323169994,2494.0414431960126,-0.1,0.2935,0.2,0.28004560493419545,long_nclose,0.05600912098683909,2.2457197741594727e-05,5.0
1709004420000.0,607885,1709004420000.0,0.0013454395065804537,-5.8700000000000005e-06,2494.0400718865058,2494.0414673260125,-0.1,0.2935,0.1,0.28004560493419545,long_nclose,0.028004560493419546,1.1228592839824237e-05,2.0
1709005920000.0,607910,1709005920000.0,0.0010754395065804556,-5.816000000000001e-06,2494.0411415100125,2494.0411415100125,-0.1,0.2908,0.0,0.28004560493419545,long_nclose,0.0,0.0,25.0
1709017500000.0,608103,1709017500000.0,0.0,-0.024942198000000002,2494.0161993120123,2493.885429312012,435.9,0.2861,435.9,0.2861,long_ientry_normal,124.71099000000001,0.050004081783591545,193.0
1709027520000.0,608270,1709027520000.0,0.1741599999999981,-0.0035939160000000004,2494.186765396012,2495.233125396012,-62.2,0.2889,373.7,0.2861,long_nclose,106.91557,0.042865903822172105,167.0
1709027700000.0,608273,1709027700000.0,0.14923999999999835,-0.0030796739999999997,2494.332925722012,2495.710645722012,-53.3,0.2889,320.4,0.2861,long_nclose,91.66644,0.03674988172377436,3.0
1709027880000.0,608276,1709027880000.0,0.29370000000000024,-0.003114288,2494.6235114340125,2495.8784114340124,-53.4,0.2916,267.0,0.2861,long_nclose,76.3887,0.03062133410106787,3.0
1709028060000.0,608279,1709028060000.0,0.24475000000000022,-0.0025952400000000004,2494.865666194012,2496.1561661940123,-44.5,0.2916,222.5,0.2861,long_nclose,63.657250000000005,0.025515301630292156,3.0
1709028180000.0,608281,1709028180000.0,0.20350000000000018,-0.0021578400000000003,2495.067008354012,2496.2356583540122,-37.0,0.2916,185.5,0.2861,long_nclose,53.07155,0.021270591059200105,2.0
1709028720000.0,608290,1709028720000.0,0.16995000000000016,-0.0018020880000000003,2495.235156266012,2496.100916266012,-30.9,0.2916,154.6,0.2861,long_nclose,44.23106,0.017726209046440917,9.0
1709031840000.0,608342,1709031840000.0,0.14135000000000011,-0.0014988240000000002,2495.375007442012,2496.083957442012,-25.7,0.2916,128.9,0.2861,long_nclose,36.87829000000001,0.014778656470477212,52.0
1709031900000.0,608343,1709031900000.0,0.1177000000000001,-0.001248048,2495.4914593940116,2496.0612093940117,-21.4,0.2916,107.5,0.2861,long_nclose,30.755750000000003,0.01232452625082056,1.0
1709032500000.0,608353,1709032500000.0,0.09845000000000008,-0.001043928,2495.5888654660116,2496.1085454660115,-17.9,0.2916,89.6,0.2861,long_nclose,25.63456,0.01027194837848948,10.0
1709033400000.0,608368,1709033400000.0,0.08195000000000008,-0.0008689680000000001,2495.6699464980115,2496.0882664980118,-14.9,0.2916,74.7,0.2861,long_nclose,21.37167,0.008563500165552452,15.0
1709034120000.0,608380,1709034120000.0,0.06820000000000007,-0.0007231680000000002,2495.7374233300116,2496.0863033300116,-12.4,0.2916,62.3,0.2861,long_nclose,17.82403,0.007141788969216866,12.0
1709036640000.0,608422,1709036640000.0,0.056650000000000054,-0.0006006960000000002,2495.7934726340113,2496.0898726340115,-10.3,0.2916,52.0,0.2861,long_nclose,14.877200000000002,0.005960909892235152,42.0
1709037180000.0,608431,1709037180000.0,0.04730000000000004,-0.000501552,2495.8402710820114,2496.0963310820116,-8.6,0.2916,43.4,0.2861,long_nclose,12.41674,0.004974973816981094,9.0
1709037300000.0,608433,1709037300000.0,0.03960000000000004,-0.000419904,2495.8794511780115,2496.0785511780114,-7.2,0.2916,36.2,0.2861,long_nclose,10.35682,0.0041495673980214715,2.0
1709037360000.0,608434,1709037360000.0,0.03300000000000003,-0.00034992000000000004,2495.9121012580113,2496.0842412580114,-6.0,0.2916,30.2,0.2861,long_nclose,8.640220000000001,0.003461748510953203,1.0
1709038920000.0,608460,1709038920000.0,0.012039999999999867,-0.000248454,2495.9238928040113,2496.0067728040112,-4.3,0.2889,25.9,0.2861,long_nclose,7.4099900000000005,0.0029688365183584784,26.0
1709040120000.0,608480,1709040120000.0,0.0,-0.023466239999999996,2495.9004265640115,2495.8196465640117,407.4,0.288,433.3,0.28788642972536344,long_ientry_partial,124.74118999999997,0.04997843210104551,20.0
1709049240000.0,608632,1709049240000.0,0.0,-0.02495816,2495.8754684040114,2494.7457284040115,446.0,0.2798,879.3,0.2837848174684408,long_rentry,249.53198999999998,0.09997774053990094,152.0
1709057520000.0,608770,1709057520000.0,0.3410269259638315,-0.007196879999999999,2496.2092984499754,2498.3311015240115,-125.6,0.2865,753.7,0.2837848174684408,long_nclose,213.88861692596385,0.08568536983608636,138.0
1709059500000.0,608803,1709059500000.0,0.29215364039576647,-0.00616548,2496.495286610371,2498.1849560440114,-107.6,0.2865,646.1,0.2837848174684408,long_nclose,183.35337056635962,0.07344430872741946,33.0
1709059680000.0,608806,1709059680000.0,0.2506113476629112,-0.00528879,2496.7406091680336,2498.244277254011,-92.3,0.2865,553.8,0.2837848174684408,long_nclose,157.1600319140225,0.06294607911487911,3.0
1709060820000.0,608825,1709060820000.0,0.2147709382463302,-0.00453243,2496.95084767628,2498.2872148240112,-79.1,0.2865,474.7,0.2837848174684408,long_nclose,134.71265285226886,0.05395086290049945,19.0
1709060940000.0,608827,1709060940000.0,0.1840893756397116,-0.00388494,2497.13105211192,2498.1544798840114,-67.8,0.2865,406.9,0.2837848174684408,long_nclose,115.47204222790856,0.0462418831123218,2.0
1709061000000.0,608828,1709061000000.0,0.15775210508358767,-0.00332913,2497.2854750870033,2498.2325307540113,-58.1,0.2865,348.8,0.2837848174684408,long_nclose,98.98414433299216,0.0396366956523237,1.0
1709061300000.0,608833,1709061300000.0,0.13521609007164656,-0.00285354,2497.4178376370746,2498.2595772140107,-49.8,0.2865,299.0,0.2837848174684408,long_nclose,84.8516604230638,0.03397575653713837,5.0
1709062380000.0,608851,1709062380000.0,0.11593829409757649,-0.00244671,2497.531329221172,2498.3810105040106,-42.7,0.2865,256.3,0.2837848174684408,long_nclose,72.73404871716139,0.02912237691122085,18.0
1709062620000.0,608855,1709062620000.0,0.0,-0.010340809999999999,2497.5209884111723,2497.785629694011,181.1,0.2855,437.4,0.28449496734604796,long_ientry_partial,124.43809871716137,0.049824645836639855,4.0
1709064000000.0,608878,1709064000000.0,0.16879403760660824,-0.003584256,2497.6861981927786,2498.738085438011,-62.4,0.2872,375.0,0.28449496734604796,long_nclose,106.68561275476799,0.04271377758821794,23.0
1709064120000.0,608880,1709064120000.0,0.14471924698643496,-0.00307304,2497.827844399765,2498.7939623980105,-53.5,0.2872,321.5,0.28449496734604796,long_nclose,91.46513200175441,0.03661786868411411,2.0
1709065800000.0,608908,1709065800000.0,0.12416099881639933,-0.0026364960000000003,2497.9493689025817,2498.805115902011,-45.9,0.2872,275.6,0.28449496734604796,long_nclose,78.40681300057082,0.03138847167067165,28.0
1709067000000.0,608928,1709067000000.0,0.10630778330031576,-0.002257392,2498.053419293882,2498.692618510011,-39.3,0.2872,236.3,0.28449496734604796,long_nclose,67.22616078387114,0.02691141841269102,20.0
1709067060000.0,608929,1709067060000.0,0.09115960043818427,-0.0019357280000000005,2498.1426431663203,2498.710942782011,-33.7,0.2872,202.6,0.28449496734604796,long_nclose,57.63868038430932,0.023072613784477107,1.0
1709067420000.0,608935,1709067420000.0,0.07817544369921439,-0.001660016,2498.2191585940195,2498.758502766011,-28.9,0.2872,173.7,0.28449496734604796,long_nclose,49.416775828008525,0.019780800918931366,6.0
1709068320000.0,608950,1709068320000.0,0.06708480981801097,-0.0014245120000000002,2498.2848188918374,2498.702488254011,-24.8,0.2872,148.9,0.28449496734604796,long_nclose,42.361300637826545,0.016956153404725376,15.0
1709069580000.0,608971,1709069580000.0,0.05734669226378357,-0.001217728,2498.340947856101,2498.724690526011,-21.2,0.2872,127.7,0.28449496734604796,long_nclose,36.330007330090325,0.014541653076320972,21.0
1709069760000.0,608974,1709069760000.0,0.0492315943019274,-0.001045408,2498.389134042403,2498.6634351180105,-18.2,0.2872,109.5,0.28449496734604796,long_nclose,31.152198924392252,0.012468913869309014,3.0
1709070300000.0,608983,1709070300000.0,0.04219850940165206,-0.000896064,2498.430436487805,2498.703219054011,-15.6,0.2872,93.9,0.28449496734604796,long_nclose,26.714077433793904,0.01069234389865483,9.0
1709070720000.0,608990,1709070720000.0,0.0,-0.019616162,2498.4108203258047,2498.523972892011,343.3,0.2857,437.2,0.28544118809193486,long_ientry_partial,124.79488743379392,0.049949706596899894,7.0
1709072040000.0,609012,1709072040000.0,0.1721498630632654,-0.003596736,2498.579373452868,2499.650856156011,-62.4,0.2882,374.8,0.28544118809193486,long_nclose,106.98335729685719,0.04281767408854153,22.0
1709072640000.0,609022,1709072640000.0,0.14759643708148557,-0.00308374,2498.7238861499495,2499.578162416011,-53.5,0.2882,321.3,0.28544118809193486,long_nclose,91.71225373393868,0.03670363670123214,10.0
1709072700000.0,609023,1709072700000.0,0.12662946658019042,-0.002645676,2498.8478699405296,2499.635186740011,-45.9,0.2882,275.4,0.28544118809193486,long_nclose,78.61050320051885,0.031458699085346764,1.0
1709074440000.0,609052,1709074440000.0,0.10842130798696041,-0.002265252,2498.9540259965165,2499.628991488011,-39.3,0.2882,236.1,0.28544118809193486,long_nclose,67.39266450850582,0.02696834908022424,29.0
1709074680000.0,609056,1709074680000.0,0.0929719613017956,-0.0019424680000000004,2499.0450554898184,2499.684399020011,-33.7,0.2882,202.4,0.28544118809193486,long_nclose,57.77329646980762,0.023118149207791663,4.0
1709074980000.0,609061,1709074980000.0,0.0,-0.013413399999999999,2499.0316420898184,2499.101055620011,234.5,0.286,436.9,0.2857411226134301,long_ientry_partial,124.8402964698076,0.04995546849715346,5.0
1709081160000.0,609164,1709081160000.0,0.1721539489219605,-0.0036004799999999997,2499.2001955587407,2500.0086951400112,-62.4,0.2885,374.5,0.2857411226134301,long_nclose,107.01005041872958,0.042817718488056364,103.0
1709095740000.0,609407,1709095740000.0,0.1475999401814886,-0.00308695,2499.344708548922,2500.743908190011,-53.5,0.2885,321.0,0.2857411226134301,long_nclose,91.72290035891106,0.03669877950215353,243.0
1709095860000.0,609409,1709095860000.0,0.2920499401814905,-0.0031158400000000004,2499.6336426491034,2501.0671423500107,-53.5,0.2912,267.5,0.2857411226134301,long_nclose,76.43575029909255,0.030578781224150187,2.0
1709096040000.0,609412,1709096040000.0,0.24292004370236125,-0.0025916800000000003,2499.8739710128057,2501.1805006700106,-44.5,0.2912,223.0,0.2857411226134301,long_nclose,63.72027034279491,0.025489393098076504,3.0
1709097120000.0,609430,1709097120000.0,0.20252435104174388,-0.0021607040000000003,2500.0743346598474,2501.1077299660105,-37.1,0.2912,185.9,0.2857411226134301,long_nclose,53.11927469383666,0.02124707811980475,18.0
1709103240000.0,609532,1709103240000.0,0.07311025074410182,-0.00152905,2500.1459158605917,2500.617560916011,-26.5,0.2885,159.4,0.2857411226134301,long_nclose,45.54713494458076,0.01821779067199071,102.0
1709104020000.0,609545,1709104020000.0,0.06262651667513627,-0.00130979,2500.207232587267,2500.598041126011,-22.7,0.2885,136.7,0.2857411226134301,long_nclose,39.06081146125589,0.015623029544169002,13.0
1709104200000.0,609548,1709104200000.0,0.05379810903811266,-0.00112515,2500.259905546305,2500.5949659760113,-19.5,0.2885,117.2,0.2857411226134301,long_nclose,33.48885957029401,0.013394151342428825,3.0
1709105700000.0,609573,1709105700000.0,0.046073252355717,-0.00096359,2500.3050152086607,2500.612432386011,-16.7,0.2885,100.5,0.2857411226134301,long_nclose,28.716982822649726,0.01148539184138427,25.0
1709105820000.0,609575,1709105820000.0,0.039451946627949284,-0.00082511,2500.343642045289,2500.615937276011,-14.3,0.2885,86.2,0.2857411226134301,long_nclose,24.630884769277674,0.00985099982062047,2.0
1709106600000.0,609588,1709106600000.0,0.0780619466279498,-0.0008328320000000001,2500.420871159917,2500.8205544440116,-14.3,0.2912,71.9,0.2857411226134301,long_nclose,20.544786715905627,0.008216531445914195,13.0
1709106720000.0,609590,1709106720000.0,0.064960640900182,-0.000693056,2500.4851387448175,2500.8306713880115,-11.9,0.2912,60.0,0.2857411226134301,long_nclose,17.144467356805805,0.006856456409659731,2.0
1709107020000.0,609595,1709107020000.0,0.05458877386569916,-0.0005824000000000001,2500.5391451186833,2500.827088988012,-10.0,0.2912,50.0,0.2857411226134301,long_nclose,14.287056130671505,0.0057135902705467935,5.0
1709107800000.0,609608,1709107800000.0,0.04530868230853031,-0.00048339200000000013,2500.5839704089917,2500.8157755960115,-8.3,0.2912,41.7,0.2857411226134301,long_nclose,11.915404812980036,0.004765048866177915,13.0
1709108520000.0,609620,1709108520000.0,0.03766625396733242,-0.0004018560000000001,2500.6212348069594,2500.814683740012,-6.9,0.2912,34.8,0.2857411226134301,long_nclose,9.943791066947366,0.003976528283666678,12.0
1709108700000.0,609623,1709108700000.0,0.03166148884210551,-0.000337792,2500.652558503801,2500.8253659480115,-5.8,0.2912,29.0,0.2857411226134301,long_nclose,8.286492555789472,0.0033137320607015772,3.0
1709109720000.0,609640,1709109720000.0,0.026202611455535596,-0.000279552,2500.678481563257,2500.815426396012,-4.8,0.2912,24.2,0.2857411226134301,long_nclose,6.914935167245008,0.002765223605604129,17.0
1709110020000.0,609645,1709110020000.0,0.039642611455535444,-0.00028223999999999995,2500.7178419347124,2500.8644841560117,-4.8,0.294,19.4,0.2857411226134301,long_nclose,5.543377778700544,0.0022167146111981345,5.0
1709110860000.0,609659,1709110860000.0,0.01746840763702373,-0.00018636800000000004,2500.7351239743493,2500.813837788012,-3.2,0.2912,16.2,0.2857411226134301,long_nclose,4.629006186337567,0.001851058171639072,14.0
1709111040000.0,609662,1709111040000.0,0.006345417989110724,-0.00013270999999999997,2500.7413366823384,2500.792195078012,-2.3,0.2885,13.9,0.2857411226134301,long_nclose,3.9718016043266786,0.0015882496706340502,3.0
1709111160000.0,609664,1709111160000.0,0.0,-0.024210168000000004,2500.7171265143384,2500.960364910012,420.9,0.2876,434.8,0.2875405740669887,long_ientry_partial,125.02264160432668,0.049994715627269426,2.0
1709112840000.0,609692,1709112840000.0,0.17136035044000278,-0.0036055260000000004,2500.8848813387785,2501.913319384012,-62.1,0.2903,372.7,0.2875405740669887,long_nclose,107.16637195476667,0.042851381426800485,28.0
1709113020000.0,609695,1709113020000.0,0.14680145963620206,-0.0030887920000000004,2501.0285940064146,2502.1019305920117,-53.2,0.2903,319.5,0.2875405740669887,long_nclose,91.86921341440288,0.03673257220431733,3.0
1709114460000.0,609719,1709114460000.0,0.29576145963620337,-0.0031185840000000006,2501.321236882051,2502.8816020080117,-53.2,0.2931,266.3,0.2875405740669887,long_nclose,76.5720548740391,0.0306126433282467,24.0
1709114580000.0,609721,1709114580000.0,0.2462825688324024,-0.002596866,2501.5649225848833,2502.8435151420117,-44.3,0.2931,222.0,0.2875405740669887,long_nclose,63.83400744287149,0.025517629731117028,2.0
1709114820000.0,609725,1709114820000.0,0.20569875952141964,-0.0021689400000000003,2501.768452404405,2502.8339462020117,-37.0,0.2931,185.0,0.2875405740669887,long_nclose,53.195006202392904,0.021262961466824853,4.0
1709115300000.0,609733,1709115300000.0,0.17123031873674932,-0.0018054960000000002,2501.9378772271416,2502.810560706012,-30.8,0.2931,154.2,0.2875405740669887,long_nclose,44.33875652112965,0.01772176556608576,8.0
1709115780000.0,609741,1709115780000.0,0.14287724647839148,-0.0015065340000000001,2502.07924793962,2502.8450341720118,-25.7,0.2931,128.5,0.2875405740669887,long_nclose,36.94896376760805,0.014767303552848818,8.0
1709116140000.0,609747,1709116140000.0,0.1189717149664427,-0.0012544680000000001,2502.1969651865866,2502.781669704012,-21.4,0.2931,107.1,0.2875405740669887,long_nclose,30.795595482574488,0.012307422601433013,6.0
1709116320000.0,609750,1709116320000.0,0.09895778160760188,-0.0010434360000000002,2502.294879532194,2502.764546268012,-17.8,0.2931,89.3,0.2875405740669887,long_nclose,25.677373264182087,0.010261529715867256,3.0
1709116500000.0,609753,1709116500000.0,0.08227950380856786,-0.0008675760000000001,2502.3762914600024,2502.8575186920116,-14.8,0.2931,74.5,0.2875405740669887,long_nclose,21.421772767990657,0.008560572141407319,3.0
1709116680000.0,609756,1709116680000.0,0.06893688156934064,-0.0007268880000000002,2502.444501453572,2502.7959518040116,-12.4,0.2931,62.1,0.2875405740669887,long_nclose,17.856269649559998,0.007135530733723762,3.0
1709116800000.0,609758,1709116800000.0,0.057262087110016825,-0.0006037860000000001,2502.501159754682,2502.815038018012,-10.3,0.2931,51.8,0.2875405740669887,long_nclose,14.894601736670014,0.005951886047529393,2.0
1709116980000.0,609761,1709116980000.0,0.04781106302389754,-0.0005041320000000001,2502.5484666857055,2502.7886338860117,-8.6,0.2931,43.2,0.2875405740669887,long_nclose,12.421752799693913,0.004963641250131263,3.0
1709117040000.0,609762,1709117040000.0,0.04002786671768166,-0.00042206400000000004,2502.588072488423,2502.795411822012,-7.2,0.2931,36.0,0.2875405740669887,long_nclose,10.351460666411592,0.004136302246545402,1.0
1709117760000.0,609774,1709117760000.0,0.05946786671768152,-0.00042595200000000006,2502.6471144031407,2502.8849858700114,-7.2,0.2958,28.8,0.2875405740669887,long_nclose,8.281168533129275,0.003308963731030957,12.0
1709117820000.0,609775,1709117820000.0,0.04707872781816454,-0.00033721200000000004,2502.693855918959,2502.8915786580114,-5.7,0.2958,23.1,0.2875405740669887,long_nclose,6.642187260947439,0.0026540150906745677,1.0
1709118180000.0,609781,1709118180000.0,0.037993359291852075,-0.00027213599999999997,2502.7315771422504,2502.889926522011,-4.6,0.2958,18.5,0.2875405740669887,long_nclose,5.319500620239291,0.0021254778853724995,6.0
1709118900000.0,609793,1709118900000.0,0.030559875952141893,-0.00021889200000000002,2502.761918126203,2502.8885976300116,-3.7,0.2958,14.8,0.2875405740669887,long_nclose,4.255600496191433,0.001700361694562448,12.0
1709120400000.0,609818,1709120400000.0,0.023952335205732832,-0.00017156400000000003,2502.7856988974086,2502.8816060660115,-2.9,0.2958,11.9,0.2875405740669887,long_nclose,3.4217328313971653,0.0013671697232825787,25.0
1709121120000.0,609830,1709121120000.0,0.0,-0.024337404,2502.7613614934085,2502.658708662011,419.9,0.2898,431.8,0.28973773235617684,long_ientry_partial,125.10875283139715,0.04998828684039785,12.0
1709121300000.0,609833,1709121300000.0,0.17015568685950583,-0.0036036,2502.9279135802676,2503.617325062011,-61.6,0.2925,370.2,0.28973773235617684,long_nclose,107.26090851825666,0.04285417407999867,3.0
1709121720000.0,609840,1709121720000.0,0.14584773159386213,-0.0030888,2503.070672511861,2504.1378562620107,-52.8,0.2925,317.4,0.28973773235617684,long_nclose,91.96275624985051,0.036739975926274905,7.0
1709122200000.0,609848,1709122200000.0,0.12513072426518854,-0.0026500499999999997,2503.1931531861264,2503.9719762120108,-45.3,0.2925,272.1,0.28973773235617684,long_nclose,78.83763697411572,0.03149482766592311,8.0
1709122320000.0,609850,1709122320000.0,0.10717598458033807,-0.0022697999999999998,2503.298059370707,2503.919166412011,-38.8,0.2925,233.3,0.28973773235617684,long_nclose,67.59581295869606,0.027002702576971065,2.0
1709122380000.0,609851,1709122380000.0,0.09198351253931077,-0.0019480499999999996,2503.388094833246,2503.920548362011,-33.3,0.2925,200.0,0.28973773235617684,long_nclose,57.94754647123537,0.023147648017833738,1.0
1709122440000.0,609852,1709122440000.0,0.07872462784895967,-0.0016672500000000001,2503.4651522110953,2503.956031112011,-28.5,0.2925,171.5,0.28973773235617684,long_nclose,49.690021099084326,0.019848497214030484,1.0
1709123400000.0,609868,1709123400000.0,0.06767555727366709,-0.00143325,2503.531394518369,2503.922747862011,-24.5,0.2925,147.0,0.28973773235617684,long_nclose,42.591446656357995,0.01701254745581162,16.0
1709123700000.0,609873,1709123700000.0,0.058007620520286074,-0.0012285,2503.588173638889,2503.974019362011,-21.0,0.2925,126.0,0.28973773235617684,long_nclose,36.50695427687828,0.014581852822789355,5.0
1709124120000.0,609880,1709124120000.0,0.049720817588816635,-0.001053,2503.636841456478,2503.945966362011,-18.0,0.2925,108.0,0.28973773235617684,long_nclose,31.2916750944671,0.012498488030022487,7.0
1709124240000.0,609882,1709124240000.0,0.04253892171487646,-0.0009009,2503.678479478193,2503.943525462011,-15.4,0.2925,92.6,0.28973773235617684,long_nclose,26.829714016181974,0.010716117998415563,2.0
1709126220000.0,609915,1709126220000.0,0.0,-0.019663952000000002,2503.658815526193,2503.787901510011,338.8,0.2902,431.4,0.29010077426096886,long_ientry_partial,125.14947401618195,0.049986632859109974,33.0
1709126700000.0,609923,1709126700000.0,0.17243230552431763,-0.0036085279999999997,2503.827639303717,2505.158632982011,-61.6,0.2929,369.8,0.29010077426096886,long_nclose,107.27926632170629,0.04284610675179674,8.0
1709126820000.0,609925,1709126820000.0,0.14779911902084367,-0.0030930239999999998,2503.972345398738,2504.954799958011,-52.8,0.2929,317.0,0.29010077426096886,long_nclose,91.96194544072713,0.03672642216265488,2.0
1709127120000.0,609930,1709127120000.0,0.1265250034042071,-0.0026478160000000003,2504.0962225861426,2504.9929521420113,-45.2,0.2929,271.8,0.29010077426096886,long_nclose,78.84939044413134,0.03148816316758725,5.0
1709127480000.0,609936,1709127480000.0,0.10860995867440786,-0.002272904,2504.202559640817,2504.9013792380115,-38.8,0.2929,233.0,0.29010077426096886,long_nclose,67.59348040280574,0.026992017935043085,6.0
1709128620000.0,609955,1709128620000.0,0.09293429453583353,-0.0019448560000000002,2504.293549079353,2504.9127743820113,-33.2,0.2929,199.8,0.29010077426096886,long_nclose,57.96213469734158,0.023145104022908997,19.0
1709128800000.0,609958,1709128800000.0,0.07977793356238722,-0.00166953,2504.3716574829155,2504.8854248520115,-28.5,0.2929,171.3,0.29010077426096886,long_nclose,49.69426263090397,0.01984300632153396,3.0
1709129580000.0,609971,1709129580000.0,0.06830110803235957,-0.001429352,2504.438529238948,2504.8644255000117,-24.4,0.2929,146.9,0.29010077426096886,long_nclose,42.61580373893633,0.01701611089328133,13.0
1709130180000.0,609981,1709130180000.0,0.0,-0.01651202,2504.422017218948,2504.4806634800116,284.2,0.2905,431.1,0.2903639613522067,long_ientry_partial,125.17590373893633,0.049981953072724836,10.0
1709138160000.0,610114,1709138160000.0,0.1744163768392882,-0.0036063600000000003,2504.5928272357874,2505.6410271200116,-61.5,0.2932,369.6,0.2903639613522067,long_nclose,107.31852011577561,0.04284868939524134,133.0
1709139240000.0,610132,1709139240000.0,0.14974284060348644,-0.003096192,2504.7394738843905,2505.7012909280115,-52.8,0.2932,316.8,0.2903639613522067,long_nclose,91.9873029563791,0.03672529774672481,18.0
1709139660000.0,610139,1709139660000.0,0.12818894688025737,-0.0026505280000000005,2504.8650123032708,2505.5809604000115,-45.2,0.2932,271.6,0.2903639613522067,long_nclose,78.86285190325935,0.031483872989524285,7.0
1709139720000.0,610140,1709139720000.0,0.1100382995343802,-0.0022752320000000003,2504.972775370805,2505.446765168011,-38.8,0.2932,232.8,0.2903639613522067,long_nclose,67.59673020279372,0.026985015912114073,1.0
1709139840000.0,610142,1709139840000.0,0.0941564831067377,-0.0019468480000000004,2505.0649850059117,2505.6709783200113,-33.2,0.2932,199.6,0.2903639613522067,long_nclose,57.95664668590046,0.023135785711269157,2.0
1709140020000.0,610145,1709140020000.0,0.08082710146210917,-0.0016712400000000003,2505.1441408673736,2505.714937080011,-28.5,0.2932,171.1,0.2903639613522067,long_nclose,49.681273787362564,0.019831702686042275,3.0
1709140380000.0,610151,1709140380000.0,0.1606271014621083,-0.0016872,2505.3030807688356,2506.106779880011,-28.5,0.296,142.6,0.2903639613522067,long_nclose,41.405900888824675,0.016527302108341278,6.0
1709140440000.0,610152,1709140440000.0,0.13357411595270058,-0.00140304,2505.4352518447886,2506.1648268400113,-23.7,0.296,118.9,0.2903639613522067,long_nclose,34.52427500477738,0.013779751434149676,1.0
1709141100000.0,610163,1709141100000.0,0.0,-0.018144630000000002,2505.4171072147888,2504.3121622100116,312.3,0.2905,431.2,0.29046248841553196,long_ientry_partial,125.24742500477738,0.04999064812166622,11.0
1709141460000.0,610169,1709141460000.0,0.0,-0.025056948000000002,2505.392050266789,2488.8348852620115,443.8,0.2823,875.0,0.28632247429117413,long_rentry,250.53216500477737,0.09999719005179218,6.0
1709141460000.0,610169,1709141460000.0,0.0,-0.025054094000000002,2505.3669961727887,2484.1635011680114,451.1,0.2777,1326.1,0.2833893635508464,long_rentry,375.80263500477736,0.14999903630041242,0.0
1709141460000.0,610169,1709141460000.0,0.0,-0.036032048,2505.330964124789,2479.5955491200116,656.8,0.2743,1982.9,0.28037867517513604,long_rentry,555.9628750047773,0.22191194814813503,0.0
1709141460000.0,610169,1709141460000.0,0.0,-0.053170894,2505.277793230789,2476.301448226012,982.1,0.2707,2965.0,0.2771727976407343,long_rentry,821.8173450047773,0.32803441886776447,0.0
1709141460000.0,610169,1709141460000.0,0.0,-0.07823635200000001,2505.199556878789,2477.6916118740114,1468.4,0.2664,4433.4,0.2736047063212833,long_rentry,1212.9991050047772,0.48419260720133794,0.0
1709141520000.0,610170,1709141520000.0,0.0,-0.114791196,2505.0847656827887,2450.313510678011,2195.7,0.2614,6629.1,0.2695622460069659,long_rentry,1786.9550850047776,0.7133311852294639,1.0
1709141520000.0,610170,1709141520000.0,0.0,-0.14362656000000001,2504.9411391227886,2467.335284118011,2814.0,0.2552,9443.1,0.26528236331340105,long_rentry,2505.0878850047775,1.0000585825669501,0.0
1709141580000.0,610171,1709141580000.0,3.396291890221962,-0.07225243999999999,2508.265178573011,2544.8313816780114,-1349.0,0.2678,8094.1,0.26528236331340105,long_nclose,2147.2219768949994,0.8560585998792144,1.0
1709141580000.0,610171,1709141580000.0,6.903691890221951,-0.07295391999999999,2515.0959165432328,2545.5678277580114,-1349.0,0.2704,6745.1,0.26528236331340105,long_nclose,1789.3560687852214,0.7114464530022879,0.0
1709141640000.0,610172,1709141640000.0,5.752735399405852,-0.06079132799999999,2520.7878606146387,2551.2403964300115,-1124.1,0.2704,5621.0,0.26528236331340105,long_nclose,1491.1521641846273,0.5915421077206563,1.0
1709141700000.0,610173,1709141700000.0,8.563747163074515,-0.061358836,2529.290248941713,2563.545237594011,-1124.2,0.2729,4496.8,0.26528236331340105,long_nclose,1192.9217313477018,0.47164287762024754,1.0
1709141880000.0,610176,1709141880000.0,3.8351569329372346,-0.040527552,2533.0848783226497,2551.5132300420105,-749.4,0.2704,3747.4,0.26528236331340105,long_nclose,994.1191282806391,0.39245393503707693,3.0
1709141940000.0,610177,1709141940000.0,3.195964110781029,-0.03377296,2536.2470694734307,2557.8501570820104,-624.5,0.2704,3122.9,0.26528236331340105,long_nclose,828.4502923914201,0.3266441595390077,1.0
1709142120000.0,610180,1709142120000.0,4.75721411078103,-0.03408521,2540.970198374212,2561.501141872011,-624.5,0.2729,2498.4,0.26528236331340105,long_nclose,662.7814565022012,0.2608379495856616,3.0
1709142240000.0,610182,1709142240000.0,6.381935874449719,-0.03441546,2547.3177187886618,2566.463526412011,-624.6,0.2755,1873.8,0.26528236331340105,long_nclose,497.08609237665087,0.19514098642278224,2.0
1709142300000.0,610183,1709142300000.0,4.785941024002959,-0.025808840000000006,2552.0778509726647,2563.626917572011,-468.4,0.2755,1405.4,0.26528236331340105,long_nclose,372.82783340065384,0.14608795466743277,1.0
1709142420000.0,610185,1709142420000.0,2.1405559089342985,-0.01533698,2554.203069901599,2564.230060592011,-281.0,0.2729,1124.4,0.26528236331340105,long_nclose,298.28348930958816,0.11678143089894555,2.0
1709142540000.0,610187,1709142540000.0,2.8721776726029717,-0.015488610000000003,2557.059758964202,2566.182271982011,-281.1,0.2755,843.3,0.26528236331340105,long_nclose,223.7126169821911,0.08748822400334172,2.0
1709142840000.0,610192,1709142840000.0,2.153877813535064,-0.011615080000000002,2559.202021697737,2565.664676902011,-210.8,0.2755,632.5,0.26528236331340105,long_nclose,167.79109479572617,0.06556383332505185,5.0
1709142900000.0,610193,1709142900000.0,1.6154083601512979,-0.00871131,2560.8087187478886,2565.988045592011,-158.1,0.2755,474.4,0.26528236331340105,long_nclose,125.84995315587746,0.049144612885187296,1.0
1709143080000.0,610196,1709143080000.0,1.2118117110306383,-0.006534860000000001,2562.0139955989193,2565.471530732011,-118.6,0.2755,355.8,0.26528236331340105,long_nclose,94.38746486690809,0.03684111992715451,3.0
1709143140000.0,610197,1709143140000.0,0.0,-0.006050000000000001,2562.0079455989194,2565.8381207320112,110.0,0.275,465.8,0.2675772109637357,long_ientry_partial,124.6374648669081,0.04864835219618012,1.0
1709143140000.0,610197,1709143140000.0,0.7043359453238972,-0.004898390000000001,2562.707383154243,2565.806552342011,-88.9,0.2755,376.9,0.2675772109637357,long_nclose,100.84985081223198,0.03935285451439388,0.0
1709143380000.0,610201,1709143380000.0,0.5815260144307001,-0.004146018,2563.284763150674,2565.2821963240112,-75.3,0.2753,301.6,0.2675772109637357,long_nclose,80.7012868266627,0.03148354329835298,4.0
1709143440000.0,610202,1709143440000.0,0.0,-0.009092472,2563.275670678674,2564.5252638520114,165.8,0.2742,467.4,0.26992650155469133,long_ientry_partial,126.16364682666273,0.04921969504484026,1.0
1709143560000.0,610204,1709143560000.0,0.17165234630208936,-0.00363515,2563.443687874976,2564.4348187020114,-66.7,0.2725,400.7,0.26992650155469133,long_nclose,108.15954917296482,0.04219306618068372,2.0
1709143620000.0,610205,1709143620000.0,0.14720411107165685,-0.0031174000000000006,2563.5877745860475,2564.471771302011,-57.2,0.2725,343.5,0.26992650155469133,long_nclose,92.71975328403647,0.03616796514759799,1.0
1709143680000.0,610206,1709143680000.0,0.0,-0.006916050000000002,2563.5808585360473,2564.370775252011,126.9,0.2725,470.4,0.2706207552806898,long_ientry_partial,127.30000328403648,0.04965710477208514,1.0
1709143680000.0,610206,1709143680000.0,0.09208299124620101,-0.0026705,2563.6702710272934,2564.3779047520106,-49.0,0.2725,421.4,0.2706207552806898,long_nclose,114.03958627528267,0.04448293821716224,0.0
1709144280000.0,610216,1709144280000.0,0.15527053210247424,-0.0032893280000000007,2563.822252231396,2564.2481954240106,-60.2,0.2732,361.2,0.2706207552806898,long_nclose,97.74821680738515,0.03812597254833521,10.0
1709144340000.0,610217,1709144340000.0,0.0,-0.0060013440000000005,2563.8162508873957,2563.6291140800104,110.4,0.2718,471.6,0.27089681256867076,long_ientry_partial,127.75493680738514,0.049829989478835005,1.0
1709144640000.0,610222,1709144640000.0,0.0,-0.025640154,2563.7906107333956,2563.6585539260104,486.9,0.2633,958.5,0.2670377744469329,long_rentry,255.95570680738518,0.09983487174647493,5.0
1709144940000.0,610227,1709144940000.0,0.3507686782148889,-0.007381648,2564.1339977636108,2566.1569622780107,-136.9,0.2696,821.6,0.2670377744469329,long_nclose,219.39823548560005,0.08556426289614937,5.0
1709145000000.0,610228,1709145000000.0,0.30054905737477333,-0.0063248160000000005,2564.4282220049854,2565.9510774620107,-117.3,0.2696,704.3,0.2670377744469329,long_nclose,188.0747045429748,0.07333982013188482,1.0
1709145060000.0,610229,1709145060000.0,0.25775989063855237,-0.005424352,2564.680557543624,2566.831073110011,-100.6,0.2696,603.7,0.2670377744469329,long_nclose,161.2107044336134,0.06285800543831326,1.0
1709145600000.0,610238,1709145600000.0,0.22086384267438586,-0.0046479040000000004,2564.8967734822986,2566.947225206011,-86.2,0.2696,517.5,0.2670377744469329,long_nclose,138.19204827628778,0.05387821050149623,9.0
1709145900000.0,610243,1709145900000.0,0.4449838426743851,-0.004692728,2565.337064596973,2567.606662478011,-86.2,0.2722,431.3,0.2670377744469329,long_nclose,115.17339211896216,0.044896007510442475,5.0
1709146140000.0,610247,1709146140000.0,0.37064779471021864,-0.0039087919999999995,2565.7038035996834,2567.595573686011,-71.8,0.2722,359.5,0.2670377744469329,long_nclose,96.00007991367237,0.03741666507996138,4.0
1709146320000.0,610250,1709146320000.0,0.0,-0.006077735999999999,2565.6977258636834,2567.495275950011,111.6,0.2723,471.1,0.26828435557986063,long_ientry_partial,126.38875991367235,0.049260970471931356,3.0
1709146680000.0,610256,1709146680000.0,0.4094280869809419,-0.00429395,2566.1028600006644,2568.1505220000113,-78.5,0.2735,392.6,0.26828435557986063,long_nclose,105.32843800065329,0.04104607014881158,6.0
1709146740000.0,610257,1709146740000.0,0.3411031450771159,-0.003577380000000001,2566.4403857657417,2568.1796646200114,-65.4,0.2735,327.2,0.26828435557986063,long_nclose,87.7826411457304,0.034204044493922246,1.0
1709147040000.0,610262,1709147040000.0,0.0,-0.007759296000000001,2566.4326264697415,2568.125005324011,141.8,0.2736,469.0,0.26989151630219704,long_ientry_partial,126.57912114573041,0.049321038019940706,5.0
1709147520000.0,610270,1709147520000.0,0.17476840775279945,-0.0036515000000000002,2566.603743377494,2567.772953824011,-67.0,0.2725,402.0,0.26989151630219704,long_nclose,108.49638955348321,0.042272356936060795,8.0
1709147640000.0,610272,1709147640000.0,0.14972696425389087,-0.0031283,2566.7503420417484,2567.614765524011,-57.4,0.2725,344.6,0.26989151630219704,long_nclose,93.0046165177371,0.03623438360731088,2.0
1709147700000.0,610273,1709147700000.0,0.12833739793190646,-0.0026814000000000004,2566.8759980396803,2567.764704124011,-49.2,0.2725,295.4,0.26989151630219704,long_nclose,79.725953915669,0.03105952682426249,1.0
1709147760000.0,610274,1709147760000.0,0.0,-0.009546042000000001,2566.8664519976805,2567.9903080820113,174.9,0.2729,470.3,0.2710103421553668,long_ientry_partial,127.45616391566901,0.04965438066186709,1.0
1709147820000.0,610275,1709147820000.0,0.17376604137488902,-0.003671712,2567.0365463270555,2567.8790963700117,-67.1,0.2736,403.2,0.2710103421553668,long_nclose,109.27136995704389,0.04256712671792327,1.0
1709148360000.0,610284,1709148360000.0,0.14916429185087346,-0.0031518720000000004,2567.182558746906,2567.8356244980114,-57.6,0.2736,345.6,0.2710103421553668,long_nclose,93.66117424889477,0.0364840334123385,9.0
1709148480000.0,610286,1709148480000.0,0.12767013174041772,-0.002697696,2567.307531182647,2568.341516802012,-49.3,0.2736,296.3,0.2710103421553668,long_nclose,80.30036438063519,0.031278046515776904,2.0
1709148540000.0,610287,1709148540000.0,0.0,-0.009404370000000002,2567.298126812647,2568.2385924320115,171.3,0.2745,467.6,0.2722887390518288,long_ientry_partial,127.32221438063516,0.049593856300089424,1.0
1709150460000.0,610319,1709150460000.0,0.17443223133783328,-0.003672664,2567.4688863799847,2568.5154797680116,-66.8,0.2749,400.8,0.2722887390518288,long_nclose,109.13332661197299,0.04250619245705682,32.0
1709150520000.0,610320,1709150520000.0,0.14936412623539017,-0.003144856,2567.6151056502204,2568.477974912012,-57.2,0.2749,343.6,0.2722887390518288,long_nclose,93.5584107382084,0.03643786427814918,1.0
1709150580000.0,610321,1709150580000.0,0.0,-0.0067930560000000004,2567.6083125942205,2568.237581856012,123.6,0.2748,467.2,0.2729531051759597,long_ientry_partial,127.52369073820837,0.049666333495143954,1.0
1709152440000.0,610352,1709152440000.0,0.17654788476348743,-0.0036765040000000006,2567.781183974984,2568.961415352012,-66.7,0.2756,400.5,0.2729531051759597,long_nclose,109.31771862297187,0.0425728326483589,31.0
1709152560000.0,610354,1709152560000.0,0.15140238393510466,-0.0031528640000000004,2567.9294334949186,2568.8381124880116,-57.2,0.2756,343.3,0.2729531051759597,long_nclose,93.70480100690698,0.036490411217950006,2.0
1709152620000.0,610355,1709152620000.0,0.0,-0.006757712,2567.9226757829188,2568.8779447760116,122.6,0.2756,465.9,0.27364962654412317,long_ientry_partial,127.49336100690698,0.04964844238078013,1.0
1709152620000.0,610355,1709152620000.0,0.09556829933796523,-0.00270088,2568.015543202257,2568.870343896012,-49.0,0.2756,416.9,0.27364962654412317,long_nclose,114.08452930624495,0.04442517087103925,0.0
1709152680000.0,610356,1709152680000.0,0.1576972206246708,-0.0032879700000000003,2568.1699524528817,2569.188675926012,-59.5,0.2763,357.4,0.27364962654412317,long_nclose,97.80237652686961,0.038082517254536714,1.0
1709153340000.0,610367,1709153340000.0,0.0,-0.005779583999999999,2568.164172868882,2569.631356342012,103.8,0.2784,461.2,0.2747187695725707,long_ientry_partial,126.7002965268696,0.049334967703927354,11.0
1709154180000.0,610381,1709154180000.0,0.17642496212484748,-0.003650584,2568.3369472470067,2569.4761857580124,-65.8,0.2774,395.4,0.2747187695725707,long_nclose,108.62380148899445,0.0422934387972061,14.0
1709154720000.0,610390,1709154720000.0,0.15122139610701213,-0.0031290719999999997,2568.4850395711137,2569.529576686012,-56.4,0.2774,339.0,0.2747187695725707,long_nclose,93.12966288510147,0.036258596585266575,9.0
1709154840000.0,610392,1709154840000.0,0.0,-0.006850548,2568.478189023114,2569.4302661380125,123.3,0.2778,462.3,0.2755405643199253,long_ientry_partial,127.38240288510147,0.049594504414907904,2.0
1709154900000.0,610393,1709154900000.0,0.17552275488493063,-0.0036722400000000002,2568.650039537999,2569.7436038980127,-66.0,0.2782,396.3,0.2755405643199253,long_nclose,109.1967256399864,0.04251132850297765,1.0
1709155020000.0,610395,1709155020000.0,0.15052405949222838,-0.0031492240000000004,2568.7974143734914,2569.768764674013,-56.6,0.2782,339.7,0.2755405643199253,long_nclose,93.60112969947862,0.03643772341709055,2.0
1709155380000.0,610401,1709155380000.0,0.0,-0.006714372000000001,2568.7907000014916,2569.975800302013,120.2,0.2793,459.9,0.27652313481078195,long_ientry_partial,127.1729896994786,0.049506948814243515,6.0
1709155560000.0,610404,1709155560000.0,0.17587004293162645,-0.0036686880000000002,2568.9629013564236,2570.057541614013,-65.7,0.2792,394.2,0.27652313481078195,long_nclose,109.00541974241024,0.04243168310638309,3.0
1709157960000.0,610444,1709157960000.0,0.35326004293162516,-0.003704166,2569.3124572333554,2570.9473574480135,-65.7,0.2819,328.5,0.27652313481078195,long_nclose,90.83784978534187,0.03535492521729194,40.0
1709158080000.0,610446,1709158080000.0,0.29411452585022674,-0.0030839860000000004,2569.6034877732054,2571.103053462013,-54.7,0.2819,273.8,0.27652313481078195,long_nclose,75.7120343111921,0.029464481454608955,2.0
1709158260000.0,610449,1709158260000.0,0.24518505262834256,-0.002570928,2569.8461018978337,2571.118742534013,-45.6,0.2819,228.2,0.27652313481078195,long_nclose,63.10257936382044,0.024555003242108204,3.0
1709159580000.0,610471,1709159580000.0,0.20432087719028547,-0.00214244,2570.0482803350237,2571.089980094013,-38.0,0.2819,190.2,0.27652313481078195,long_nclose,52.59470024101072,0.02046447945878847,22.0
1709159760000.0,610474,1709159760000.0,0.17044662649821182,-0.0017872460000000001,2570.216939715522,2571.1008728480133,-31.7,0.2819,158.5,0.27652313481078195,long_nclose,43.82891686750894,0.017052613804794246,3.0
1709161920000.0,610510,1709161920000.0,0.14194924099535622,-0.001488432,2570.3574005245177,2571.0941044160136,-26.4,0.2819,132.1,0.27652313481078195,long_nclose,36.528706108504295,0.014211527977023778,36.0
1709162040000.0,610512,1709162040000.0,0.11829103416279685,-0.00124036,2570.4744511986805,2571.0884640560134,-22.0,0.2819,110.1,0.27652313481078195,long_nclose,30.44519714266709,0.011844193638442774,2.0
1709163240000.0,610532,1709163240000.0,0.17549103416279666,-0.0012518,2570.6486904328435,2571.2897822560135,-22.0,0.2845,88.1,0.27652313481078195,long_nclose,24.361688176829887,0.009476864056724876,20.0
1709163840000.0,610542,1709163840000.0,0.14039282733023734,-0.0010014400000000001,2570.788081820174,2571.364550816014,-17.6,0.2845,70.5,0.27652313481078195,long_nclose,19.494881004160128,0.007583231438647922,10.0
1709164200000.0,610548,1709164200000.0,0.11247379916797422,-0.00080229,2570.899753329342,2571.3778485260136,-14.1,0.2845,56.4,0.27652313481078195,long_nclose,15.595904803328102,0.006066321638224612,6.0
1709165580000.0,610571,1709165580000.0,0.05054253277864956,-0.000529972,2570.9497658901205,2571.193078554014,-9.4,0.2819,47.0,0.27652313481078195,long_nclose,12.996587336106751,0.0050551696919706405,23.0
1709165700000.0,610573,1709165700000.0,0.0419395484759007,-0.00043976400000000004,2570.9912656745964,2571.205958790014,-7.8,0.2819,39.2,0.27652313481078195,long_nclose,10.839706884582654,0.004216158580273686,2.0
1709165940000.0,610577,1709165940000.0,0.03494962372991725,-0.00036647,2571.0258488283266,2571.201672320014,-6.5,0.2819,32.7,0.27652313481078195,long_nclose,9.04230650831257,0.0035170033441839373,4.0
1709166000000.0,610578,1709166000000.0,0.029035072021777412,-0.000304452,2571.0545794483487,2571.1959078680143,-5.4,0.2819,27.3,0.27652313481078195,long_nclose,7.549081580334347,0.002936180989963307,1.0
1709166060000.0,610579,1709166060000.0,0.024195893351481174,-0.00025371,2571.0785216317004,2571.2033941580144,-4.5,0.2819,22.8,0.27652313481078195,long_nclose,6.304727473685829,0.0024521722773696614,1.0
1709167020000.0,610595,1709167020000.0,0.035895893351481134,-0.00025605,2571.114161475052,2571.2601381080144,-4.5,0.2845,18.3,0.27652313481078195,long_nclose,5.06037336703731,0.0019681636244942803,16.0
1709167080000.0,610596,1709167080000.0,0.028716714681184908,-0.00020484,2571.142673349733,2571.2687532680143,-3.6,0.2845,14.7,0.27652313481078195,long_nclose,4.064890081718494,0.0015809663632639567,1.0
1709168220000.0,610615,1709168220000.0,0.038436714681185036,-0.00020678400000000003,2571.180903280414,2571.298306484014,-3.6,0.2872,11.1,0.27652313481078195,long_nclose,3.0694067963996794,0.0011937731773301557,19.0
1709168280000.0,610616,1709168280000.0,0.02882753601088878,-0.00015508800000000003,2571.2095757284246,2571.293381396014,-2.7,0.2872,8.4,0.27652313481078195,long_nclose,2.3227943324105684,0.0009033858438989829,1.0
1709168340000.0,610617,1709168340000.0,0.022421416897357938,-0.00012062400000000003,2571.231876521322,2571.301660772014,-2.1,0.2872,6.3,0.27652313481078195,long_nclose,1.742095749307926,0.0006775335064937227,1.0
1709168880000.0,610626,1709168880000.0,0.02788141689735792,-0.00012171600000000001,2571.2596362222193,2571.313299056014,-2.1,0.2898,4.2,0.27652313481078195,long_nclose,1.1613971662052842,0.00045168412782757626,9.0
1709169000000.0,610628,1709169000000.0,0.01858761126490528,-8.1144e-05,2571.2781426894844,2571.314197912014,-1.4,0.2898,2.8,0.27652313481078195,long_nclose,0.7742647774701894,0.0003011205845900165,2.0
1709169660000.0,610639,1709169660000.0,0.011949178670296252,-5.2164000000000004e-05,2571.290039704155,2571.3152657480146,-0.9,0.2898,1.9,0.27652313481078195,long_nclose,0.5253939561404857,0.00020433087984151954,11.0
1709169720000.0,610640,1709169720000.0,0.007966119113530833,-3.4776e-05,2571.297971047268,2571.316270972014,-0.6,0.2898,1.3,0.27652313481078195,long_nclose,0.35948007525401654,0.00013980490759987779,1.0
1709169900000.0,610643,1709169900000.0,0.005310746075687223,-2.3184000000000004e-05,2571.303258609344,2571.3146677880145,-0.4,0.2898,0.9,0.27652313481078195,long_nclose,0.24887082132970376,9.678781392137398e-05,3.0
1709171340000.0,610667,1709171340000.0,0.0039830595567654165,-1.7388e-05,2571.307224280901,2571.3150104000147,-0.3,0.2898,0.6,0.27652313481078195,long_nclose,0.16591388088646916,6.452510976508032e-05,24.0
1709173080000.0,610696,1709173080000.0,0.0010676865189218065,-5.744e-06,2571.30828622342,2571.3137246560145,-0.1,0.2872,0.5,0.27652313481078195,long_nclose,0.13826156740539097,5.377090259700484e-05,29.0
1709173260000.0,610699,1709173260000.0,0.0010676865189218065,-5.744e-06,2571.309348165939,2571.3133789120147,-0.1,0.2872,0.4,0.27652313481078195,long_nclose,0.11060925392431278,4.301670431183554e-05,3.0
1709173380000.0,610701,1709173380000.0,0.0010676865189218065,-5.744e-06,2571.3104101084577,2571.3136431680146,-0.1,0.2872,0.3,0.27652313481078195,long_nclose,0.08295694044323458,3.226251490956141e-05,2.0
1709173740000.0,610707,1709173740000.0,0.0010676865189218065,-5.744e-06,2571.3114720509766,2571.3136674240145,-0.1,0.2872,0.2,0.27652313481078195,long_nclose,0.05530462696215639,2.1508334390171448e-05,6.0
1709174040000.0,610712,1709174040000.0,0.0010676865189218065,-5.744e-06,2571.3125339934954,2571.3136416800144,-0.1,0.2872,0.1,0.27652313481078195,long_nclose,0.027652313481078196,1.0754162753654647e-05,5.0
1709174460000.0,610719,1709174460000.0,0.0010676865189218065,-5.744e-06,2571.3135959360143,2571.3135959360143,-0.1,0.2872,0.0,0.27652313481078195,long_nclose,0.0,0.0,7.0
1709218320000.0,611450,1709218320000.0,0.0,-0.025712456000000005,2571.2878834800144,2571.3314934800146,436.1,0.2948,436.1,0.2948,long_ientry_normal,128.56228000000002,0.049999177776236456,731.0
1709229120000.0,611630,1709229120000.0,0.0,-0.02571051,2571.2621729700145,2567.6425429700143,448.7,0.2865,884.8,0.29059090189873416,long_rentry,257.11483,0.09999557132013952,180.0
1709237160000.0,611764,1709237160000.0,0.35507000000000205,-0.007417152000000001,2571.6098258180145,2573.7402458180145,-126.4,0.2934,758.4,0.29059090189873416,long_nclose,220.38413999999997,0.08569890260467372,134.0
1709237220000.0,611765,1709237220000.0,0.3042253243670903,-0.006355044,2571.9076960983816,2573.8639107740146,-108.3,0.2934,650.1,0.29059090189873416,long_nclose,188.9131453243671,0.0734525370451478,1.0
1709237700000.0,611773,1709237700000.0,0.2606843037974698,-0.005445504,2572.162934898179,2573.5612552700145,-92.8,0.2934,557.3,0.29059090189873416,long_nclose,161.94630962816453,0.06296113960392453,8.0
1709237880000.0,611776,1709237880000.0,0.22360420886076077,-0.0046709279999999995,2572.38186817904,2573.8670843420146,-79.6,0.2934,477.7,0.29059090189873416,long_nclose,138.8152738370253,0.05396371182451658,3.0
1709238000000.0,611778,1709238000000.0,0.19158049050633022,-0.004001976,2572.569446693546,2573.7607223660143,-68.2,0.2934,409.5,0.29059090189873416,long_nclose,118.99697432753163,0.04625607852121358,2.0
1709240760000.0,611824,1709240760000.0,0.16433223892405158,-0.00343278,2572.7303461524702,2573.7514395860144,-58.5,0.2934,351.0,0.29059090189873416,long_nclose,101.9974065664557,0.039645587699850965,46.0
1709240820000.0,611825,1709240820000.0,0.0,-0.005208786,2572.7251373664703,2573.413050800015,89.1,0.2923,440.1,0.29093691562475726,long_ientry_partial,128.04133656645567,0.049768758701336895,1.0
1709245680000.0,611906,1709245680000.0,0.0,-0.0257257,2572.6994116664705,2568.5372851000147,455.0,0.2827,895.1,0.2867499012026094,long_rentry,256.6698365664557,0.09976674126892941,81.0
1709246220000.0,611915,1709246220000.0,0.0,-0.02572425,2572.6736874164703,2565.8814808500147,462.5,0.2781,1357.6,0.28380309853156727,long_rentry,385.2910865664557,0.1497629055915648,9.0
1709248620000.0,611955,1709248620000.0,0.5229291947291026,-0.01111047,2573.1855061411993,2576.2075203800146,-193.9,0.2865,1163.7,0.28380309853156727,long_nclose,330.2616657611848,0.12834739857386024,40.0
1709248740000.0,611957,1709248740000.0,0.4482250240535165,-0.009523259999999999,2573.6242079052527,2576.314367120014,-166.2,0.2865,997.5,0.28380309853156727,long_nclose,283.09359078523835,0.10999802920553674,2.0
1709248920000.0,611960,1709248920000.0,0.3843084592516613,-0.008165249999999999,2574.0003511145046,2576.5627018700147,-142.5,0.2865,855.0,0.28380309853156727,long_nclose,242.65164924449002,0.09427024714251706,3.0
1709251800000.0,612008,1709251800000.0,0.7833084592516648,-0.00824505,2574.7754145237564,2578.8344568200146,-142.5,0.2893,712.5,0.28380309853156727,long_nclose,202.20970770374169,0.07853489145621015,48.0
1709252700000.0,612023,1709252700000.0,1.168058459251662,-0.008322,2575.935150983008,2580.6643848200147,-142.5,0.292,570.0,0.28380309853156727,long_nclose,161.76776616299335,0.06279962680786463,15.0
1709253000000.0,612028,1709253000000.0,0.9344467674013296,-0.0066576,2576.8629401504095,2580.7831272200146,-114.0,0.292,456.0,0.28380309853156727,long_nclose,129.41421293039468,0.05022161284326627,5.0
1709253780000.0,612041,1709253780000.0,0.7475574139210637,-0.0053260799999999995,2577.6051714843306,2580.814281140015,-91.2,0.292,364.8,0.28380309853156727,long_nclose,103.53137034431575,0.040165721069180094,13.0
1709255880000.0,612076,1709255880000.0,0.5975541170487451,-0.00425736,2578.1984682413795,2580.649523780015,-72.9,0.292,291.9,0.28380309853156727,long_nclose,82.84212446136448,0.03213178716915153,35.0
1709256900000.0,612093,1709256900000.0,0.4778793556096273,-0.00340472,2578.672942876989,2580.657819060015,-58.3,0.292,233.6,0.28380309853156727,long_nclose,66.2964038169741,0.025709504572925073,17.0
1709259360000.0,612134,1709259360000.0,0.38279529857580785,-0.0027272800000000003,2579.053010895565,2580.547631780015,-46.7,0.292,186.9,0.28380309853156727,long_nclose,53.042799115549926,0.020566773498436563,41.0
1709259660000.0,612139,1709259660000.0,0.30574442477254027,-0.0021783199999999996,2579.3565770003374,2580.612753460015,-37.3,0.292,149.6,0.28380309853156727,long_nclose,42.45694354032246,0.01646028467676918,5.0
1709261700000.0,612173,1709261700000.0,0.2450873539061382,-0.0017461599999999999,2579.5999181942434,2580.5930573000146,-29.9,0.292,119.7,0.28380309853156727,long_nclose,33.971230894228604,0.013169185909266483,34.0
1709266380000.0,612251,1709266380000.0,0.32581735390613925,-0.001762306,2579.9239732421497,2580.929454994015,-29.9,0.2947,89.8,0.28380309853156727,long_nclose,25.48551824813474,0.009878398942162428,78.0
1709271780000.0,612341,1709271780000.0,0.24409059289289362,-0.0013202560000000001,2580.1667435790428,2580.901194738015,-22.4,0.2947,67.4,0.28380309853156727,long_nclose,19.128328841027635,0.007413601810282245,90.0
1709273880000.0,612376,1709273880000.0,0.18306794466967022,-0.0009901920000000002,2580.3488213317128,2580.9204445460155,-16.8,0.2947,50.6,0.28380309853156727,long_nclose,14.360436785697305,0.005565308328463092,35.0
1709274720000.0,612390,1709274720000.0,0.0,-0.02284794,2580.325973391713,2580.6864066060157,391.5,0.2918,442.1,0.29088472469056165,long_ientry_partial,128.60013678569732,0.04983871732169509,14.0
1709276880000.0,612426,1709276880000.0,0.17764387202556114,-0.0037064940000000003,2580.4999107697386,2581.7185001120156,-63.1,0.2937,379.0,0.29088472469056165,long_nclose,110.24531065772287,0.04272246249558588,36.0
1709277600000.0,612438,1709277600000.0,0.3543238720255592,-0.0037418300000000002,2580.850492811764,2582.5295882820155,-63.1,0.2965,315.9,0.29088472469056165,long_nclose,91.89048452974842,0.03560472983060569,12.0
1709277660000.0,612439,1709277660000.0,0.2953634812764566,-0.00311918,2581.1427371130408,2582.673899102016,-52.6,0.2965,263.3,0.29088472469056165,long_nclose,76.58994801102489,0.029672883606851316,1.0
1709279160000.0,612464,1709279160000.0,0.0,-0.010438344,2581.132298769041,2581.664880758016,178.8,0.2919,442.1,0.29129533592179346,long_ientry_partial,128.7816680110249,0.04989347817329694,25.0
1709280900000.0,612493,1709280900000.0,0.17697430333483072,-0.0037115420000000004,2581.3055615303756,2582.444329216016,-63.1,0.2941,379.0,0.29129533592179346,long_nclose,110.40093231435972,0.04276941636034227,29.0
1709282400000.0,612518,1709282400000.0,0.3536543033348323,-0.0037468780000000004,2581.65546895571,2583.9946023380157,-63.1,0.2969,315.9,0.29129533592179346,long_nclose,92.02019661769455,0.035643871819548825,25.0
1709283480000.0,612536,1709283480000.0,0.2948053305136637,-0.003123388,2581.9471508982238,2583.5281789500154,-52.6,0.2969,263.3,0.29129533592179346,long_nclose,76.69806194820822,0.029705511951135802,18.0
1709285820000.0,612575,1709285820000.0,0.442085330513665,-0.0031528440000000006,2582.3860833847375,2584.0937361060155,-52.6,0.2997,210.7,0.29129533592179346,long_nclose,61.37592727872188,0.023767138335208327,39.0
1709286000000.0,612578,1709286000000.0,0.3538363576924961,-0.0025234740000000004,2582.73739626843,2584.4410426320155,-42.1,0.2997,168.6,0.29129533592179346,long_nclose,49.112393636414374,0.019015635777517508,3.0
1709287920000.0,612610,1709287920000.0,0.4717163576924948,-0.0025470500000000004,2583.2065655761226,2584.586005582016,-42.1,0.3025,126.5,0.29129533592179346,long_nclose,36.848859994106874,0.014264774828755754,32.0
1709287980000.0,612611,1709287980000.0,0.3540673848713263,-0.0019118,2583.558721160994,2584.660003782016,-31.6,0.3025,94.9,0.29129533592179346,long_nclose,27.6439273789782,0.010699941577699318,1.0
1709291820000.0,612675,1709291820000.0,0.15884815107810393,-0.001132866,2583.7164364460723,2584.332390916016,-18.9,0.2997,76.0,0.29129533592179346,long_nclose,22.138445530056302,0.008568450166500452,64.0
1709293080000.0,612696,1709293080000.0,0.12775089398873968,-0.000911088,2583.843276252061,2584.354279828016,-15.2,0.2997,60.8,0.29129533592179346,long_nclose,17.71075642404504,0.006854423635838704,21.0
1709293140000.0,612697,1709293140000.0,0.10169643534629935,-0.000725274,2583.944247413407,2584.3486845540156,-12.1,0.2997,48.7,0.29129533592179346,long_nclose,14.186082859391343,0.0054900886014053775,1.0
1709293200000.0,612698,1709293200000.0,0.0815252415586036,-0.0005814180000000001,2584.025191236966,2584.376373136016,-9.7,0.2997,39.0,0.29129533592179346,long_nclose,11.360518100949944,0.004396442472571908,1.0
1709293380000.0,612701,1709293380000.0,0.06555637981001115,-0.00046753200000000005,2584.0902800847757,2584.3649856040156,-7.8,0.2997,31.2,0.29129533592179346,long_nclose,9.088414480759957,0.0035170653869189875,3.0
1709293980000.0,612711,1709293980000.0,0.052108917284880665,-0.00037162800000000004,2584.1420173740607,2584.3646339760157,-6.2,0.2997,25.0,0.29129533592179346,long_nclose,7.2823833980448365,0.002818104945116371,10.0
1709294460000.0,612719,1709294460000.0,0.04202332039103279,-0.0002997,2584.1837409944515,2584.3538342760157,-5.0,0.2997,20.0,0.29129533592179346,long_nclose,5.825906718435869,0.00225444755572757,8.0
1709294580000.0,612721,1709294580000.0,0.033618656312826234,-0.00023976000000000002,2584.217119890764,2584.351594516015,-4.0,0.2997,16.0,0.29129533592179346,long_nclose,4.660725374748695,0.001803534749025154,2.0
1709294640000.0,612722,1709294640000.0,0.02689492505026099,-0.00019180800000000004,2584.243823007814,2584.3565227080153,-3.2,0.2997,12.8,0.29129533592179346,long_nclose,3.7285802997989563,0.0014428128904103341,1.0
1709296680000.0,612756,1709296680000.0,0.021011660195516396,-0.00014985,2584.2646848180098,2584.3605228580154,-2.5,0.2997,10.3,0.29129533592179346,long_nclose,3.000341959994473,0.001161004125320764,34.0
1709297100000.0,612763,1709297100000.0,0.02801166019551632,-0.00015125,2584.2925452282057,2584.3885216080157,-2.5,0.3025,7.8,0.29129533592179346,long_nclose,2.272103620189989,0.000879197529082123,7.0
1709297520000.0,612770,1709297520000.0,0.021288861748592403,-0.00011495,2584.313719139954,2584.3810066580154,-1.9,0.3025,5.9,0.29129533592179346,long_nclose,1.7186424819385815,0.000665028579622499,7.0
1709297640000.0,612772,1709297640000.0,0.01568652970948914,-8.47e-05,2584.3293209696635,2584.3806419580155,-1.4,0.3025,4.5,0.29129533592179346,long_nclose,1.3108290116480705,0.0005072221256833614,2.0
1709297940000.0,612777,1709297940000.0,0.012325130486027182,-6.655e-05,2584.341579550149,2584.380355408015,-1.1,0.3025,3.4,0.29129533592179346,long_nclose,0.9904041421340978,0.0003832326771240879,5.0
1709300280000.0,612816,1709300280000.0,0.01540513048602721,-6.7166e-05,2584.3569175146354,2584.389588242015,-1.1,0.3053,2.3,0.29129533592179346,long_nclose,0.6699792726201249,0.00025924409592172006,39.0
1709302860000.0,612859,1709302860000.0,0.005602332039103264,-3.025e-05,2584.3624895966745,2584.3828379920155,-0.5,0.3025,1.8,0.29129533592179346,long_nclose,0.5243316046592282,0.00020288624632570698,43.0
1709303100000.0,612863,1709303100000.0,0.004481865631282611,-2.4200000000000002e-05,2584.3669472623055,2584.382913792015,-0.4,0.3025,1.4,0.29129533592179346,long_nclose,0.40781347029051085,0.0001578001416255998,4.0
1709303880000.0,612876,1709303880000.0,0.0016809328156413119,-1.1988000000000003e-05,2584.3686162071212,2584.379181804015,-0.2,0.2997,1.2,0.29129533592179346,long_nclose,0.34955440310615216,0.00013525717690348918,13.0
1709304060000.0,612879,1709304060000.0,0.0,-0.025771612,2584.3428445951213,2584.610990192015,432.7,0.2978,433.9,0.2977820106086798,long_ientry_partial,129.20761440310616,0.04999631324974168,3.0
1709304900000.0,612893,1709304900000.0,0.18062354332272088,-0.0037226660000000003,2584.519745472444,2585.754037526015,-61.9,0.3007,372.0,0.2977820106086798,long_nclose,110.7749079464289,0.04286092537713598,14.0
1709305260000.0,612899,1709305260000.0,0.354515342261851,-0.0037634,2584.870497414706,2586.643074126015,-62.0,0.3035,310.0,0.2977820106086798,long_nclose,92.31242328869074,0.03571259116501902,6.0
1709305680000.0,612906,1709305680000.0,0.1289751310963532,-0.0026581880000000006,2584.996814357802,2585.878735938015,-44.2,0.3007,265.8,0.2977820106086798,long_nclose,79.1504584197871,0.03061917058472301,7.0
1709305800000.0,612908,1709305800000.0,0.11059179793103589,-0.002279306,2585.105126849733,2585.952456632015,-37.9,0.3007,227.9,0.2977820106086798,long_nclose,67.86452021771814,0.02625213168812959,2.0
1709306400000.0,612918,1709306400000.0,0.09483465521790677,-0.00195455,2585.198006954951,2585.807262082015,-32.5,0.3007,195.4,0.2977820106086798,long_nclose,58.18660487293604,0.022507600855484484,10.0
1709306520000.0,612920,1709306520000.0,0.08141190401783381,-0.0016779060000000003,2585.2777409529685,2585.8000041760147,-27.9,0.3007,167.5,0.2977820106086798,long_nclose,49.87848677695387,0.019293279784541827,2.0
1709307660000.0,612939,1709307660000.0,0.0,-0.015864882,2585.2618760709684,2585.2284192940147,266.1,0.2981,433.6,0.29797716046345446,long_ientry_partial,129.20289677695385,0.04997671530797257,19.0
1709313480000.0,613036,1709313480000.0,0.18092376731216897,-0.003725142,2585.439074696281,2586.599834152015,-61.9,0.3009,371.7,0.29797716046345446,long_nclose,110.75811054426602,0.04283918798484049,97.0
1709313840000.0,613042,1709313840000.0,0.1552027793905682,-0.0031955580000000003,2585.5910819176715,2586.490438594015,-53.1,0.3009,318.6,0.29797716046345446,long_nclose,94.9355233236566,0.03671714525455633,6.0
1709313900000.0,613043,1709313900000.0,0.1329891989128221,-0.00273819,2585.7213329265846,2586.5741804040154,-45.5,0.3009,273.1,0.29797716046345446,long_nclose,81.37756252256942,0.031471899731153254,1.0
1709314440000.0,613052,1709314440000.0,0.11399074192527608,-0.00234702,2585.83297664851,2586.5406233840154,-39.0,0.3009,234.1,0.29797716046345446,long_nclose,69.75645326449468,0.02697639557327705,9.0
1709315760000.0,613074,1709315760000.0,0.09762284052062105,-0.0020100120000000003,2585.9285894770305,2586.555343372015,-33.4,0.3009,200.7,0.29797716046345446,long_nclose,59.80401610501531,0.023126708273529653,22.0
1709315880000.0,613076,1709315880000.0,0.08359321074520247,-0.0017211480000000003,2586.010461539776,2586.513482224015,-28.6,0.3009,172.1,0.29797716046345446,long_nclose,51.28186931576051,0.01983049569150853,2.0
1709316360000.0,613084,1709316360000.0,0.07160956864536575,-0.00147441,2586.0805966984212,2586.5267678140153,-24.5,0.3009,147.6,0.29797716046345446,long_nclose,43.98142888440588,0.017006983054030016,8.0
1709324820000.0,613225,1709324820000.0,0.06137963026745635,-0.0012637800000000002,2586.1407125486885,2586.472764034015,-21.0,0.3009,126.6,0.29797716046345446,long_nclose,37.72390851467333,0.014586951255833152,141.0
1709325600000.0,613238,1709325600000.0,0.05261111165781973,-0.00108324,2586.1922404203465,2586.4988007940156,-18.0,0.3009,108.6,0.29797716046345446,long_nclose,32.360319626331155,0.012512727832278808,13.0
1709325960000.0,613244,1709325960000.0,0.04530401281645588,-0.00093279,2586.2366116431626,2586.518038004015,-15.5,0.3009,93.1,0.29797716046345446,long_nclose,27.74167363914761,0.01072665722627829,6.0
1709326560000.0,613254,1709326560000.0,0.038873765836055695,-0.0008003940000000001,2586.2746850149983,2586.5637876100145,-13.3,0.3009,79.8,0.29797716046345446,long_nclose,23.778577404983665,0.009194142270640433,10.0
1709326980000.0,613261,1709326980000.0,0.03332037071661916,-0.000686052,2586.3073193337145,2586.5140815580144,-11.4,0.3009,68.4,0.29797716046345446,long_nclose,20.381637775700288,0.007880593935352977,7.0
1709327100000.0,613263,1709327100000.0,0.028351543504491743,-0.0005837459999999999,2586.335087131219,2586.5125278120145,-9.7,0.3009,58.7,0.29797716046345446,long_nclose,17.49125931920478,0.006762951717368613,2.0
1709330760000.0,613324,1709330760000.0,0.05551154350449198,-0.000589178,2586.3900094967235,2586.670428634014,-9.7,0.3037,49.0,0.29797716046345446,long_nclose,14.600880862709268,0.005645274227435793,61.0
1709330820000.0,613325,1709330820000.0,0.04635500024601908,-0.000491994,2586.4358725029692,2586.6781166400137,-8.1,0.3037,40.9,0.29797716046345446,long_nclose,12.187265862955288,0.0047119922796157775,1.0
1709331660000.0,613339,1709331660000.0,0.03891530884850984,-0.000413032,2586.474374779818,2586.683163608014,-6.8,0.3037,34.1,0.29797716046345446,long_nclose,10.161021171803798,0.003928521879389889,14.0
1709332560000.0,613354,1709332560000.0,0.03204790140465517,-0.000340144,2586.5060825372225,2586.672033464014,-5.6,0.3037,28.5,0.29797716046345446,long_nclose,8.492349073208452,0.0032833284756391976,15.0
1709333880000.0,613376,1709333880000.0,0.026897345821764156,-0.00028547800000000003,2586.5326944050444,2586.6665179860142,-4.7,0.3037,23.8,0.29797716046345446,long_nclose,7.091856419030217,0.0027418390783811412,22.0
1709334900000.0,613393,1709334900000.0,0.022319074192527703,-0.00023688600000000004,2586.554776593237,2586.6706511000143,-3.9,0.3037,19.9,0.29797716046345446,long_nclose,5.929745493222743,0.00229252654801026,17.0
1709335260000.0,613399,1709335260000.0,0.018885370470600366,-0.00020044200000000003,2586.573461521708,2586.6767606580147,-3.3,0.3037,16.6,0.29797716046345446,long_nclose,4.946420863693344,0.0019123450144668667,6.0
1709337720000.0,613440,1709337720000.0,0.015451666748673027,-0.00016399800000000002,2586.5887491904564,2586.6738566600143,-2.7,0.3037,13.9,0.29797716046345446,long_nclose,4.141882530442017,0.0016012914815848993,41.0
1709338440000.0,613452,1709338440000.0,0.023281666748672915,-0.00016556400000000002,2586.611865293205,2586.709561096014,-2.7,0.3066,11.2,0.29797716046345446,long_nclose,3.33734419719069,0.0012902377206146412,12.0
1709338740000.0,613457,1709338740000.0,0.018970246980400153,-0.000134904,2586.6307006361853,2586.7092061920143,-2.2,0.3066,9.0,0.29797716046345446,long_nclose,2.68179444417109,0.001036790618587918,5.0
1709340240000.0,613482,1709340240000.0,0.015521111165781943,-0.00011037600000000002,2586.6461113713513,2586.7081958160143,-1.8,0.3066,7.2,0.29797716046345446,long_nclose,2.145435555336872,0.0008294275532726181,25.0
1709340300000.0,613483,1709340300000.0,0.012071975351163732,-8.5848e-05,2586.658097498703,2586.7092699680147,-1.4,0.3066,5.8,0.29797716046345446,long_nclose,1.7282675306880357,0.0006681468773779069,1.0
1709340420000.0,613485,1709340420000.0,0.009485123490200077,-6.7452e-05,2586.667515170193,2586.7080425160148,-1.1,0.3066,4.7,0.29797716046345446,long_nclose,1.400492654178236,0.0005414273948873128,2.0
1709340480000.0,613486,1709340480000.0,0.007760555582890971,-5.518800000000001e-05,2586.675220537776,2586.707987328015,-0.9,0.3066,3.8,0.29797716046345446,long_nclose,1.1323132097611268,0.0004377485046327989,1.0
1709340540000.0,613487,1709340540000.0,0.006035987675581866,-4.2924e-05,2586.681213601452,2586.7101144040153,-0.7,0.3066,3.1,0.29797716046345446,long_nclose,0.9237291974367089,0.0003571097948133296,1.0
1709341020000.0,613495,1709341020000.0,0.007995987675581883,-4.3316e-05,2586.6891662731277,2586.7170610880153,-0.7,0.3094,2.4,0.29797716046345446,long_nclose,0.7151451851122906,0.00027647124920798414,8.0
1709341140000.0,613497,1709341140000.0,0.006853703721927329,-3.7128e-05,2586.69598284885,2586.7165439600158,-0.6,0.3094,1.8,0.29797716046345446,long_nclose,0.536358888834218,0.00020735289047903527,2.0
1709341200000.0,613498,1709341200000.0,0.0045691358146182194,-2.4752000000000003e-05,2586.700527232664,2586.7148392080153,-0.4,0.3094,1.4,0.29797716046345446,long_nclose,0.41716802464883623,0.00016127418704133334,1.0
1709341380000.0,613501,1709341380000.0,0.0034268518609636644,-1.8564e-05,2586.703935520525,2586.7166106440154,-0.3,0.3094,1.1,0.29797716046345446,long_nclose,0.3277748765097999,0.00012671526571278883,3.0
1709341860000.0,613509,1709341860000.0,0.0017245679073091048,-1.2264e-05,2586.7056478244326,2586.7134983800156,-0.2,0.3066,0.9,0.29797716046345446,long_nclose,0.268179444417109,0.00010367605786250293,8.0
1709341980000.0,613511,1709341980000.0,0.0008622839536545524,-6.132e-06,2586.706503976386,2586.7132422480154,-0.1,0.3066,0.8,0.29797716046345446,long_nclose,0.23838172837076357,9.215646537568676e-05,2.0
1709342220000.0,613515,1709342220000.0,0.0008622839536545524,-6.132e-06,2586.7073601283396,2586.713746116015,-0.1,0.3066,0.7,0.29797716046345446,long_nclose,0.20858401232441812,8.063688051441166e-05,4.0
1709342700000.0,613523,1709342700000.0,0.0005722839536545565,-6.0740000000000015e-06,2586.7079263382934,2586.7114800420154,-0.1,0.3037,0.6,0.29797716046345446,long_nclose,0.17878629627807266,6.911731102597269e-05,8.0
1709343300000.0,613533,1709343300000.0,0.0008622839536545524,-6.132e-06,2586.708782490247,2586.712743910015,-0.1,0.3066,0.5,0.29797716046345446,long_nclose,0.14898858023172723,5.7597740124535644e-05,10.0
1709343900000.0,613543,1709343900000.0,0.0008622839536545524,-6.132e-06,2586.7096386422004,2586.713247778015,-0.1,0.3066,0.4,0.29797716046345446,long_nclose,0.11919086418538179,4.6078176848618664e-05,10.0
1709345700000.0,613573,1709345700000.0,0.0008622839536545524,-6.132e-06,2586.710494794154,2586.7129616460147,-0.1,0.3066,0.3,0.29797716046345446,long_nclose,0.08939314813903633,3.4558621198214175e-05,30.0
1709345880000.0,613576,1709345880000.0,0.0008622839536545524,-6.132e-06,2586.7113509461074,2586.7130955140146,-0.1,0.3066,0.2,0.29797716046345446,long_nclose,0.05959543209269089,2.3039073173314624e-05,3.0
1709346060000.0,613579,1709346060000.0,0.0008622839536545524,-6.132e-06,2586.712207098061,2586.7131293820144,-0.1,0.3066,0.1,0.29797716046345446,long_nclose,0.029797716046345447,1.1519532773912421e-05,3.0
1709346240000.0,613582,1709346240000.0,0.0008622839536545524,-6.132e-06,2586.7130632500143,2586.7130632500143,-0.1,0.3066,0.0,0.29797716046345446,long_nclose,0.0,0.0,3.0
1709356620000.0,613755,1709356620000.0,0.0,-0.025865532000000004,2586.6871977180144,2586.5169177180146,425.7,0.3038,425.7,0.3038,long_ientry_normal,129.32766,0.04999740985848362,173.0
1709358120000.0,613780,1709358120000.0,0.17631999999999745,-0.003729472,2586.8597882460144,2587.9544882460145,-60.8,0.3067,364.9,0.3038,long_nclose,110.85661999999999,0.04285374124399871,25.0
1709358540000.0,613787,1709358540000.0,0.15108999999999784,-0.003195814,2587.0076824320145,2587.9460824320145,-52.1,0.3067,312.8,0.3038,long_nclose,95.02864000000001,0.036733033552751086,7.0
1709358840000.0,613792,1709358840000.0,0.12933999999999815,-0.0027357640000000003,2587.1342866680143,2588.126626668014,-44.6,0.3067,268.2,0.3038,long_nclose,81.47916000000001,0.031493981746474206,5.0
1709360220000.0,613815,1709360220000.0,0.25925999999999877,-0.002767824,2587.390778844014,2588.776478844014,-44.7,0.3096,223.5,0.3038,long_nclose,67.8993,0.026242383081513422,23.0
1709361120000.0,613830,1709361120000.0,0.21575999999999898,-0.002303424,2587.6042354200144,2588.7034054200144,-37.2,0.3096,186.3,0.3038,long_nclose,56.59794000000001,0.0218727188745744,15.0
1709361840000.0,613842,1709361840000.0,0.17979999999999913,-0.00191952,2587.7821159000146,2588.7139159000144,-31.0,0.3096,155.3,0.3038,long_nclose,47.18014000000001,0.01823188270376892,12.0
1709362020000.0,613845,1709362020000.0,0.14963999999999927,-0.001597536,2587.9301583640145,2588.7201083640143,-25.8,0.3096,129.5,0.3038,long_nclose,39.3421,0.015202149050602857,3.0
1709362140000.0,613847,1709362140000.0,0.1246999999999994,-0.00133128,2588.053527084014,2588.6907270840143,-21.5,0.3096,108.0,0.3038,long_nclose,32.8104,0.012677635781732772,2.0
1709363880000.0,613876,1709363880000.0,0.04465999999999936,-0.0009446359999999999,2588.097242448014,2588.393562448014,-15.4,0.3067,92.6,0.3038,long_nclose,28.13188,0.010869715224993162,29.0
1709366160000.0,613914,1709366160000.0,0.08931999999999957,-0.000953568,2588.185608880014,2588.625648880014,-15.4,0.3096,77.2,0.3038,long_nclose,23.453360000000004,0.009061699408084175,38.0
1709366280000.0,613916,1709366280000.0,0.07423999999999964,-0.000792576,2588.259056304014,2588.632576304014,-12.8,0.3096,64.4,0.3038,long_nclose,19.56472,0.007559026965383465,2.0
1709366400000.0,613918,1709366400000.0,0.06205999999999969,-0.0006625439999999999,2588.320453760014,2588.642653760014,-10.7,0.3096,53.7,0.3038,long_nclose,16.31406,0.006302952162009465,2.0
1709367600000.0,613938,1709367600000.0,0.05161999999999975,-0.000551088,2588.371522672014,2588.604482672014,-8.9,0.3096,44.8,0.3038,long_nclose,13.61024,0.0052582250580279705,20.0
1709368080000.0,613946,1709368080000.0,0.04291999999999979,-0.00045820800000000004,2588.413984464014,2588.623424464014,-7.4,0.3096,37.4,0.3038,long_nclose,11.36212,0.004389606943942071,8.0
1709368320000.0,613950,1709368320000.0,0.035959999999999825,-0.000383904,2588.449560560014,2588.636760560014,-6.2,0.3096,31.2,0.3038,long_nclose,9.47856,0.0036618677622403824,4.0
1709369460000.0,613969,1709369460000.0,0.054559999999999845,-0.00038762400000000004,2588.5037329360143,2588.7162329360144,-6.2,0.3126,25.0,0.3038,long_nclose,7.595000000000001,0.0029341275051534737,19.0
1709369580000.0,613971,1709369580000.0,0.04399999999999987,-0.0003126,2588.547420336014,2588.729420336014,-5.0,0.3126,20.0,0.3038,long_nclose,6.0760000000000005,0.0023472623882668867,2.0
1709370480000.0,613986,1709370480000.0,0.0351999999999999,-0.00025008,2588.5823702560137,2588.7279702560136,-4.0,0.3126,16.0,0.3038,long_nclose,4.8608,0.0018777845572359598,15.0
1709370660000.0,613989,1709370660000.0,0.02815999999999992,-0.00020006400000000004,2588.6103301920134,2588.7319301920134,-3.2,0.3126,12.8,0.3038,long_nclose,3.8886400000000005,0.0015022114200214738,3.0
1709371140000.0,613997,1709371140000.0,0.021999999999999936,-0.0001563,2588.6321738920133,2588.723843892013,-2.5,0.3126,10.3,0.3038,long_nclose,3.1291400000000005,0.0012088005517196878,8.0
1709371980000.0,614011,1709371980000.0,0.009859999999999952,-0.000105264,2588.6419286280134,2588.697828628013,-1.7,0.3096,8.6,0.3038,long_nclose,2.61268,0.0010092859777577376,14.0
1709372340000.0,614017,1709372340000.0,0.00811999999999996,-8.6688e-05,2588.6499619400133,2588.6902819400134,-1.4,0.3096,7.2,0.3038,long_nclose,2.18736,0.0008449809870627413,6.0
1709372400000.0,614018,1709372400000.0,0.006959999999999966,-7.4304e-05,2588.6568476360135,2588.6922476360137,-1.2,0.3096,6.0,0.3038,long_nclose,1.8228,0.0007041489495467886,1.0
1709372520000.0,614020,1709372520000.0,0.005799999999999972,-6.192e-05,2588.6625857160134,2588.6900857160135,-1.0,0.3096,5.0,0.3038,long_nclose,1.5190000000000001,0.0005867894905970725,2.0
1709372580000.0,614021,1709372580000.0,0.0046399999999999775,-4.9536e-05,2588.6671761800135,2588.6932161800137,-0.8,0.3096,4.2,0.3038,long_nclose,1.2759600000000002,0.0004929022980400595,1.0
1709373180000.0,614031,1709373180000.0,0.00405999999999998,-4.3344e-05,2588.6711928360137,2588.6928928360135,-0.7,0.3096,3.5,0.3038,long_nclose,1.0633000000000001,0.00041075127769900507,10.0
1709375160000.0,614064,1709375160000.0,0.0061599999999999815,-4.3763999999999996e-05,2588.6773090720135,2588.7005490720135,-0.7,0.3126,2.8,0.3038,long_nclose,0.85064,0.0003286002457776155,33.0
1709377860000.0,614109,1709377860000.0,0.004399999999999987,-3.126e-05,2588.6816778120133,2588.7023778120133,-0.5,0.3126,2.3,0.3038,long_nclose,0.69874,0.0002699211749320156,45.0
1709379000000.0,614128,1709379000000.0,0.00351999999999999,-2.5008000000000005e-05,2588.6851728040133,2588.702462804013,-0.4,0.3126,1.9,0.3038,long_nclose,0.57722,0.00022297806085657242,19.0
1709380380000.0,614151,1709380380000.0,0.002639999999999992,-1.8755999999999998e-05,2588.6877940480135,2588.7018740480135,-0.3,0.3126,1.6,0.3038,long_nclose,0.48608000000000007,0.00018777080848359133,23.0
1709380440000.0,614152,1709380440000.0,0.002639999999999992,-1.8755999999999998e-05,2588.6904152920138,2588.7012052920136,-0.3,0.3126,1.3,0.3038,long_nclose,0.39494,0.00015256362741059918,1.0
1709381160000.0,614164,1709381160000.0,0.001759999999999995,-1.2504000000000003e-05,2588.692162788014,2588.7021727880137,-0.2,0.3126,1.1,0.3038,long_nclose,0.33418000000000003,0.00012909221297293579,12.0
1709381460000.0,614169,1709381460000.0,0.001759999999999995,-1.2504000000000003e-05,2588.693910284014,2588.701920284014,-0.2,0.3126,0.9,0.3038,long_nclose,0.27342,0.00010562083022399594,5.0
1709381820000.0,614175,1709381820000.0,0.002339999999999998,-1.2620000000000001e-05,2588.696237664014,2588.704357664014,-0.2,0.3155,0.7,0.3038,long_nclose,0.21266,8.214946076172305e-05,6.0
1709382000000.0,614178,1709382000000.0,0.001169999999999999,-6.3100000000000006e-06,2588.697401354014,2588.704601354014,-0.1,0.3155,0.6,0.3038,long_nclose,0.18228,7.041379185711653e-05,3.0
1709383680000.0,614206,1709383680000.0,0.0029200000000000007,-1.2736000000000001e-05,2588.700308618014,2588.706108618014,-0.2,0.3184,0.4,0.3038,long_nclose,0.12152000000000002,4.694247518550105e-05,28.0
1709383740000.0,614207,1709383740000.0,0.0014600000000000004,-6.368000000000001e-06,2588.701762250014,2588.7060522500137,-0.1,0.3184,0.3,0.3038,long_nclose,0.09114,3.520683661944284e-05,1.0
1709383800000.0,614208,1709383800000.0,0.0014600000000000004,-6.368000000000001e-06,2588.703215882014,2588.7061558820137,-0.1,0.3184,0.2,0.3038,long_nclose,0.06076000000000001,2.3471211233188072e-05,1.0
1709385120000.0,614230,1709385120000.0,0.001169999999999999,-6.3100000000000006e-06,2588.7043795720137,2588.7055695720137,-0.1,0.3155,0.1,0.3038,long_nclose,0.030380000000000004,1.1735600341133846e-05,22.0
1709385360000.0,614234,1709385360000.0,0.001169999999999999,-6.3100000000000006e-06,2588.7055432620136,2588.7055432620136,-0.1,0.3155,0.0,0.3038,long_nclose,0.0,0.0,4.0
1709390340000.0,614317,1709390340000.0,0.0,-0.025885404,2588.679657858014,2588.8463378580136,416.7,0.3106,416.7,0.3106,long_ientry_normal,129.42702,0.049997310253171126,83.0
1709391060000.0,614329,1709391060000.0,0.17850000000000016,-0.0037318399999999997,2588.854426018014,2590.2117860180138,-59.5,0.3136,357.2,0.3106,long_nclose,110.94631999999999,0.0428553722005333,12.0
1709391180000.0,614331,1709391180000.0,0.3570000000000003,-0.0037675399999999998,2589.207658478014,2591.946498478014,-59.5,0.3166,297.7,0.3106,long_nclose,92.46561999999999,0.03571193669894869,2.0
1709391180000.0,614331,1709391180000.0,0.5355000000000005,-0.0038032400000000003,2589.739355238014,2591.930795238014,-59.5,0.3196,238.2,0.3106,long_nclose,73.98491999999999,0.02856848116794375,0.0
1709391180000.0,614331,1709391180000.0,0.7080500000000013,-0.00383775,2590.443567488014,2592.0876074880143,-59.5,0.3225,178.7,0.3106,long_nclose,55.50422,0.02142653123064292,0.0
1709391240000.0,614332,1709391240000.0,0.530740000000001,-0.0028767000000000003,2590.9714307880145,2592.5001707880147,-44.6,0.3225,134.1,0.3106,long_nclose,41.65145999999999,0.016075615309788335,1.0
1709391300000.0,614333,1709391300000.0,0.3986500000000007,-0.0021607500000000003,2591.3679200380147,2592.4544000380147,-33.5,0.3225,100.6,0.3106,long_nclose,31.246359999999996,0.012057863246042506,1.0
1709391720000.0,614340,1709391720000.0,0.18090000000000017,-0.001284792,2591.5475352460144,2592.272035246014,-20.1,0.3196,80.5,0.3106,long_nclose,25.0033,0.009648019054231412,7.0
1709393040000.0,614362,1709393040000.0,0.03450000000000003,-0.00072128,2591.5813139660145,2591.7814139660145,-11.5,0.3136,69.0,0.3106,long_nclose,21.4314,0.008269622830086915,22.0
1709393100000.0,614363,1709393100000.0,0.029400000000000027,-0.000614656,2591.6100993100144,2591.8291393100144,-9.8,0.3136,59.2,0.3106,long_nclose,18.38752,0.007095017882858019,1.0
1709393940000.0,614377,1709393940000.0,0.025200000000000024,-0.000526848,2591.6347724620146,2591.7770124620147,-8.4,0.3136,50.8,0.3106,long_nclose,15.778479999999998,0.006088234410055657,14.0
1709394000000.0,614378,1709394000000.0,0.02160000000000002,-0.000451584,2591.6559208780145,2591.8041608780145,-7.2,0.3136,43.6,0.3106,long_nclose,13.542159999999999,0.005225292405101414,1.0
1709395500000.0,614403,1709395500000.0,0.04320000000000004,-0.0004559040000000001,2591.6986649740147,2591.9279849740146,-7.2,0.3166,36.4,0.3106,long_nclose,11.30584,0.004362328133588538,25.0
1709395860000.0,614409,1709395860000.0,0.03600000000000003,-0.00037992,2591.734285054015,2591.9501250540147,-6.0,0.3166,30.4,0.3106,long_nclose,9.44224,0.003643212984622462,6.0
1709396220000.0,614415,1709396220000.0,0.05400000000000005,-0.00038352,2591.787901534015,2592.012381534015,-6.0,0.3196,24.4,0.3106,long_nclose,7.578639999999999,0.002924097298052202,6.0
1709397240000.0,614432,1709397240000.0,0.02400000000000002,-0.00025328,2591.811648254015,2591.936088254015,-4.0,0.3166,20.4,0.3106,long_nclose,6.336239999999999,0.002444714686064643,17.0
1709398920000.0,614460,1709398920000.0,0.02040000000000002,-0.00021528799999999998,2591.8318329660146,2591.9321329660147,-3.4,0.3166,17.0,0.3106,long_nclose,5.2802,0.002037246372561717,28.0
1709398980000.0,614461,1709398980000.0,0.016800000000000013,-0.000177296,2591.8484556700146,2591.9506956700147,-2.8,0.3166,14.2,0.3106,long_nclose,4.41052,0.0017016889974224374,1.0
1709400240000.0,614482,1709400240000.0,0.02520000000000002,-0.000178976,2591.8734766940147,2591.969236694015,-2.8,0.3196,11.4,0.3106,long_nclose,3.5408399999999998,0.001366131499796977,21.0
1709400840000.0,614492,1709400840000.0,0.01980000000000002,-0.00014062400000000003,2591.893136070015,2591.975016070015,-2.2,0.3196,9.2,0.3106,long_nclose,2.8575199999999996,0.00110248372520973,10.0
1709401800000.0,614508,1709401800000.0,0.016200000000000016,-0.000115056,2591.9092210140147,2591.9847010140147,-1.8,0.3196,7.4,0.3106,long_nclose,2.29844,0.0008867748844617316,16.0
1709402940000.0,614527,1709402940000.0,0.01260000000000001,-8.9488e-05,2591.921731526015,2591.9763315260147,-1.4,0.3196,6.0,0.3106,long_nclose,1.8636,0.0007190031926244897,19.0
1709403180000.0,614531,1709403180000.0,0.01080000000000001,-7.6704e-05,2591.9324548220147,2591.9751748220147,-1.2,0.3196,4.8,0.3106,long_nclose,1.49088,0.0005752001743820045,4.0
1709403240000.0,614532,1709403240000.0,0.008100000000000008,-5.7528e-05,2591.9404972940147,2591.9752072940146,-0.9,0.3196,3.9,0.3106,long_nclose,1.2113399999999999,0.000467348691555473,1.0
1709403480000.0,614536,1709403480000.0,0.006300000000000005,-4.4744e-05,2591.9467525500145,2591.9761925500143,-0.7,0.3196,3.2,0.3106,long_nclose,0.99392,0.00038346466763723426,4.0
1709405220000.0,614565,1709405220000.0,0.005400000000000005,-3.8352e-05,2591.9521141980144,2591.975254198014,-0.6,0.3196,2.6,0.3106,long_nclose,0.80756,0.0003115643979595164,29.0
1709405280000.0,614566,1709405280000.0,0.004500000000000004,-3.196e-05,2591.9565822380146,2591.9761122380146,-0.5,0.3196,2.1,0.3106,long_nclose,0.65226,0.00025164773378912416,1.0
1709406480000.0,614586,1709406480000.0,0.0036000000000000034,-2.5568000000000003e-05,2591.9601566700144,2591.9757966700145,-0.4,0.3196,1.7,0.3106,long_nclose,0.5280199999999999,0.00020371455118290338,20.0
1709406600000.0,614588,1709406600000.0,0.004760000000000009,-2.58e-05,2591.964890870014,2591.981010870014,-0.4,0.3225,1.3,0.3106,long_nclose,0.40378,0.0001557814310765868,2.0
1709407980000.0,614611,1709407980000.0,0.0035700000000000063,-1.9350000000000003e-05,2591.968441520014,2591.980541520014,-0.3,0.3225,1.0,0.3106,long_nclose,0.3106,0.00011983170590528259,23.0
1709408220000.0,614615,1709408220000.0,0.0023800000000000045,-1.29e-05,2591.970808620014,2591.981128620014,-0.2,0.3225,0.8,0.3106,long_nclose,0.24848,9.586527717582311e-05,4.0
1709408820000.0,614625,1709408820000.0,0.002980000000000005,-1.3020000000000002e-05,2591.973775600014,2591.983135600014,-0.2,0.3255,0.6,0.3106,long_nclose,0.18636,7.189887558058324e-05,10.0
1709409480000.0,614636,1709409480000.0,0.005370000000000008,-1.971e-05,2591.979125890014,2591.984315890014,-0.3,0.3285,0.3,0.3106,long_nclose,0.09318,3.594936358447893e-05,11.0
1709409600000.0,614638,1709409600000.0,0.0017900000000000027,-6.5700000000000015e-06,2591.980909320014,2591.984469320014,-0.1,0.3285,0.2,0.3106,long_nclose,0.06212,2.396622589951741e-05,2.0
1709409660000.0,614639,1709409660000.0,0.0017900000000000027,-6.5700000000000015e-06,2591.9826927500135,2591.9844327500136,-0.1,0.3285,0.1,0.3106,long_nclose,0.03106,1.1983104704702445e-05,1.0
1709410740000.0,614657,1709410740000.0,0.0011900000000000023,-6.45e-06,2591.9838763000134,2591.9838763000134,-0.1,0.3225,0.0,0.3106,long_nclose,0.0,0.0,18.0
1709446020000.0,615245,1709446020000.0,0.0,-0.025921272,2591.9579550280137,2591.997675028014,397.2,0.3263,397.2,0.3263,long_ientry_normal,129.60636,0.05000326480936271,588.0
1709450700000.0,615323,1709450700000.0,0.0,-0.025919754000000003,2591.9320352740137,2587.5524852740136,408.7,0.3171,805.9,0.3216343591016255,long_rentry,259.20513,0.10000460138322931,78.0
1709450760000.0,615324,1709450760000.0,0.0,-0.025920959999999996,2591.906114314014,2580.233624314014,415.4,0.312,1221.3,0.31835743060673055,long_rentry,388.80993,0.15000926455351346,1.0
1709450760000.0,615324,1709450760000.0,0.0,-0.037286035999999995,2591.868828278014,2580.559278278014,604.9,0.3082,1826.2,0.3149929416274231,long_rentry,575.2401100000001,0.2219402863771382,0.0
1709450820000.0,615325,1709450820000.0,0.0,-0.055005608,2591.813822670014,2548.4379726700136,904.4,0.3041,2730.6,0.31138509851314733,long_rentry,850.2681500000001,0.32805911542059674,1.0
1709450820000.0,615325,1709450820000.0,0.0,-0.08095466400000002,2591.732868006014,2543.217898006014,1352.4,0.2993,4083.0,0.3073821871173157,long_rentry,1255.04147,0.4842480046817416,0.0
1709450820000.0,615325,1709450820000.0,0.0,-0.118778154,2591.614089852014,2546.738899852014,2022.1,0.2937,6105.1,0.3028504430721855,long_rentry,1848.9322399999999,0.7134288423727382,0.0
1709450820000.0,615325,1709450820000.0,0.0,-0.14853353600000002,2591.465556316014,2569.385886316014,2590.4,0.2867,8695.5,0.2980392064861135,long_rentry,2591.5999199999997,1.0000518485316767,0.0
1709450880000.0,615326,1709450880000.0,3.5536777029498317,-0.07475559600000001,2594.9444784229636,2648.316020720014,-1242.2,0.3009,7453.3,0.2980392064861135,long_nclose,2221.3756177029495,0.8560397481232259,1.0
1709450880000.0,615326,1709450880000.0,7.156057702949849,-0.07547607200000002,2602.0250600539134,2646.501464648014,-1242.2,0.3038,6211.1,0.2980392064861135,long_nclose,1851.1513154058996,0.7114271664115118,0.0
1709450880000.0,615326,1709450880000.0,10.63421770294981,-0.076171704,2612.583106052863,2648.164372944014,-1242.2,0.3066,4968.9,0.2980392064861135,long_nclose,1480.9270131088492,0.5668439827532453,0.0
1709450940000.0,615327,1709450940000.0,8.506860514749015,-0.06093368400000001,2621.029032883612,2656.649979260014,-993.7,0.3066,3975.2,0.2980392064861135,long_nclose,1184.7654536235982,0.45202301796716043,1.0
1709451000000.0,615328,1709451000000.0,11.389736594100416,-0.06151622,2632.3572532577123,2667.719023040014,-993.8,0.3095,2981.4,0.2980392064861135,long_nclose,888.5740902176988,0.33755831930412594,1.0
1709451180000.0,615331,1709451180000.0,5.1039450929791315,-0.036558984,2637.4246393666917,2661.421644056014,-596.2,0.3066,2385.2,0.2980392064861135,long_nclose,710.8831153106778,0.2695368446551624,3.0
1709451240000.0,615332,1709451240000.0,6.834071172330527,-0.03691097,2644.221799569022,2665.618463086014,-596.3,0.3095,1788.9,0.2980392064861135,long_nclose,533.1623364830084,0.20163298576916194,1.0
1709451420000.0,615335,1709451420000.0,5.125266859410049,-0.02768168,2649.319384748432,2665.769691406014,-447.2,0.3095,1341.7,0.2980392064861135,long_nclose,399.87920334241846,0.15093657852067136,3.0
1709451540000.0,615337,1709451540000.0,3.8439501445575366,-0.02076126,2653.1425736329893,2663.9711601460135,-335.4,0.3095,1006.3,0.2980392064861135,long_nclose,299.916853486976,0.11304211709825122,2.0
1709451660000.0,615339,1709451660000.0,2.8823895687424583,-0.01556785,2656.0093953517317,2663.829722296013,-251.5,0.3095,754.8,0.2980392064861135,long_nclose,224.95999305571846,0.08469849295315739,2.0
1709451780000.0,615341,1709451780000.0,1.291823741245473,-0.009253188,2657.291965904977,2663.3072891080133,-150.9,0.3066,603.9,0.2980392064861135,long_nclose,179.98587679696394,0.06773281939143909,2.0
1709451840000.0,615342,1709451840000.0,1.729433741245475,-0.00934071,2659.0120589362227,2664.1131983980135,-150.9,0.3095,453.0,0.2980392064861135,long_nclose,135.01176053820942,0.050775159174051614,1.0
1709451900000.0,615343,1709451900000.0,1.2973618257719535,-0.007007080000000001,2660.3024136819945,2664.570571318013,-113.2,0.3095,339.8,0.2980392064861135,long_nclose,101.27372236398136,0.03806849997320919,1.0
1709451960000.0,615344,1709451960000.0,0.0,-0.00549762,2660.2969160619946,2664.479413698013,88.5,0.3106,428.3,0.300634654130239,long_ientry_partial,128.76182236398137,0.04840129745915202,1.0
1709452140000.0,615347,1709452140000.0,1.237492008064426,-0.006681080000000001,2661.527726990059,2665.3400626180132,-107.0,0.3122,321.3,0.300634654130239,long_nclose,96.59391437204579,0.03629265755622413,3.0
1709452200000.0,615348,1709452200000.0,0.0,-0.006531250000000001,2661.521195740059,2665.376111368013,104.5,0.3125,425.8,0.3035466518836209,long_ientry_partial,129.2501643720458,0.04856251551891424,1.0
1709452440000.0,615352,1709452440000.0,1.2399162395827343,-0.0067074560000000005,2662.7544045236414,2666.412603912013,-106.4,0.3152,319.4,0.3035466518836209,long_nclose,96.9528006116285,0.03641071833246035,4.0
1709452500000.0,615353,1709452500000.0,0.9299371796870506,-0.0050305919999999995,2663.6793111113284,2666.5672933200126,-79.8,0.3152,239.6,0.3035466518836209,long_nclose,72.72977779131557,0.027304254490369405,1.0
1709452560000.0,615354,1709452560000.0,0.0,-0.011513088000000001,2663.6677980233285,2666.6823802320127,182.4,0.3156,422.0,0.30875644026378096,long_ientry_partial,130.29521779131557,0.04891571609943472,1.0
1709452800000.0,615358,1709452800000.0,0.4178322494561969,-0.004424681999999999,2664.081205590785,2667.648695550013,-70.3,0.3147,351.7,0.30875644026378096,long_nclose,108.58964004077176,0.04076063440291828,4.0
1709452800000.0,615358,1709452800000.0,0.6287322494561971,-0.004466862,2664.7054709782415,2667.5598686880135,-70.3,0.3177,281.4,0.30875644026378096,long_nclose,86.88406229022796,0.032605503023316086,0.0
1709452860000.0,615359,1709452860000.0,0.0,-0.008699592000000003,2664.6967713862414,2667.3422690960133,136.4,0.3189,417.8,0.3120680284591382,long_ientry_partial,130.38202229022795,0.048929403033876905,1.0
1709453160000.0,615364,1709453160000.0,0.1807055038353613,-0.003755992,2664.8737208980765,2666.1030531040133,-59.6,0.3151,358.2,0.3120680284591382,long_nclose,111.7827677940633,0.04194674100969854,5.0
1709453340000.0,615367,1709453340000.0,0.15493374573803628,-0.0032203220000000003,2665.025434321815,2665.3423527820137,-51.1,0.3151,307.1,0.3120680284591382,long_nclose,95.83609153980136,0.03596066675595888,3.0
1709453400000.0,615368,1709453400000.0,0.0,-0.00742047,2665.018013851815,2665.1221323120135,118.5,0.3131,425.6,0.31235536076081144,long_ientry_partial,132.93844153980135,0.049882755331796876,1.0
1709453460000.0,615369,1709453460000.0,0.18511406574266526,-0.003835264,2665.1992926535577,2666.2734970480137,-60.8,0.3154,364.8,0.31235536076081144,long_nclose,113.94723560554402,0.04275373924930564,1.0
1709453760000.0,615374,1709453760000.0,0.15862570436172468,-0.0032864680000000003,2665.3546318899193,2666.6819305800136,-52.1,0.3154,312.7,0.31235536076081144,long_nclose,97.67352130990574,0.03664560060461767,5.0
1709453820000.0,615375,1709453820000.0,0.0,-0.006851224000000001,2665.3477806659193,2666.6329893560137,108.2,0.3166,420.9,0.3134465224754235,long_ientry_partial,131.92964130990575,0.04949809637110247,1.0
1709453880000.0,615376,1709453880000.0,0.18351399922704886,-0.0038043300000000003,2665.5274903351465,2667.1703850260137,-60.1,0.3165,360.8,0.3134465224754235,long_nclose,113.0915053091328,0.04242743911634293,1.0
1709454060000.0,615379,1709454060000.0,0.36381399922704905,-0.0038403900000000004,2665.887463944374,2667.677674636014,-60.1,0.3195,300.7,0.3134465224754235,long_nclose,94.25336930835984,0.0353553443583493,3.0
1709454120000.0,615380,1709454120000.0,0.3032792239812838,-0.00320139,2666.1875417783554,2668.0052632460142,-50.1,0.3195,250.6,0.3134465224754235,long_nclose,78.54969853234113,0.02946143033882314,1.0
1709454180000.0,615381,1709454180000.0,0.0,-0.010589514,2666.1769522643554,2668.1193837320143,165.1,0.3207,415.7,0.31632732386899476,long_ientry_partial,131.4972685323411,0.04932053306539234,1.0
1709454360000.0,615384,1709454360000.0,0.4202291882655641,-0.004462016000000001,2666.592719436621,2668.766201716014,-69.2,0.3224,346.5,0.31632732386899476,long_nclose,109.60741772060669,0.04110392146565366,3.0
1709454540000.0,615387,1709454540000.0,0.3503934127590036,-0.0037204960000000007,2666.93939235338,2668.808701220014,-57.7,0.3224,288.8,0.31632732386899476,long_nclose,91.3553311333657,0.03425474586910326,3.0
1709454600000.0,615388,1709454600000.0,0.0,-0.008024808,2666.93136754538,2668.8832964120143,124.3,0.3228,413.1,0.3182749240701178,long_ientry_partial,131.47937113336567,0.04929987053036844,1.0
1709455140000.0,615397,1709455140000.0,0.1784794798630474,-0.00379134,2667.106055685243,2668.1418250720144,-59.0,0.3213,354.1,0.3182749240701178,long_nclose,112.70115061322872,0.04225596892669239,9.0
1709456580000.0,615421,1709456580000.0,0.15276633445904905,-0.0032451299999999997,2667.2555768897023,2668.3257899420146,-50.5,0.3213,303.6,0.3182749240701178,long_nclose,96.62826694768778,0.0362275995539829,24.0
1709456640000.0,615422,1709456640000.0,0.0,-0.007131088,2667.2484458017025,2668.4844188540146,110.8,0.3218,414.4,0.31921743954557863,long_ientry_partial,132.2837069476878,0.04959556997995622,1.0
1709456700000.0,615423,1709456700000.0,0.1824875789017437,-0.003816032,2667.427117348604,2668.5930828220144,-59.2,0.3223,355.2,0.31921743954557863,long_nclose,113.38603452658953,0.042507641085726876,1.0
1709456940000.0,615427,1709456940000.0,0.15628581503916225,-0.0032681219999999996,2667.580135041643,2668.6101247000147,-50.7,0.3223,304.5,0.31921743954557863,long_nclose,97.2017103416287,0.036438159463243754,4.0
1709457000000.0,615428,1709457000000.0,0.0,-0.00703695,2667.5730980916433,2668.6139977500147,109.1,0.3225,413.6,0.32008331804068835,long_ientry_partial,132.38646034162872,0.049628053467901875,1.0
1709457180000.0,615431,1709457180000.0,0.18388423559938677,-0.0038137600000000002,2667.7531685672425,2668.9292639900145,-59.0,0.3232,354.6,0.32008331804068835,long_nclose,113.50154457722809,0.04254574445438137,3.0
1709458500000.0,615453,1709458500000.0,0.157704107141169,-0.003270784,2667.9076018903834,2668.855073206014,-50.6,0.3232,304.0,0.32008331804068835,long_nclose,97.30532868436926,0.03647252574092978,22.0
1709458560000.0,615454,1709458560000.0,0.13526399703412517,-0.0028053759999999996,2668.0400605114173,2668.8522678300137,-43.4,0.3232,260.6,0.32008331804068835,long_nclose,83.4137126814034,0.03126404056519842,1.0
1709458680000.0,615456,1709458680000.0,0.0,-0.009881718,2668.0301787934172,2668.359506112014,153.3,0.3223,413.9,0.3209043311944996,long_ientry_partial,132.8223026814034,0.049782908655654934,2.0
1709459460000.0,615469,1709459460000.0,0.18295402640507272,-0.0038296800000000007,2668.2093031398226,2669.3786064320143,-59.1,0.324,354.8,0.3209043311944996,long_nclose,113.85685670780848,0.042671636207034846,13.0
1709459640000.0,615472,1709459640000.0,0.36616402640507223,-0.0038663220000000006,2668.5716008442278,2670.0783901100144,-59.1,0.3271,295.7,0.3209043311944996,long_nclose,94.89141073421354,0.03555887752990916,3.0
1709460180000.0,615481,1709460180000.0,0.0,-0.007625617999999999,2668.5639752262277,2669.390674492014,118.3,0.3223,414.0,0.321303141870081,long_ientry_partial,133.01950073421355,0.04984684720662798,9.0
1709460600000.0,615488,1709460600000.0,0.1830243154782129,-0.0038344080000000005,2668.743165133706,2669.8422400840145,-59.1,0.3244,354.9,0.321303141870081,long_nclose,114.03048504969175,0.04272816003408059,7.0
1709460660000.0,615489,1709460660000.0,0.1570107071868933,-0.0032894160000000007,2668.896886424893,2669.9910506680144,-50.7,0.3244,304.2,0.321303141870081,long_nclose,97.74041575687865,0.036622027720151565,1.0
1709461080000.0,615496,1709461080000.0,0.3141807071868929,-0.00332085,2669.2077462820803,2670.651899818015,-50.7,0.3275,253.5,0.321303141870081,long_nclose,81.45034646406553,0.03051480222081519,7.0
1709461140000.0,615497,1709461140000.0,0.26150741308258146,-0.0027641000000000002,2669.466489595163,2670.7547557180146,-42.2,0.3275,211.3,0.321303141870081,long_nclose,67.89135387714812,0.02543255520972813,1.0
1709461260000.0,615499,1709461260000.0,0.21812940617314852,-0.0023056000000000005,2669.682313401336,2670.8440201180147,-35.2,0.3275,176.1,0.321303141870081,long_nclose,56.58148328332127,0.021194088524800186,2.0
1709461380000.0,615501,1709461380000.0,0.18156794320662648,-0.0019191500000000003,2669.8619621945427,2670.7423009680147,-29.3,0.3275,146.8,0.321303141870081,long_nclose,47.1673012265279,0.01766656924381134,2.0
1709461440000.0,615502,1709461440000.0,0.1512033383700234,-0.0015982,2670.011567332913,2670.733342768015,-24.4,0.3275,122.4,0.321303141870081,long_nclose,39.32750456489792,0.014729338646342401,1.0
1709461500000.0,615503,1709461500000.0,0.12641590585034743,-0.0013362,2670.1366470387634,2670.738126568015,-20.4,0.3275,102.0,0.321303141870081,long_nclose,32.77292047074826,0.012273873888474623,1.0
1709461620000.0,615505,1709461620000.0,0.10534658820862286,-0.0011135000000000001,2670.240880126972,2670.725113068015,-17.0,0.3275,85.0,0.321303141870081,long_nclose,27.310767058956888,0.010227828980604266,2.0
1709461800000.0,615508,1709461800000.0,0.08737569963185778,-0.0009235500000000001,2670.327332276604,2670.780869518015,-14.1,0.3275,70.9,0.321303141870081,long_nclose,22.780392758588746,0.0085309364448467,3.0
1709461980000.0,615511,1709461980000.0,0.0731229259330441,-0.0007729000000000001,2670.3996823025373,2670.8013766180156,-11.8,0.3275,59.1,0.321303141870081,long_nclose,18.98901568452179,0.007110926431862295,3.0
1709462160000.0,615514,1709462160000.0,0.06072920967320612,-0.0006419,2670.4597696122105,2670.7406247180156,-9.8,0.3275,49.3,0.321303141870081,long_nclose,15.840244894194994,0.005931654569166278,3.0
1709462460000.0,615519,1709462460000.0,0.05081423666533573,-0.0005371,2670.5100467488755,2670.7770676180153,-8.2,0.3275,41.1,0.321303141870081,long_nclose,13.20555913086033,0.004944957667145646,5.0
1709462580000.0,615521,1709462580000.0,0.04213863528344914,-0.0004454,2670.551739984159,2670.7848722180156,-6.8,0.3275,34.3,0.321303141870081,long_nclose,11.020697766143778,0.004126749390824066,2.0
1709462760000.0,615524,1709462760000.0,0.015174604836603102,-0.00031791200000000006,2670.566596676996,2670.701744306016,-4.9,0.3244,29.4,0.321303141870081,long_nclose,9.446312370980381,0.003537194085605089,3.0
1709462880000.0,615526,1709462880000.0,0.03036460483660306,-0.00032095,2670.5966403318325,2670.7460133560157,-4.9,0.3275,24.5,0.321303141870081,long_nclose,7.871926975816985,0.0029476285774248804,2.0
1709462940000.0,615527,1709462940000.0,0.024787432519675967,-0.000262,2670.621165764352,2670.7502513560153,-4.0,0.3275,20.5,0.321303141870081,long_nclose,6.586714408336661,0.0024663604455675363,1.0
1709464320000.0,615550,1709464320000.0,0.0089808885767651,-0.00018815200000000002,2670.6299585009288,2670.691503204015,-2.9,0.3244,17.6,0.321303141870081,long_nclose,5.654935296913426,0.0021174537037275056,23.0
1709464620000.0,615555,1709464620000.0,0.017970888576765074,-0.00018995,2670.6477394395056,2670.7461832540152,-2.9,0.3275,14.7,0.321303141870081,long_nclose,4.723156185490191,0.0017685433072058576,5.0
1709464980000.0,615561,1709464980000.0,0.01487245951180558,-0.00015720000000000003,2670.6624546990174,2670.7349860540153,-2.4,0.3275,12.3,0.321303141870081,long_nclose,3.9520286450019966,0.001479793389107793,6.0
1709465040000.0,615562,1709465040000.0,0.012393716259837984,-0.000131,2670.6747174152774,2670.7344250540154,-2.0,0.3275,10.3,0.321303141870081,long_nclose,3.3094223612618348,0.0012391708880461292,1.0
1709465100000.0,615563,1709465100000.0,0.010534658820862285,-0.00011135,2670.685140724098,2670.741013704015,-1.7,0.3275,8.6,0.321303141870081,long_nclose,2.763207020082697,0.0010346434995079628,1.0
1709465280000.0,615566,1709465280000.0,0.008675601381886588,-9.169999999999999e-05,2670.6937246254797,2670.737622004015,-1.4,0.3275,7.2,0.321303141870081,long_nclose,2.3133826214645836,0.0008662103782750292,3.0
1709465700000.0,615573,1709465700000.0,0.00743622975590279,-7.860000000000001e-05,2670.7010822552356,2670.7406634040153,-1.2,0.3275,6.0,0.321303141870081,long_nclose,1.9278188512204861,0.0007218399932622063,7.0
1709465880000.0,615576,1709465880000.0,0.006196858129918992,-6.55e-05,2670.7072136133656,2670.7396979040154,-1.0,0.3275,5.0,0.321303141870081,long_nclose,1.606515709350405,0.0006015319467298889,3.0
1709467800000.0,615608,1709467800000.0,0.004957486503935194,-5.2400000000000007e-05,2670.7121186998693,2670.737725504015,-0.8,0.3275,4.2,0.321303141870081,long_nclose,1.3494731958543404,0.0005052859072325916,32.0
1709467860000.0,615609,1709467860000.0,0.004337800690943294,-4.5849999999999996e-05,2670.71641065056,2670.738449654015,-0.7,0.3275,3.5,0.321303141870081,long_nclose,1.1245609965452836,0.00042107091268119766,1.0
1709468400000.0,615618,1709468400000.0,0.003098429064959496,-3.275e-05,2670.719476329625,2670.738066904015,-0.5,0.3275,3.0,0.321303141870081,long_nclose,0.9639094256102431,0.00036091751086300743,9.0
1709469060000.0,615629,1709469060000.0,0.0,-0.026514060000000002,2670.6929622696252,2670.616992844015,409.8,0.3235,412.8,0.32348403446126517,long_ientry_partial,133.53420942561027,0.049999835740058035,11.0
1709483280000.0,615866,1709483280000.0,0.18353037023148164,-0.0038473480000000004,2670.8726452918568,2672.223115496015,-58.9,0.3266,353.9,0.32348403446126517,long_nclose,114.48099979584174,0.04286276996308521,237.0
1709484060000.0,615879,1709484060000.0,0.15735625970610906,-0.0032986600000000006,2671.0267028915628,2672.032766836015,-50.5,0.3266,303.4,0.32348403446126517,long_nclose,98.14505605554784,0.0367443185608363,13.0
1709484240000.0,615882,1709484240000.0,0.13492130782721826,-0.0028283559999999998,2671.15879584339,2671.969258480015,-43.3,0.3266,260.1,0.32348403446126517,long_nclose,84.13819736337508,0.03149876281945617,3.0
1709484300000.0,615883,1709484300000.0,0.1156023214870623,-0.0024233720000000005,2671.2719747928772,2671.989135108015,-37.1,0.3266,223.0,0.32348403446126517,long_nclose,72.13693968486213,0.02700471549343283,1.0
1709484540000.0,615887,1709484540000.0,0.09908770413176769,-0.002077176,2671.368985321009,2671.983877932015,-31.8,0.3266,191.2,0.32348403446126517,long_nclose,61.850147388993896,0.023152978015712637,4.0
1709485800000.0,615908,1709485800000.0,0.08506585920746094,-0.0017832360000000001,2671.4522679442166,2671.9629746960154,-27.3,0.3266,163.9,0.32348403446126517,long_nclose,53.01903324820136,0.01984652089217432,21.0
1709489220000.0,615965,1709489220000.0,0.07291359360639509,-0.001528488,2671.5236530498228,2671.961446208015,-23.4,0.3266,140.5,0.32348403446126517,long_nclose,45.449506841807754,0.017012578866716154,57.0
1709489280000.0,615966,1709489280000.0,0.06231931077469666,-0.0013064,2671.5846659605977,2671.972189808015,-20.0,0.3266,120.5,0.32348403446126517,long_nclose,38.979826152582454,0.014590526233076289,1.0
1709489520000.0,615970,1709489520000.0,0.05359460726623912,-0.001123504,2671.637137063864,2671.9693463040153,-17.2,0.3266,103.3,0.32348403446126517,long_nclose,33.41590075984869,0.012507649446950288,4.0
1709490000000.0,615978,1709490000000.0,0.04580469341940204,-0.0009602039999999999,2671.6819815532835,2671.8783161000156,-14.7,0.3266,88.6,0.32348403446126517,long_nclose,28.66068545326809,0.010727581220802753,8.0
1709490300000.0,615983,1709490300000.0,0.03926116578805889,-0.0008230319999999999,2671.7204196870716,2671.9800330680155,-12.6,0.3266,76.0,0.32348403446126517,long_nclose,24.584786619056153,0.009201856016781754,5.0
1709490600000.0,615988,1709490600000.0,0.033652427818336196,-0.000705456,2671.7533666588897,2671.9369676120155,-10.8,0.3266,65.2,0.32348403446126517,long_nclose,21.09115904687449,0.007894126497630145,5.0
1709490660000.0,615989,1709490660000.0,0.028978479510233947,-0.000607476,2671.7817376624002,2671.9000201360154,-9.3,0.3266,55.9,0.32348403446126517,long_nclose,18.08275752638472,0.006768051922611657,1.0
1709491200000.0,615998,1709491200000.0,0.02461612775600518,-0.0005160280000000001,2671.805837762156,2671.9650041080154,-7.9,0.3266,48.0,0.32348403446126517,long_nclose,15.527233654140728,0.005811512735950149,9.0
1709492040000.0,616012,1709492040000.0,0.02118856566339686,-0.00044417599999999996,2671.8265821518194,2671.979679932015,-6.8,0.3266,41.2,0.32348403446126517,long_nclose,13.327542219804126,0.004988176369242674,14.0
1709492220000.0,616015,1709492220000.0,0.042268565663396804,-0.000448392,2671.8684023254827,2672.120071540015,-6.8,0.3297,34.4,0.32348403446126517,long_nclose,11.12785078546752,0.004164819934912327,3.0
1709492280000.0,616016,1709492280000.0,0.06334856566339675,-0.00045260799999999996,2671.931298283146,2672.2242989320152,-6.8,0.3328,27.6,0.32348403446126517,long_nclose,8.928159351130919,0.0033414629174289483,1.0
1709492400000.0,616018,1709492400000.0,0.08567016221727018,-0.000463542,2672.0165049033635,2672.219695390015,-6.9,0.3359,20.7,0.32348403446126517,long_nclose,6.696119513348188,0.0025060172723709883,2.0
1709492520000.0,616020,1709492520000.0,0.06332142424754751,-0.000342618,2672.079483709611,2672.291892772015,-5.1,0.3359,15.6,0.32348403446126517,long_nclose,5.0463509375957365,0.001888548214362979,2.0
1709492640000.0,616022,1709492640000.0,0.04842226560106575,-0.000262002,2672.127643973212,2672.293970770015,-3.9,0.3359,11.7,0.32348403446126517,long_nclose,3.7847632031968024,0.0014163856325250998,2.0
1709492700000.0,616023,1709492700000.0,0.060512265601065936,-0.00026442,2672.187891818813,2672.3089163500154,-3.9,0.339,7.8,0.32348403446126517,long_nclose,2.5231754687978682,0.0009442357988833187,1.0
1709492820000.0,616025,1709492820000.0,0.04034151040071062,-0.00017628,2672.228057049214,2672.309260070015,-2.6,0.339,5.2,0.32348403446126517,long_nclose,1.6821169791985788,0.0006294810709592065,2.0
1709493120000.0,616030,1709493120000.0,0.026377141415849254,-0.00011526000000000002,2672.25431893063,2672.3082748100155,-1.7,0.339,3.5,0.32348403446126517,long_nclose,1.1321941206144281,0.00042368501852305145,5.0
1709493180000.0,616031,1709493180000.0,0.017067562092608343,-7.458000000000002e-05,2672.2713119127225,2672.3054302300156,-1.1,0.339,2.4,0.32348403446126517,long_nclose,0.7763616827070364,0.0002905250223830539,1.0
1709493300000.0,616033,1709493300000.0,0.012412772430987885,-5.4240000000000016e-05,2672.283670445154,2672.3100959900157,-0.8,0.339,1.6,0.32348403446126517,long_nclose,0.5175744551380242,0.00019368245252638383,2.0
1709493360000.0,616034,1709493360000.0,0.014892772430987878,-5.473600000000001e-05,2672.2985084815846,2672.3153212540155,-0.8,0.3421,0.8,0.32348403446126517,long_nclose,0.2587872275690121,9.684068854869679e-05,1.0
1709493420000.0,616035,1709493420000.0,0.017372772430987872,-5.523200000000001e-05,2672.3158260220157,2672.3158260220157,-0.8,0.3452,0.0,0.32348403446126517,long_nclose,0.0,0.0,1.0
1709513340000.0,616367,1709513340000.0,0.0,-0.026723250000000004,2672.2891027720157,2671.734842772016,395.9,0.3375,395.9,0.3375,long_ientry_normal,133.61625,0.050000671656894216,332.0
1709514120000.0,616380,1709514120000.0,0.18644999999999828,-0.00385104,2672.471701732016,2673.8971817320157,-56.5,0.3408,339.4,0.3375,long_nclose,114.5475,0.04286200670553867,13.0
1709514960000.0,616394,1709514960000.0,0.15971999999999853,-0.003298944,2672.628122788016,2673.617522788016,-48.4,0.3408,291.0,0.3375,long_nclose,98.2125,0.036747536689671324,14.0
1709515140000.0,616397,1709515140000.0,0.13694999999999874,-0.0028286400000000003,2672.7622441480157,2673.7851941480158,-41.5,0.3408,249.5,0.3375,long_nclose,84.20625000000001,0.03150532756303659,3.0
1709516040000.0,616412,1709516040000.0,0.11747999999999892,-0.002426496,2672.8772976520154,2673.6045576520155,-35.6,0.3408,213.9,0.3375,long_nclose,72.19125000000001,0.027008815579905705,15.0
1709516760000.0,616424,1709516760000.0,0.23139999999999825,-0.00244928,2673.1062483720157,2673.9799183720156,-35.6,0.344,178.3,0.3375,long_nclose,60.17625000000001,0.022511731449750175,12.0
1709517420000.0,616435,1709517420000.0,0.08381999999999923,-0.001731264,2673.1883371080157,2673.692907108016,-25.4,0.3408,152.9,0.3375,long_nclose,51.603750000000005,0.019304195399800165,11.0
1709517480000.0,616436,1709517480000.0,0.07193999999999934,-0.001485888,2673.2587912200156,2673.743861220016,-21.8,0.3408,131.1,0.3375,long_nclose,44.24625,0.0165514278472856,1.0
1709517720000.0,616440,1709517720000.0,0.06170999999999943,-0.001274592,2673.3192266280157,2673.8587466280155,-18.7,0.3408,112.4,0.3375,long_nclose,37.935,0.014190224505230232,4.0
1709518500000.0,616453,1709518500000.0,0.052799999999999514,-0.00109056,2673.3709360680155,2673.7083360680153,-16.0,0.3408,96.4,0.3375,long_nclose,32.535000000000004,0.012170028319321959,13.0
1709519040000.0,616462,1709519040000.0,0.045209999999999584,-0.0009337919999999999,2673.4152122760156,2673.7708222760157,-13.7,0.3408,82.7,0.3375,long_nclose,27.911250000000003,0.010440297441203577,9.0
1709520660000.0,616489,1709520660000.0,0.0,-0.0211375,2673.3940747760157,2673.333404776016,312.5,0.3382,395.2,0.33805351720647775,long_ientry_partial,133.59875,0.04997345930423418,27.0
1709539740000.0,616807,1709539740000.0,0.1831016295546545,-0.0038498639999999997,2673.57332654157,2674.7071149120156,-56.4,0.3413,338.8,0.33805351720647775,long_nclose,114.53253162955467,0.04283874711516122,318.0
1709539980000.0,616811,1709539980000.0,0.15712976720647656,-0.0033037839999999997,2673.727152524777,2674.6989711280157,-48.4,0.3413,290.4,0.33805351720647775,long_nclose,98.17074139676113,0.03671681357017277,4.0
1709540160000.0,616814,1709540160000.0,0.13440438765182086,-0.002825964,2673.858730948429,2674.766705164016,-41.4,0.3413,249.0,0.33805351720647775,long_nclose,84.17532578441296,0.03148084257785587,3.0
1709543160000.0,616864,1709543160000.0,0.0,-0.0099474,2673.8487835484293,2673.5966077640164,147.5,0.3372,396.5,0.33773600450041097,long_ientry_partial,133.91232578441296,0.05008223599193208,50.0
1709566980000.0,617261,1709566980000.0,0.1847421452767406,-0.0038601200000000007,2674.029665573706,2674.0514176440165,-56.6,0.341,339.9,0.33773600450041097,long_nclose,114.79646792968968,0.0429301400083983,397.0
1709572140000.0,617347,1709572140000.0,0.0,-0.026743318000000002,2674.002922255706,2670.2725843260164,407.3,0.3283,747.2,0.3325924222827753,long_rentry,248.51305792968972,0.09293671890233082,86.0
1709574480000.0,617386,1709574480000.0,0.0,-0.026738922000000005,2673.976183333706,2666.9330154040163,414.3,0.3227,1161.5,0.32906385529891496,long_rentry,382.2076679296897,0.1429360778573513,39.0
1709575140000.0,617397,1709575140000.0,0.0,-0.03665174400000001,2673.939531589706,2659.528053660016,575.2,0.3186,1736.7,0.32559819653923516,long_rentry,565.4663879296897,0.21147313963136244,11.0
1709579820000.0,617475,1709579820000.0,0.7695574386157541,-0.016310093999999997,2674.6927789343217,2679.310123566016,-248.1,0.3287,1488.6,0.32559819653923516,long_nclose,484.68547536830545,0.18121164388884273,78.0
1709580060000.0,617479,1709580060000.0,0.6594434157586027,-0.013976324,2675.3382460260805,2679.6789472420164,-212.6,0.3287,1276.0,0.32559819653923516,long_nclose,415.4632987840641,0.15529374627720025,4.0
1709581440000.0,617502,1709581440000.0,1.3397634157585985,-0.014112388,2676.6638970538393,2683.4715748540166,-212.6,0.3319,1063.4,0.32559819653923516,long_nclose,346.2411221998227,0.12935547215357324,23.0
1709582460000.0,617519,1709582460000.0,1.1166795732475243,-0.011762535999999999,2677.768814091087,2683.2648523180164,-177.2,0.3319,886.2,0.32559819653923516,long_nclose,288.5451217730702,0.10775580037181473,17.0
1709582580000.0,617521,1709582580000.0,0.9307763711549624,-0.009804325999999999,2678.6897861362418,2683.2698179920167,-147.7,0.3319,738.5,0.32559819653923516,long_nclose,240.45426814422518,0.08976562698253233,2.0
1709582640000.0,617522,1709582640000.0,0.7751218256740716,-0.00816474,2679.4567432219155,2683.335503252016,-123.0,0.3319,615.5,0.32559819653923516,long_nclose,200.40568996989924,0.07479340372889215,1.0
1709582880000.0,617526,1709582880000.0,0.645934854728393,-0.00680395,2680.0958741266436,2683.4312993020158,-102.5,0.3319,513.0,0.32559819653923516,long_nclose,167.03187482462764,0.062323096885128375,4.0
1709583000000.0,617528,1709583000000.0,0.5388041958953913,-0.005675489999999999,2680.629002832539,2683.2375238120158,-85.5,0.3319,427.5,0.32559819653923516,long_nclose,139.19322902052303,0.05192558495541225,2.0
1709583180000.0,617531,1709583180000.0,0.44868840640645447,-0.004726256,2681.072964982945,2683.3539275560156,-71.2,0.3319,356.3,0.32559819653923516,long_nclose,116.01063742692949,0.04327022760742637,3.0
1709583960000.0,617544,1709583960000.0,0.3736969452233532,-0.003936334,2681.442725594168,2683.2252612220154,-59.3,0.3319,297.0,0.32559819653923516,long_nclose,96.70266437215284,0.036063669549654453,13.0
1709584500000.0,617553,1709584500000.0,0.0,-0.007238016000000001,2681.4354875781682,2682.7053832060155,109.8,0.3296,406.8,0.3266783293317425,long_ientry_partial,132.89274437215286,0.04956029894725514,9.0
1709584560000.0,617554,1709584560000.0,0.181369065825759,-0.0038322760000000003,2681.613024367994,2683.1199909300153,-58.1,0.3298,348.7,0.3266783293317425,long_nclose,113.91273343797862,0.04247918413389483,1.0
1709585340000.0,617567,1709585340000.0,0.155459199279222,-0.0032848079999999997,2681.7651987592735,2682.907496122016,-49.8,0.3298,298.9,0.3266783293317425,long_nclose,97.64415263725783,0.03641040337253731,13.0
1709585640000.0,617572,1709585640000.0,0.133295337534594,-0.002816492,2681.895677604808,2682.7979296300155,-42.7,0.3298,256.2,0.3266783293317425,long_nclose,83.69498797479243,0.031207398808867963,5.0
1709585940000.0,617577,1709585940000.0,0.11425314645822342,-0.002414136,2682.0075166152665,2682.8687154940158,-36.6,0.3298,219.6,0.3266783293317425,long_nclose,71.73856112125065,0.026748083544443527,5.0
1709586060000.0,617579,1709586060000.0,0.09770829191645881,-0.002064548,2682.103160359183,2682.653310946016,-31.3,0.3298,188.3,0.3266783293317425,long_nclose,61.51352941316712,0.02293481112968426,2.0
1709586120000.0,617580,1709586120000.0,0.0,-0.014412330000000001,2682.088748029183,2682.416568616016,218.7,0.3295,407.0,0.3281945440126956,long_ientry_partial,133.57517941316712,0.04980266947218621,1.0
1709588400000.0,617618,1709588400000.0,0.18623699286238407,-0.003850868,2682.2711341540453,2683.4592977480156,-58.1,0.3314,348.9,0.3281945440126956,long_nclose,114.50707640602948,0.04269034362260457,38.0
1709588520000.0,617620,1709588520000.0,0.15963170816775776,-0.0033007439999999996,2682.4274651182127,2683.4759470040153,-49.8,0.3314,299.1,0.3281945440126956,long_nclose,98.16298811419726,0.036594834115997725,2.0
1709589060000.0,617629,1709589060000.0,0.13687297065789675,-0.002830156,2682.5615079328704,2683.3577468480153,-42.7,0.3314,256.4,0.3281945440126956,long_nclose,84.14908108485514,0.03136892885252006,9.0
1709589420000.0,617635,1709589420000.0,0.11731968913534006,-0.002425848,2682.676401774006,2683.4029410000157,-36.6,0.3314,219.8,0.3281945440126956,long_nclose,72.1371607739905,0.02688999714102211,6.0
1709589600000.0,617638,1709589600000.0,0.1006513180013573,-0.002081192,2682.7749719000076,2683.3600398080157,-31.4,0.3314,188.4,0.3281945440126956,long_nclose,61.831852091991856,0.02304772213086549,3.0
1709589720000.0,617640,1709589720000.0,0.08622676605848763,-0.001782932,2682.8594157340663,2683.360946876016,-26.9,0.3314,161.5,0.3281945440126956,long_nclose,53.00341885805034,0.0197563161704274,2.0
1709590140000.0,617647,1709590140000.0,0.0,-0.016194974,2682.8432207600663,2683.021751902016,245.9,0.3293,407.4,0.3288617792293823,long_ientry_partial,133.97828885805035,0.04993891846579595,7.0
1709593560000.0,617704,1709593560000.0,0.18264444884995049,-0.0038644800000000004,2683.0220007289163,2684.152787422016,-58.2,0.332,349.2,0.3288617792293823,long_nclose,114.8385333069003,0.042801935010484925,57.0
1709597280000.0,617766,1709597280000.0,0.15628339437676173,-0.00330672,2683.174977403293,2684.1744407020155,-49.8,0.332,299.4,0.3288617792293823,long_nclose,98.46121670127705,0.03669578671927139,62.0
1709597460000.0,617769,1709597460000.0,0.13400202690537605,-0.0028352800000000004,2683.306144150198,2684.1117254220158,-42.7,0.332,256.7,0.3288617792293823,long_nclose,84.41881872818243,0.03146074811933837,3.0
1709597580000.0,617771,1709597580000.0,0.11485888020460804,-0.00243024,2683.418572790403,2684.087285182016,-36.6,0.332,220.1,0.3288617792293823,long_nclose,72.38247760838705,0.026973979513422976,2.0
1709597760000.0,617774,1709597760000.0,0.09854013219739595,-0.00208496,2683.5150279626,2684.1449502220157,-31.4,0.332,188.7,0.3288617792293823,long_nclose,62.05621774058444,0.023124974928014196,3.0
1709598720000.0,617790,1709598720000.0,0.0,-0.014410168,2683.5006177946,2683.4203100540158,218.8,0.3293,407.5,0.3290970742100232,long_ientry_partial,134.10705774058445,0.04997466997074835,16.0
1709603040000.0,617862,1709603040000.0,0.18641028097664825,-0.0038679720000000003,2683.683160103577,2684.801942082016,-58.2,0.3323,349.3,0.3290970742100232,long_nclose,114.95360802156111,0.04283426960771497,72.0
1709603100000.0,617863,1709603100000.0,0.159825996919841,-0.003316354,2683.839669746497,2684.798625728016,-49.9,0.3323,299.4,0.3290970742100232,long_nclose,98.53166401848094,0.03671294717384805,1.0
1709603160000.0,617864,1709603160000.0,0.13676493123200825,-0.002837842,2683.9735968357286,2684.7957878860157,-42.7,0.3323,256.7,0.3290970742100232,long_nclose,84.47921894971296,0.03147542846520911,1.0
1709603220000.0,617865,1709603220000.0,0.11722708391314993,-0.002432436,2684.0883914836418,2684.705315450016,-36.6,0.3323,220.1,0.3290970742100232,long_nclose,72.4342660336261,0.02698654271724179,1.0
1709603520000.0,617870,1709603520000.0,0.10057186980527069,-0.002086844,2684.186876509447,2684.7912686060154,-31.4,0.3323,188.7,0.3290970742100232,long_nclose,62.10061790343138,0.023135728159206212,5.0
1709603580000.0,617871,1709603580000.0,0.08615870375037521,-0.001787774,2684.271247439197,2684.838020832015,-26.9,0.3323,161.8,0.3290970742100232,long_nclose,53.24790660718176,0.01983700665794503,1.0
1709603700000.0,617873,1709603700000.0,0.07398758574846348,-0.001535226,2684.343699798945,2684.815685606015,-23.1,0.3323,138.7,0.3290970742100232,long_nclose,45.645764192930216,0.017004441046930406,2.0
1709604300000.0,617883,1709604300000.0,0.0,-0.017719940000000003,2684.325979858945,2684.271715666015,269.3,0.329,408.0,0.3290330004728682,long_ientry_partial,134.24546419293023,0.05001086499933384,10.0
1709607240000.0,617932,1709607240000.0,0.18431937247907,-0.0038668080000000007,2684.506432423424,2685.649228858015,-58.2,0.3322,349.8,0.3290330004728682,long_nclose,115.09574356540931,0.04287408000788705,49.0
1709608320000.0,617950,1709608320000.0,0.15803327640387613,-0.003315356,2684.661150343828,2686.060783502015,-49.9,0.3322,299.9,0.3290330004728682,long_nclose,98.67699684181316,0.03675584787643516,18.0
1709608620000.0,617955,1709608620000.0,0.31771327640387514,-0.0033472919999999995,2684.975516328232,2686.717266210015,-49.9,0.3354,250.0,0.3290330004728682,long_nclose,82.25825011821705,0.03063649914793531,5.0
1709608980000.0,617961,1709608980000.0,0.4733499763565907,-0.0033850000000000004,2685.4454813045886,2687.338881210015,-50.0,0.3385,200.0,0.3290330004728682,long_nclose,65.80660009457364,0.024504910098791063,6.0
1709609640000.0,617972,1709609640000.0,0.2120210842534878,-0.0022337639999999996,2685.6552686248424,2686.699977446015,-33.3,0.3354,166.7,0.3290330004728682,long_nclose,54.84980117882713,0.02042324710085085,11.0
1709611320000.0,618000,1709611320000.0,0.17636588690154995,-0.0018581159999999997,2685.829776395744,2686.7981893300152,-27.7,0.3354,139.0,0.3290330004728682,long_nclose,45.73558706572868,0.017028475694056706,28.0
1709611440000.0,618002,1709611440000.0,0.26318258685426443,-0.0018820600000000003,2686.0910769225984,2687.1104472700154,-27.8,0.3385,111.2,0.3290330004728682,long_nclose,36.588469652582944,0.013621455343391271,2.0
1709611500000.0,618003,1709611500000.0,0.21016738950232627,-0.0015029400000000001,2686.2997413721005,2687.160104330015,-22.2,0.3385,89.0,0.3290330004728682,long_nclose,29.28393704208527,0.010901217236140485,1.0
1709611860000.0,618009,1709611860000.0,0.2812073895023258,-0.001517148,2686.579431613603,2687.4189071820156,-22.2,0.3417,66.8,0.3290330004728682,long_nclose,21.979404431587596,0.008181185403621739,6.0
1709612100000.0,618013,1709612100000.0,0.21153889210310095,-0.0011412780000000001,2686.789829227706,2687.4344659040153,-16.7,0.3417,50.1,0.3290330004728682,long_nclose,16.484553323690697,0.006135408562428955,4.0
1709612220000.0,618015,1709612220000.0,0.15833749408914743,-0.0008542500000000001,2686.947312471795,2687.397271654015,-12.5,0.3417,37.6,0.3290330004728682,long_nclose,12.371640817779845,0.004604348124116673,2.0
1709612520000.0,618020,1709612520000.0,0.11906979555503888,-0.000642396,2687.06573987135,2687.4398692580153,-9.4,0.3417,28.2,0.3290330004728682,long_nclose,9.278730613334883,0.0034531088970600043,5.0
1709612640000.0,618022,1709612640000.0,0.08866899668992256,-0.00047838000000000004,2687.1539304880403,2687.4500308780152,-7.0,0.3417,21.2,0.3290330004728682,long_nclose,6.975499610024806,0.0025958690087984344,2.0
1709612880000.0,618026,1709612880000.0,0.1103689966899225,-0.00048271999999999996,2687.26381676473,2687.4933881580155,-7.0,0.3448,14.2,0.3290330004728682,long_nclose,4.672268606714728,0.0017386713494843239,4.0
1709613060000.0,618029,1709613060000.0,0.13466569664263553,-0.00049416,2687.3979883013726,2687.534073998015,-7.1,0.348,7.1,0.3290330004728682,long_nclose,2.336134303357364,0.0008692922721260083,3.0
1709613420000.0,618035,1709613420000.0,0.06638449834496118,-0.0002436,2687.4641291997177,2687.5316903980156,-3.5,0.348,3.6,0.3290330004728682,long_nclose,1.1845188017023256,0.00044075706493431623,6.0
1709613660000.0,618039,1709613660000.0,0.03414059914883718,-0.00012528,2687.498144518867,2687.530305118016,-1.8,0.348,1.8,0.3290330004728682,long_nclose,0.5922594008511628,0.00022037574316435216,4.0
1709613900000.0,618043,1709613900000.0,0.009460199716279072,-4.1376e-05,2687.507563342583,2687.525763742016,-0.6,0.3448,1.2,0.3290330004728682,long_nclose,0.39483960056744183,0.0001469166472135843,4.0
1709613960000.0,618044,1709613960000.0,0.006306799810852715,-2.7584000000000006e-05,2687.513842558394,2687.525656158016,-0.4,0.3448,0.8,0.3290330004728682,long_nclose,0.2632264003782946,9.79442026344001e-05,1.0
1709614380000.0,618051,1709614380000.0,0.0009466999527131814,-6.770000000000001e-06,2687.514782488347,2687.522599388016,-0.1,0.3385,0.7,0.3290330004728682,long_nclose,0.23032310033100772,8.570114733201711e-05,7.0
1709614440000.0,618052,1709614440000.0,0.0012666999527131797,-6.834e-06,2687.5160423542998,2687.5235825540162,-0.1,0.3417,0.6,0.3290330004728682,long_nclose,0.19741980028372091,7.345809184855266e-05,1.0
1709614500000.0,618053,1709614500000.0,0.0012666999527131797,-6.834e-06,2687.5173022202525,2687.522985720016,-0.1,0.3417,0.5,0.3290330004728682,long_nclose,0.1645165002364341,6.121504784379295e-05,1.0
1709614680000.0,618056,1709614680000.0,0.0012666999527131797,-6.834e-06,2687.5185620862053,2687.5236688860164,-0.1,0.3417,0.4,0.3290330004728682,long_nclose,0.1316132001891473,4.897201531772179e-05,3.0
1709614800000.0,618058,1709614800000.0,0.0012666999527131797,-6.834e-06,2687.519821952158,2687.523442052016,-0.1,0.3417,0.3,0.3290330004728682,long_nclose,0.09870990014186046,3.672899427032306e-05,2.0
1709615040000.0,618062,1709615040000.0,0.0006366999527131767,-6.708e-06,2687.520451944111,2687.521645344016,-0.1,0.3354,0.2,0.3290330004728682,long_nclose,0.06580660009457365,2.4485990440359316e-05,4.0
1709615100000.0,618063,1709615100000.0,0.0006366999527131767,-6.708e-06,2687.5210819360636,2687.5215286360162,-0.1,0.3354,0.1,0.3290330004728682,long_nclose,0.032903300047286824,1.2242992350252975e-05,1.0
1709615220000.0,618065,1709615220000.0,0.0006366999527131767,-6.708e-06,2687.5217119280164,2687.5217119280164,-0.1,0.3354,0.0,0.3290330004728682,long_nclose,0.0,0.0,2.0
1709647260000.0,618599,1709647260000.0,0.0,-0.026874431999999997,2687.4948374960163,2687.382517496016,374.4,0.3589,374.4,0.3589,long_ientry_normal,134.37215999999998,0.04999903930055425,534.0
1709651940000.0,618677,1709651940000.0,0.18690000000000015,-0.0038704319999999996,2687.6778670640165,2689.2828670640165,-53.4,0.3624,321.0,0.3589,long_nclose,115.2069,0.04286484679276333,78.0
1709654760000.0,618724,1709654760000.0,0.0,-0.026879256,2687.6509878080165,2684.3703678080165,385.2,0.3489,706.2,0.3534454545454545,long_rentry,249.60317999999998,0.09287038426204673,47.0
1709654880000.0,618726,1709654880000.0,0.0,-0.026876502,2687.6241113060164,2683.5810213060163,391.9,0.3429,1098.1,0.3496818960021856,long_rentry,383.98569,0.14287179832354127,2.0
1709658600000.0,618788,1709658600000.0,0.0,-0.036826135999999995,2687.5872851700165,2677.7169151700164,543.8,0.3386,1641.9,0.3460115536878007,long_rentry,568.11637,0.21138527226067785,62.0
1709661180000.0,618831,1709661180000.0,0.7711406602107411,-0.01638217,2688.3420436602273,2693.1109430000165,-234.5,0.3493,1407.4,0.3460115536878007,long_nclose,486.9766606602107,0.18114386218398867,43.0
1709661660000.0,618839,1709661660000.0,0.6609777087520639,-0.01404186,2688.9889795089794,2692.2323211400167,-201.0,0.3493,1206.4,0.3460115536878007,long_nclose,417.4283383689628,0.1552361655439685,8.0
1709661840000.0,618842,1709661840000.0,0.5665992995919433,-0.012036878,2689.5435419305713,2693.3577642620166,-172.3,0.3493,1034.1,0.3460115536878007,long_nclose,357.81054766855465,0.13303764824410166,3.0
1709662920000.0,618860,1709662920000.0,0.4857035203118399,-0.010318322,2690.018927128883,2692.9338059400166,-147.7,0.3493,886.4,0.3460115536878007,long_nclose,306.7046411888665,0.1140157930101329,18.0
1709662980000.0,618861,1709662980000.0,0.4163173031244342,-0.008844276,2690.4264001560073,2693.5328016640165,-126.6,0.3493,759.8,0.3460115536878007,long_nclose,262.89957849199095,0.09771669593962742,1.0
1709663460000.0,618869,1709663460000.0,0.3567964248736265,-0.007579810000000001,2690.775616770881,2693.047641854016,-108.5,0.3493,651.3,0.3460115536878007,long_nclose,225.35732491686457,0.08375180877672332,8.0
1709667360000.0,618934,1709667360000.0,0.0,-0.026911012,2690.748705758881,2682.3095208420164,400.7,0.3358,1052.0,0.3421220388943579,long_rentry,359.9123849168645,0.13375919651900647,65.0
1709667480000.0,618936,1709667480000.0,0.0,-0.034531879999999994,2690.714173878881,2681.4794889620166,521.0,0.3314,1573.0,0.3385707469274409,long_rentry,532.5717849168645,0.19792952744182393,2.0
1709667540000.0,618937,1709667540000.0,0.0,-0.05096218,2690.663211698881,2674.2661267820163,779.0,0.3271,2352.0,0.33477154970955125,long_rentry,787.3826849168645,0.2926351694605852,1.0
1709667540000.0,618937,1709667540000.0,0.0,-0.075089454,2690.5881222448807,2680.5979873280157,1164.9,0.3223,3516.9,0.3306406081824518,long_rentry,1162.8299549168646,0.43218430398282676,0.0
1709667900000.0,618943,1709667900000.0,1.5872784491362193,-0.033540223999999993,2692.141860470017,2693.8281471040164,-502.4,0.3338,3014.5,0.3306406081824518,long_nclose,996.7161133660009,0.3702316464081078,6.0
1709668380000.0,618951,1709668380000.0,0.0,-0.09474578000000002,2692.047114690017,2672.5663513240165,1493.0,0.3173,4507.5,0.326221855433389,long_rentry,1470.445013366001,0.5462181569341958,8.0
1709668440000.0,618952,1709668440000.0,0.0,-0.13881063200000002,2691.908304058017,2607.3432706920157,2232.4,0.3109,6739.9,0.3211469270116769,long_rentry,2164.498173366001,0.8040757443717708,1.0
1709668500000.0,618953,1709668500000.0,0.0,-0.105481896,2691.802822162017,2593.4155487960165,1741.2,0.3029,8481.1,0.3174007679859925,long_rentry,2691.907653366001,1.000038944607354,1.0
1709673900000.0,619043,1709673900000.0,3.754719584970116,-0.07765715000000001,2695.479884596987,2720.190941646016,-1211.5,0.3205,7269.6,0.3174007679859925,long_nclose,2307.376622950971,0.8560170068922466,90.0
1709679240000.0,619132,1709679240000.0,3.2185524465468145,-0.06656785,2698.631869193534,2720.4359337960163,-1038.5,0.3205,6231.1,0.3174007679859925,long_nclose,1977.7559253975178,0.7328735526971136,89.0
1709682360000.0,619184,1709682360000.0,6.334052446546817,-0.06719095,2704.8987306900804,2742.8007228460156,-1038.5,0.3235,5192.6,0.3174007679859925,long_nclose,1648.1352278440647,0.6093149474115759,52.0
1709683560000.0,619204,1709683560000.0,5.2782753849221145,-0.05599138000000001,2710.1210146950025,2735.648171466016,-865.4,0.3235,4327.2,0.3174007679859925,long_nclose,1373.4566032289865,0.506787924148677,20.0
1709683620000.0,619205,1709683620000.0,4.398766128502229,-0.04666164000000001,2714.473119183505,2736.466949826016,-721.2,0.3235,3606.0,0.3174007679859925,long_nclose,1144.5471693574889,0.4216461608217218,1.0
1709684460000.0,619219,1709684460000.0,3.665638440418524,-0.03888470000000001,2718.0998729239236,2740.0340651260162,-601.0,0.3235,3005.0,0.3174007679859925,long_nclose,953.7893077979074,0.3509029661856737,14.0
1709684640000.0,619222,1709684640000.0,3.0544953926149696,-0.03240176,2721.1219665565386,2736.3956633660164,-500.8,0.3235,2504.2,0.3174007679859925,long_nclose,794.8350031905223,0.2920982642304532,3.0
1709684700000.0,619223,1709684700000.0,2.5452095194453412,-0.026999310000000006,2723.640176765984,2738.246874056016,-417.3,0.3235,2086.9,0.3174007679859925,long_nclose,662.3836627099678,0.24319793354512553,1.0
1709685420000.0,619235,1709685420000.0,3.838839519445338,-0.027258036,2727.451758249429,2743.144716020016,-417.3,0.3266,1669.6,0.3174007679859925,long_nclose,529.932322229413,0.1942957636653275,12.0
1709686260000.0,619249,1709686260000.0,5.091959442646739,-0.027515008,2732.516202684076,2749.670381012016,-417.4,0.3296,1252.2,0.3174007679859925,long_nclose,397.4492416720598,0.14545174198112945,14.0
1709686920000.0,619260,1709686920000.0,3.818359620384354,-0.020632960000000002,2736.31392934446,2747.677528052016,-313.0,0.3296,939.2,0.3174007679859925,long_nclose,298.10280129244416,0.10894320205571616,11.0
1709687040000.0,619262,1709687040000.0,2.864379676888966,-0.015478016000000002,2739.162831005349,2748.6716900360157,-234.8,0.3296,704.4,0.3174007679859925,long_nclose,223.5771009693331,0.08162242070409303,2.0
1709687640000.0,619272,1709687640000.0,1.2952518675722589,-0.009197056,2740.448885816921,2746.2535329800157,-140.8,0.3266,563.6,0.3174007679859925,long_nclose,178.88707283690536,0.06527655880127083,10.0
1709688780000.0,619291,1709688780000.0,1.0367534479786473,-0.007361564,2741.4782777009,2745.581121416016,-112.7,0.3266,450.9,0.3174007679859925,long_nclose,143.116006284884,0.05220395413999272,19.0
1709689680000.0,619306,1709689680000.0,0.8288508044620774,-0.005885332,2742.301243173362,2745.7646460840156,-90.1,0.3266,360.8,0.3174007679859925,long_nclose,114.51819708934609,0.041759889572462454,15.0
1709689800000.0,619308,1709689800000.0,0.663264628209942,-0.004709572,2742.959798229572,2745.5290065120157,-72.1,0.3266,288.7,0.3174007679859925,long_nclose,91.63360171755603,0.033406833660741375,2.0
1709689860000.0,619309,1709689860000.0,0.0,-0.008588216,2742.9512100135717,2745.688538296016,131.6,0.3263,420.3,0.32018720370581966,long_ientry_partial,134.57468171755602,0.049062003445876155,1.0
1709689860000.0,619309,1709689860000.0,0.3700183461742059,-0.0037689640000000005,2743.317459395746,2745.678999332016,-57.7,0.3266,362.6,0.32018720370581966,long_nclose,116.09988006373021,0.04232097880837416,0.0
1709690220000.0,619315,1709690220000.0,0.36921289616849146,-0.003941704,2743.682730587914,2745.3486976280155,-60.4,0.3263,302.2,0.32018720370581966,long_nclose,96.7605729598987,0.03526667711290544,6.0
1709690280000.0,619316,1709690280000.0,0.0,-0.00775166,2743.6749789279143,2745.1303459680157,119.0,0.3257,421.2,0.32174471263033877,long_ientry_partial,135.5188729598987,0.04939319489397116,1.0
1709690580000.0,619321,1709690580000.0,0.18362277091663862,-0.003904096,2743.854697602831,2744.705191872016,-60.1,0.3248,361.1,0.32174471263033877,long_nclose,116.18201573081534,0.04234262690087699,5.0
1709690820000.0,619325,1709690820000.0,0.15734729953755222,-0.0033454400000000003,2744.0086994623684,2745.0165364320155,-51.5,0.3248,309.6,0.32174471263033877,long_nclose,99.61216303035289,0.03630169359516602,4.0
1709690880000.0,619326,1709690880000.0,0.0,-0.007319,2744.0013804623686,2744.755897432016,112.6,0.325,422.2,0.3226128920662077,long_ientry_partial,136.2071630303529,0.04963815397476286,1.0
1709691000000.0,619328,1709691000000.0,0.1861526084076756,-0.003927941999999999,2744.1836051287764,2745.554159490016,-60.3,0.3257,361.9,0.3226128920662077,long_nclose,116.75360563876056,0.04254584329581754,2.0
1709691120000.0,619330,1709691120000.0,0.15960348017706188,-0.003367738,2744.339840870953,2745.3284817520157,-51.7,0.3257,310.2,0.3226128920662077,long_nclose,100.07451911893762,0.03646578956022357,2.0
1709691360000.0,619334,1709691360000.0,0.0,-0.0072327599999999995,2744.332608110953,2744.9000489920154,111.0,0.3258,421.2,0.3234527994276772,long_ientry_partial,136.23831911893762,0.04964351577366439,4.0
1709700720000.0,619490,1709700720000.0,0.1891467543966013,-0.003925732,2744.5178291333496,2745.5459532600153,-60.1,0.3266,361.1,0.3234527994276772,long_nclose,116.79880587333425,0.042557131396088035,156.0
1709700780000.0,619491,1709700780000.0,0.16208082947462507,-0.0033639800000000004,2744.6765459828243,2745.7747592800156,-51.5,0.3266,309.6,0.3234527994276772,long_nclose,100.14098670280886,0.03648553300365307,1.0
1709700960000.0,619494,1709700960000.0,0.3223555495318569,-0.0034025039999999998,2744.9954990283563,2746.555676776016,-51.6,0.3297,258.0,0.3234527994276772,long_nclose,83.45082225234071,0.030401077991523022,3.0
1709701020000.0,619495,1709701020000.0,0.26862962460988077,-0.00283542,2745.261293232966,2746.6259413560156,-43.0,0.3297,215.0,0.3234527994276772,long_nclose,69.54235187695059,0.025331778817692725,1.0
1709701200000.0,619498,1709701200000.0,0.22364978048915654,-0.0023606519999999995,2745.4825823614556,2746.7633607040157,-35.8,0.3297,179.2,0.3234527994276772,long_nclose,57.96274165743975,0.02111204129642833,3.0
1709701620000.0,619505,1709701620000.0,0.3346297804891562,-0.0023828479999999995,2745.814829293945,2747.183897856016,-35.8,0.3328,143.4,0.3234527994276772,long_nclose,46.38313143792891,0.0168923013100107,7.0
1709701860000.0,619509,1709701860000.0,0.4456097804891559,-0.0024050439999999994,2746.258034030434,2747.5973528120157,-35.8,0.3359,107.6,0.3234527994276772,long_nclose,34.80352121841806,0.012673070333212678,4.0
1709701920000.0,619510,1709701920000.0,0.3348296953954831,-0.0018071419999999996,2746.5910565838294,2747.6762456700158,-26.9,0.3359,80.7,0.3234527994276772,long_nclose,26.10264091381355,0.009503650298155284,1.0
1709702040000.0,619512,1709702040000.0,0.41821969539548437,-0.00182382,2747.007452459225,2747.843891850016,-26.9,0.339,53.8,0.3234527994276772,long_nclose,17.40176060920903,0.006334806479549342,2.0
1709702100000.0,619513,1709702100000.0,0.2782948902445788,-0.00121362,2747.28453372947,2747.817548230016,-17.9,0.339,35.9,0.3234527994276772,long_nclose,11.611955499453611,0.004226702897675564,1.0
1709702280000.0,619516,1709702280000.0,0.18501168681064178,-0.0008068200000000001,2747.4687385962807,2747.8514714100165,-11.9,0.339,24.0,0.3234527994276772,long_nclose,7.762867186264252,0.0028254615156168826,3.0
1709703300000.0,619533,1709703300000.0,0.12437760457858271,-0.0005424000000000001,2747.592573800859,2747.8461290100163,-8.0,0.339,16.0,0.3234527994276772,long_nclose,5.175244790842835,0.0018835561138832544,17.0
1709704140000.0,619547,1709704140000.0,0.14917760457858265,-0.0005473600000000001,2747.741204045438,2747.8871816500164,-8.0,0.3421,8.0,0.3234527994276772,long_nclose,2.5876223954214175,0.0009417271144792381,14.0
1709704560000.0,619554,1709704560000.0,0.07458880228929132,-0.00027368000000000005,2747.815519167727,2747.888907970016,-4.0,0.3421,4.0,0.3234527994276772,long_nclose,1.2938111977107087,0.00047085082265733226,7.0
1709704620000.0,619555,1709704620000.0,0.03729440114464566,-0.00013684000000000002,2747.8526767288718,2747.8895711300165,-2.0,0.3421,2.0,0.3234527994276772,long_nclose,0.6469055988553544,0.00023542222781224598,1.0
1709704680000.0,619556,1709704680000.0,0.01864720057232283,-6.842000000000001e-05,2747.871255509444,2747.8901027100164,-1.0,0.3421,1.0,0.3234527994276772,long_nclose,0.3234527994276772,0.00011771031804316115,1.0
1709704800000.0,619558,1709704800000.0,0.009323600286161415,-3.4210000000000006e-05,2747.88054489973,2747.8899185000164,-0.5,0.3421,0.5,0.3234527994276772,long_nclose,0.1617263997138386,5.885496005785796e-05,2.0
1709705340000.0,619567,1709705340000.0,0.0037294401144645664,-1.3684000000000003e-05,2747.8842606558446,2747.8897648160164,-0.2,0.3421,0.3,0.3234527994276772,long_nclose,0.09703583982830315,3.531292828364734e-05,9.0
1709705640000.0,619572,1709705640000.0,0.0018647200572322832,-6.842000000000002e-06,2747.886118533902,2747.8897879740166,-0.1,0.3421,0.2,0.3234527994276772,long_nclose,0.06469055988553545,2.354193627210804e-05,5.0
1709705820000.0,619575,1709705820000.0,0.0018647200572322832,-6.842000000000002e-06,2747.8879764119592,2747.8898511320167,-0.1,0.3421,0.1,0.3234527994276772,long_nclose,0.03234527994276772,1.1770960177569687e-05,3.0
1709706720000.0,619590,1709706720000.0,0.0018647200572322832,-6.842000000000002e-06,2747.8898342900166,2747.8898342900166,-0.1,0.3421,0.0,0.3234527994276772,long_nclose,0.0,0.0,15.0
1709729040000.0,619962,1709729040000.0,0.0,-0.027480080000000004,2747.8623542100167,2747.4583542100168,404.0,0.3401,404.0,0.3401,long_ientry_normal,137.40040000000002,0.05000265016531415,372.0
1709729580000.0,619971,1709729580000.0,0.19040999999999825,-0.003962836,2748.048801374017,2749.087701374017,-57.7,0.3434,346.3,0.3401,long_nclose,117.77663000000001,0.04285827454778533,9.0
1709729640000.0,619972,1709729640000.0,0.1630199999999985,-0.0033927920000000004,2748.208428582017,2748.742848582017,-49.4,0.3434,296.9,0.3401,long_nclose,100.97569,0.03674236966520769,1.0
1709729760000.0,619974,1709729760000.0,0.1399199999999987,-0.0029120319999999997,2748.345436550017,2749.337986550017,-42.4,0.3434,254.5,0.3401,long_nclose,86.55545000000001,0.03149365754715775,2.0
1709729880000.0,619976,1709729880000.0,0.0,-0.010168990000000001,2748.335267560017,2748.4160675600174,149.5,0.3401,404.0,0.3401,long_ientry_partial,137.40040000000002,0.049994046076476194,2.0
1709730000000.0,619978,1709730000000.0,0.19040999999999825,-0.003962836,2748.5217147240173,2749.664504724017,-57.7,0.3434,346.3,0.3401,long_nclose,117.77663000000001,0.04285090031090626,2.0
1709730060000.0,619979,1709730060000.0,0.1630199999999985,-0.0033927920000000004,2748.6813419320174,2749.8392519320173,-49.4,0.3434,296.9,0.3401,long_nclose,100.97569,0.036736048104079363,1.0
1709730420000.0,619985,1709730420000.0,0.0,-0.007291744,2748.674050188017,2747.987080188017,107.2,0.3401,404.1,0.34009999999999996,long_ientry_partial,137.43440999999999,0.0500002573934145,6.0
1709733780000.0,620041,1709733780000.0,0.19041000000000147,-0.003962836,2748.8604973520173,2750.1421773520174,-57.7,0.3434,346.4,0.34009999999999996,long_nclose,117.81063999999998,0.04285799156177158,56.0
1709734500000.0,620053,1709734500000.0,0.37505000000000355,-0.003999764,2749.2315475880173,2750.963747588017,-57.7,0.3466,288.7,0.34009999999999996,long_nclose,98.18686999999998,0.03571429626803979,12.0
1709734800000.0,620058,1709734800000.0,0.312650000000003,-0.003334292,2749.540863296017,2751.152883296017,-48.1,0.3466,240.6,0.34009999999999996,long_nclose,81.82806,0.029760626980429184,5.0
1709735100000.0,620063,1709735100000.0,0.2606500000000025,-0.0027797320000000005,2749.7987335640173,2751.0618835640175,-40.1,0.3466,200.5,0.34009999999999996,long_nclose,68.19004999999999,0.024798196743519036,5.0
1709735160000.0,620064,1709735160000.0,0.21710000000000204,-0.002315288,2750.0135182760173,2751.016118276017,-33.4,0.3466,167.1,0.34009999999999996,long_nclose,56.83070999999999,0.020665611140568918,1.0
1709735400000.0,620068,1709735400000.0,0.18070000000000172,-0.0019270960000000003,2750.192291180017,2751.069881180017,-27.8,0.3466,139.3,0.34009999999999996,long_nclose,47.37593,0.01722640636872433,4.0
1709735460000.0,620069,1709735460000.0,0.1508000000000014,-0.001608224,2750.341482956017,2751.154182956017,-23.2,0.3466,116.1,0.34009999999999996,long_nclose,39.485609999999994,0.0143566208940577,1.0
1709735580000.0,620071,1709735580000.0,0.1254500000000012,-0.0013378760000000002,2750.465595080017,2751.133515080017,-19.3,0.3466,96.8,0.34009999999999996,long_nclose,32.921679999999995,0.011969493477355143,2.0
1709735700000.0,620073,1709735700000.0,0.10465000000000099,-0.0011160520000000002,2750.5691290280174,2751.1098190280172,-16.1,0.3466,80.7,0.34009999999999996,long_nclose,27.44607,0.009978324016782213,2.0
1709736300000.0,620083,1709736300000.0,0.0,-0.022009920000000002,2750.5471191080173,2750.539009108017,323.2,0.3405,403.9,0.3404200792275316,long_ientry_partial,137.49567,0.04998848012630623,10.0
1709736660000.0,620089,1709736660000.0,0.18925142857142752,-0.003966298000000001,2750.732404238589,2751.7294328100174,-57.7,0.3437,346.2,0.3404200792275316,long_nclose,117.85343142857143,0.042844382553159914,6.0
1709736720000.0,620090,1709736720000.0,0.16202808615993966,-0.003395756,2750.891036568749,2751.5380370540174,-49.4,0.3437,296.8,0.3404200792275316,long_nclose,101.03667951473138,0.03672871014213518,1.0
1709737320000.0,620100,1709737320000.0,0.0,-0.007293510000000001,2750.8837430587487,2750.988243544017,107.1,0.3405,403.9,0.34044127139076846,long_ientry_partial,137.50422951473138,0.049985474617636284,10.0
1709738820000.0,620125,1709738820000.0,0.18802864075266001,-0.003966298000000001,2751.0678054015016,2752.0574972460176,-57.7,0.3437,346.2,0.34044127139076846,long_nclose,117.86076815548404,0.0428418259717459,25.0
1709738880000.0,620126,1709738880000.0,0.1609811932960382,-0.003395756,2751.2253908387975,2752.014501490017,-49.4,0.3437,296.8,0.34044127139076846,long_nclose,101.04296934878009,0.03672653272437776,1.0
1709739000000.0,620128,1709739000000.0,0.1381700930314174,-0.002914576,2751.360646355829,2752.5458269140177,-42.4,0.3437,254.4,0.34044127139076846,long_nclose,86.6082594418115,0.0314783376568695,2.0
1709739240000.0,620132,1709739240000.0,0.27809009303141613,-0.00294256,2751.6357938888605,2753.0898443540177,-42.4,0.347,212.0,0.34044127139076846,long_nclose,72.17354953484292,0.02622932500555996,4.0
1709739900000.0,620143,1709739900000.0,0.09841360399879258,-0.002075948,2751.7321315448594,2752.4336484060177,-30.2,0.3437,181.8,0.34044127139076846,long_nclose,61.89222313884171,0.022492095952702556,11.0
1709740200000.0,620148,1709740200000.0,0.08440107097909695,-0.0017803660000000002,2751.814752249839,2752.2448380400183,-25.9,0.3437,155.9,0.34044127139076846,long_nclose,53.07479420982081,0.019287197354555835,5.0
1709740260000.0,620149,1709740260000.0,0.07234377512494024,-0.001526028,2751.8855699969636,2752.3881120120177,-22.2,0.3437,133.7,0.34044127139076846,long_nclose,45.51699798494574,0.016540294582450956,1.0
1709740800000.0,620158,1709740800000.0,0.14560377512493958,-0.00154068,2752.0296330920887,2752.649431332018,-22.2,0.347,111.5,0.34044127139076846,long_nclose,37.959201760070684,0.0137931660704616,9.0
1709741100000.0,620163,1709741100000.0,0.05181378488678153,-0.0010929660000000001,2752.080353910975,2752.449248366018,-15.9,0.3437,95.6,0.34044127139076846,long_nclose,32.54618554495746,0.011826030260601274,5.0
1709742000000.0,620178,1709742000000.0,0.10428378488678104,-0.00110346,2752.1835342358618,2752.7381449060176,-15.9,0.347,79.7,0.34044127139076846,long_nclose,27.133169329844247,0.009858779035743965,15.0
1709742180000.0,620181,1709742180000.0,0.08657521764185595,-0.0009160799999999999,2752.2691933735036,2752.7319488260177,-13.2,0.347,66.5,0.34044127139076846,long_nclose,22.639344547486104,0.008225701396503542,3.0
1709742540000.0,620187,1709742540000.0,0.07214601470154663,-0.0007634,2752.3405759882053,2752.7489854260175,-11.0,0.347,55.5,0.34044127139076846,long_nclose,18.89449056218765,0.006864881013282208,6.0
1709743500000.0,620203,1709743500000.0,0.06034030320492991,-0.00063848,2752.4002778114104,2752.694686946018,-9.2,0.347,46.3,0.34044127139076846,long_nclose,15.762430865392579,0.005726794533651981,16.0
1709744040000.0,620212,1709744040000.0,0.05050221029108264,-0.00053438,2752.4502456417017,2752.707272566018,-7.7,0.347,38.6,0.34044127139076846,long_nclose,13.141033075683664,0.004774303585138915,9.0
1709745060000.0,620229,1709745060000.0,0.07591221029108285,-0.000539462,2752.525618389993,2752.802443104018,-7.7,0.3503,30.9,0.34044127139076846,long_nclose,10.519635285974745,0.003821811944525294,17.0
1709745300000.0,620233,1709745300000.0,0.060138244516312375,-0.000427366,2752.5853292685088,2752.837265738018,-6.1,0.3503,24.8,0.34044127139076846,long_nclose,8.442943530491059,0.0030672776755424854,4.0
1709745480000.0,620236,1709745480000.0,0.048307770185234536,-0.00034329400000000006,2752.633293744694,2752.8334624440176,-4.9,0.3503,19.9,0.34044127139076846,long_nclose,6.774781300676292,0.002461200086503295,3.0
1709746080000.0,620246,1709746080000.0,0.06398777018523444,-0.00034643000000000006,2752.6969350848794,2752.919816014018,-4.9,0.3535,15.0,0.34044127139076846,long_nclose,5.106619070861527,0.0018551330536153135,10.0
1709746380000.0,620251,1709746380000.0,0.08179364304615772,-0.0003568,2752.7783719279255,2752.939959214018,-5.0,0.3568,10.0,0.34044127139076846,long_nclose,3.4044127139076847,0.001236718781513596,5.0
1709746440000.0,620252,1709746440000.0,0.05398380441046409,-0.00023548800000000003,2752.8321202443362,2752.9350237260182,-3.3,0.3568,6.7,0.34044127139076846,long_nclose,2.2809565183181486,0.0008285854053881409,1.0
1709746860000.0,620259,1709746860000.0,0.02089396577477043,-0.00011312,2752.8529010901107,2752.920520606018,-1.6,0.3535,5.1,0.34044127139076846,long_nclose,1.736250484092919,0.0006307095026419231,7.0
1709746980000.0,620261,1709746980000.0,0.01567047433107782,-8.484e-05,2752.868486724442,2752.920975766018,-1.2,0.3535,3.9,0.34044127139076846,long_nclose,1.327720958423997,0.0004823045360963878,2.0
1709747160000.0,620264,1709747160000.0,0.011752855748308366,-6.363e-05,2752.8801759501903,2752.919652136018,-0.9,0.3535,3.0,0.34044127139076846,long_nclose,1.0213238141723053,0.00037100191395718227,3.0
1709748240000.0,620282,1709748240000.0,0.009141110026462063,-4.9489999999999995e-05,2752.889267570217,2752.920912646018,-0.7,0.3535,2.3,0.34044127139076846,long_nclose,0.7830149241987674,0.0002844338613335799,18.0
1709748420000.0,620285,1709748420000.0,0.006529364304615759,-3.535e-05,2752.8957615845216,2752.919267296018,-0.5,0.3535,1.8,0.34044127139076846,long_nclose,0.6127942885033832,0.00022259988810861074,3.0
1709748480000.0,620286,1709748480000.0,0.005223491443692607,-2.828e-05,2752.900956795965,2752.919939016018,-0.4,0.3535,1.4,0.34044127139076846,long_nclose,0.4766177799470758,0.00017313291957361216,1.0
1709750220000.0,620315,1709750220000.0,0.0019717457218463076,-1.4012e-05,2752.9029145296868,2752.915225004018,-0.2,0.3503,1.2,0.34044127139076846,long_nclose,0.40852952566892214,0.00014839953981403534,29.0
1709750340000.0,620317,1709750340000.0,0.0019717457218463076,-1.4012e-05,2752.9048722634084,2752.9148309920174,-0.2,0.3503,1.0,0.34044127139076846,long_nclose,0.34044127139076846,0.00012366619523284194,2.0
1709750460000.0,620319,1709750460000.0,0.0019717457218463076,-1.4012e-05,2752.90682999713,2752.9144769800173,-0.2,0.3503,0.8,0.34044127139076846,long_nclose,0.2723530171126148,9.893288582995696e-05,2.0
1709750940000.0,620327,1709750940000.0,0.0006558728609231513,-6.9400000000000005e-06,2752.907478929991,2752.9127000400176,-0.1,0.347,0.7,0.34044127139076846,long_nclose,0.2383088899735379,8.656625469525935e-05,8.0
1709751540000.0,620337,1709751540000.0,0.0009858728609231538,-7.006e-06,2752.908457796852,2752.9143130340176,-0.1,0.3503,0.6,0.34044127139076846,long_nclose,0.20426476283446107,7.419962049807272e-05,10.0
1709751900000.0,620343,1709751900000.0,0.0006558728609231513,-6.9400000000000005e-06,2752.909106729713,2752.9132860940176,-0.1,0.347,0.5,0.34044127139076846,long_nclose,0.17022063569538423,6.183300250606381e-05,6.0
1709753040000.0,620362,1709753040000.0,0.0009858728609231538,-7.006e-06,2752.910085596574,2752.913989088018,-0.1,0.3503,0.4,0.34044127139076846,long_nclose,0.1361765085563074,4.946638441581976e-05,19.0
1709753100000.0,620363,1709753100000.0,0.0009858728609231538,-7.006e-06,2752.9110644634347,2752.9139620820174,-0.1,0.3503,0.3,0.34044127139076846,long_nclose,0.10213238141723054,3.7099775120100725e-05,1.0
1709753280000.0,620366,1709753280000.0,0.0009858728609231538,-7.006e-06,2752.9120433302955,2752.9143350760173,-0.1,0.3503,0.2,0.34044127139076846,long_nclose,0.0680882542781537,2.4733174618897347e-05,3.0
1709754300000.0,620383,1709754300000.0,0.0009858728609231538,-7.006e-06,2752.9130221971564,2752.914008070017,-0.1,0.3503,0.1,0.34044127139076846,long_nclose,0.03404412713907685,1.236658291220023e-05,17.0
1709755140000.0,620397,1709755140000.0,0.0006558728609231513,-6.9400000000000005e-06,2752.9136711300175,2752.9136711300175,-0.1,0.347,0.0,0.34044127139076846,long_nclose,0.0,0.0,14.0
1709757300000.0,620433,1709757300000.0,0.0,-0.027526248,2752.8861448820176,2752.8861448820176,398.7,0.3452,398.7,0.3452,long_ientry_normal,137.63124,0.04999525325661391,36.0
1709759160000.0,620464,1709759160000.0,0.18776999999999827,-0.0039659299999999995,2753.0699489520175,2754.2320689520175,-56.9,0.3485,341.8,0.3452,long_nclose,117.98936,0.042857378195172185,31.0
1709759280000.0,620466,1709759280000.0,0.16103999999999852,-0.00340136,2753.2275875920172,2754.3409875920174,-48.8,0.3485,293.0,0.3452,long_nclose,101.1436,0.036736374593885485,2.0
1709761080000.0,620496,1709761080000.0,0.3220799999999997,-0.0034335679999999997,2753.546234024017,2755.157954024017,-48.8,0.3518,244.2,0.3452,long_nclose,84.29784,0.030614281670080262,30.0
1709761140000.0,620497,1709761140000.0,0.2686199999999998,-0.0028636520000000004,2753.8119903720167,2755.1957903720167,-40.7,0.3518,203.5,0.3452,long_nclose,70.2482,0.02550943936826641,1.0
1709761800000.0,620508,1709761800000.0,0.2237399999999998,-0.002385204,2754.0333451680167,2755.2035851680166,-33.9,0.3518,169.6,0.3452,long_nclose,58.54592,0.02125824660137812,11.0
1709761980000.0,620511,1709761980000.0,0.18611999999999984,-0.001984152,2754.2174810160163,2755.179001016016,-28.2,0.3518,141.4,0.3452,long_nclose,48.811280000000004,0.017722376804461273,3.0
1709762640000.0,620522,1709762640000.0,0.28200000000000025,-0.0020033280000000004,2754.4974776880167,2755.640797688017,-28.2,0.3552,113.2,0.3452,long_nclose,39.076640000000005,0.014186486034759024,11.0
1709762760000.0,620524,1709762760000.0,0.22600000000000023,-0.0016055040000000002,2754.721872184017,2755.6641121840166,-22.6,0.3552,90.6,0.3452,long_nclose,31.275119999999998,0.01135327682834429,2.0
1709763060000.0,620529,1709763060000.0,0.1810000000000002,-0.0012858240000000003,2754.9015863600166,2755.6410863600167,-18.1,0.3552,72.5,0.3452,long_nclose,25.027,0.009084535042526713,5.0
1709763480000.0,620536,1709763480000.0,0.14500000000000013,-0.00103008,2755.0455562800166,2755.637156280017,-14.5,0.3552,58.0,0.3452,long_nclose,20.0216,0.007267248250890646,7.0
1709763780000.0,620541,1709763780000.0,0.1160000000000001,-0.0008240640000000001,2755.1607322160166,2755.6386522160165,-11.6,0.3552,46.4,0.3452,long_nclose,16.01728,0.0058135555623707895,5.0
1709765220000.0,620565,1709765220000.0,0.05081999999999996,-0.000541772,2755.2110104440167,2755.4973904440167,-7.7,0.3518,38.7,0.3452,long_nclose,13.359240000000002,0.004848717557152579,24.0
1709765760000.0,620574,1709765760000.0,0.07700000000000007,-0.0005470080000000001,2755.287463436017,2755.591263436017,-7.7,0.3552,31.0,0.3452,long_nclose,10.7012,0.003883877868284179,9.0
1709766660000.0,620589,1709766660000.0,0.062000000000000055,-0.0004404480000000001,2755.3490229880167,2755.5945429880167,-6.2,0.3552,24.8,0.3452,long_nclose,8.56096,0.003107032876261946,15.0
1709766720000.0,620590,1709766720000.0,0.04900000000000005,-0.00034809600000000005,2755.3976748920168,2755.5946848920166,-4.9,0.3552,19.9,0.3452,long_nclose,6.869479999999999,0.002493099294739447,1.0
1709766780000.0,620591,1709766780000.0,0.039000000000000035,-0.000277056,2755.436397836017,2755.601197836017,-3.9,0.3552,16.0,0.3452,long_nclose,5.5232,0.0020044737756740264,1.0
1709766960000.0,620594,1709766960000.0,0.03200000000000003,-0.00022732800000000003,2755.468170508017,2755.593610508017,-3.2,0.3552,12.8,0.3452,long_nclose,4.41856,0.0016035605300370296,3.0
1709767020000.0,620595,1709767020000.0,0.025000000000000022,-0.0001776,2755.492992908017,2755.598052908017,-2.5,0.3552,10.3,0.3452,long_nclose,3.5555600000000003,0.0012903534899748122,1.0
1709767980000.0,620611,1709767980000.0,0.033249999999999946,-0.00017925000000000002,2755.526063658017,2755.632923658017,-2.5,0.3585,7.8,0.3452,long_nclose,2.69256,0.000977149167816461,16.0
1709770260000.0,620649,1709770260000.0,0.02526999999999996,-0.00013623,2755.551197428017,2755.632617428017,-1.9,0.3585,5.9,0.3452,long_nclose,2.03668,0.0007391189109100935,38.0
1709770380000.0,620651,1709770380000.0,0.01861999999999997,-0.00010037999999999998,2755.569717048017,2755.631817048017,-1.4,0.3585,4.5,0.3452,long_nclose,1.5534000000000001,0.0005637309738126039,2.0
1709770980000.0,620661,1709770980000.0,0.014629999999999978,-7.887000000000001e-05,2755.5842681780173,2755.628808178017,-1.1,0.3585,3.4,0.3452,long_nclose,1.17368,0.0004259278199378142,10.0
1709771100000.0,620663,1709771100000.0,0.010639999999999983,-5.736e-05,2755.594850818017,2755.6304708180173,-0.8,0.3585,2.6,0.3452,long_nclose,0.8975200000000001,0.0003257082585030833,2.0
1709771820000.0,620675,1709771820000.0,0.007979999999999987,-4.302e-05,2755.6027877980173,2755.6297877980173,-0.6,0.3585,2.0,0.3452,long_nclose,0.6904,0.00025054409258734047,12.0
1709772300000.0,620683,1709772300000.0,0.009960000000000002,-4.3416e-05,2755.612704382017,2755.635804382017,-0.6,0.3618,1.4,0.3452,long_nclose,0.48328,0.00017538023367053026,8.0
1709772360000.0,620684,1709772360000.0,0.006640000000000002,-2.8944000000000006e-05,2755.619315438017,2755.636115438017,-0.4,0.3618,1.0,0.3452,long_nclose,0.3452,0.0001252712949376061,1.0
1709773860000.0,620709,1709773860000.0,0.0026599999999999957,-1.434e-05,2755.6219610980174,2755.6325210980176,-0.2,0.3585,0.8,0.3452,long_nclose,0.27616,0.00010021693973216851,25.0
1709773920000.0,620710,1709773920000.0,0.0026599999999999957,-1.434e-05,2755.6246067580178,2755.632526758018,-0.2,0.3585,0.6,0.3452,long_nclose,0.20712,7.516263263582767e-05,1.0
1709773980000.0,620711,1709773980000.0,0.0013299999999999979,-7.17e-06,2755.6259295880177,2755.6326295880176,-0.1,0.3585,0.5,0.3452,long_nclose,0.1726,6.263549712852525e-05,1.0
1709774100000.0,620713,1709774100000.0,0.0013299999999999979,-7.17e-06,2755.6272524180176,2755.6326924180175,-0.1,0.3585,0.4,0.3452,long_nclose,0.13808,5.010837364844504e-05,2.0
1709774760000.0,620724,1709774760000.0,0.0016600000000000005,-7.2360000000000015e-06,2755.6289051820177,2755.6341851820175,-0.1,0.3618,0.3,0.3452,long_nclose,0.10356,3.7581257695930416e-05,11.0
1709774940000.0,620727,1709774940000.0,0.0016600000000000005,-7.2360000000000015e-06,2755.6305579460177,2755.633937946018,-0.1,0.3618,0.2,0.3452,long_nclose,0.06904,2.5054156770369392e-05,3.0
1709775480000.0,620736,1709775480000.0,0.0013299999999999979,-7.17e-06,2755.6318807760176,2755.633240776018,-0.1,0.3585,0.1,0.3452,long_nclose,0.03452,1.2527072371611107e-05,9.0
1709775600000.0,620738,1709775600000.0,0.0013299999999999979,-7.17e-06,2755.6332036060176,2755.6332036060176,-0.1,0.3585,0.0,0.3452,long_nclose,0.0,0.0,2.0
1709780520000.0,620820,1709780520000.0,0.0,-0.027555180000000002,2755.6056484260175,2755.5666184260176,390.3,0.353,390.3,0.353,long_ientry_normal,137.7759,0.04999840963408412,82.0
1709781420000.0,620835,1709781420000.0,0.1893800000000008,-0.003970296000000001,2755.7910581300175,2756.9956181300176,-55.7,0.3564,334.6,0.353,long_nclose,118.1138,0.042860215999157736,15.0
1709790840000.0,620992,1709790840000.0,0.0,-0.027558960000000004,2755.7634991700174,2752.2635891700174,401.5,0.3432,736.1,0.3476546664855319,long_rentry,255.90860000000004,0.09286304868943751,157.0
1709796960000.0,621094,1709796960000.0,0.3515945523705957,-0.00737802,2756.107715702388,2758.4710211500174,-105.1,0.351,631.0,0.3476546664855319,long_nclose,219.37009455237063,0.07959416582398147,102.0
1709798100000.0,621113,1709798100000.0,0.30141454965357445,-0.00632502,2756.4028052320414,2758.3745661300172,-90.1,0.351,540.9,0.3476546664855319,long_nclose,188.0464091020242,0.06822167237135501,19.0
1709798280000.0,621116,1709798280000.0,0.2582597473169362,-0.00541944,2756.6556455393584,2758.2068766900175,-77.2,0.351,463.7,0.3476546664855319,long_nclose,161.20746884934113,0.0584793639750386,3.0
1709798340000.0,621117,1709798340000.0,0.22146107865778725,-0.00464724,2756.872459378016,2758.2419794500174,-66.2,0.351,397.5,0.3476546664855319,long_nclose,138.19272992799893,0.050126631523308436,1.0
1709798460000.0,621119,1709798460000.0,0.18968041027034044,-0.00398034,2757.0581594482865,2758.300489110017,-56.7,0.351,340.8,0.3476546664855319,long_nclose,118.48071033826928,0.042973598482949085,2.0
1709802360000.0,621184,1709802360000.0,0.37745494362178866,-0.004024848,2757.431589543908,2759.489264262017,-56.8,0.3543,284.0,0.3476546664855319,long_nclose,98.73392528189106,0.035806482255547854,65.0
1709802900000.0,621193,1709802900000.0,0.3143242752343416,-0.003351678,2757.7425621411426,2759.291842584017,-47.3,0.3543,236.7,0.3476546664855319,long_nclose,82.2898595571254,0.029839572658745424,9.0
1709803080000.0,621196,1709803080000.0,0.26182614047004354,-0.002791884,2758.0015963976125,2759.431100700017,-39.4,0.3543,197.3,0.3476546664855319,long_nclose,68.59226569759545,0.02487027773558501,3.0
1709803260000.0,621199,1709803260000.0,0.217966939274554,-0.002324208,2758.217239128887,2759.326846492017,-32.8,0.3543,164.5,0.3476546664855319,long_nclose,57.18919263687,0.020734114712056457,3.0
1709803380000.0,621201,1709803380000.0,0.18208213829642622,-0.001941564,2758.397379703183,2759.4318449280167,-27.4,0.3543,137.1,0.3476546664855319,long_nclose,47.66345477516642,0.017279401121057924,2.0
1709803980000.0,621211,1709803980000.0,0.2752421382964266,-0.001960196,2758.67066164548,2759.783604732017,-27.4,0.3577,109.7,0.3476546664855319,long_nclose,38.13771691346285,0.013824671949320197,10.0
1709804220000.0,621215,1709804220000.0,0.36566213829642574,-0.00197828,2759.0343455037764,2760.124436452017,-27.4,0.361,82.3,0.3476546664855319,long_nclose,28.611979051759274,0.010370287379128283,4.0
1709804280000.0,621216,1709804280000.0,0.2735793370465959,-0.0014801,2759.306444740823,2760.0941063520168,-20.5,0.361,61.8,0.3476546664855319,long_nclose,21.48505838880587,0.00778639807468863,1.0
1709804580000.0,621221,1709804580000.0,0.12355760222795793,-0.0008799420000000002,2759.429122401051,2759.975866410017,-12.3,0.3577,49.5,0.3476546664855319,long_nclose,17.208905991033827,0.0062364008016483905,5.0
1709804880000.0,621226,1709804880000.0,0.16414760222795757,-0.00088806,2759.5923819432787,2760.092548350017,-12.3,0.361,37.2,0.3476546664855319,long_nclose,12.932753593261788,0.0046864724217547905,5.0
1709805240000.0,621232,1709805240000.0,0.12411160168455328,-0.00067146,2759.7158220849633,2760.121636890017,-9.3,0.361,27.9,0.3476546664855319,long_nclose,9.69956519494634,0.0035146970993623267,6.0
1709805900000.0,621243,1709805900000.0,0.09208280124982986,-0.00049818,2759.8074067062134,2760.102358710017,-6.9,0.361,21.0,0.3476546664855319,long_nclose,7.300747996196169,0.002645383144655553,11.0
1709806020000.0,621245,1709806020000.0,0.06939573427523409,-0.00037544,2759.8764270004885,2760.0857032700173,-5.2,0.361,15.8,0.3476546664855319,long_nclose,5.492943730471405,0.001990286114527704,2.0
1709806080000.0,621246,1709806080000.0,0.05204680070642557,-0.00028158,2759.9281922211953,2760.0858116900176,-3.9,0.361,11.9,0.3476546664855319,long_nclose,4.137090531177829,0.0014989848441847654,1.0
1709806140000.0,621247,1709806140000.0,0.038701467191957474,-0.00020938,2759.9666843083874,2760.0939923100177,-2.9,0.361,9.0,0.3476546664855319,long_nclose,3.128891998369787,0.0011336702055712849,1.0
1709806560000.0,621254,1709806560000.0,0.029359733731829808,-0.00015884000000000002,2759.995885202119,2760.0879934700174,-2.2,0.361,6.8,0.3476546664855319,long_nclose,2.364051732101617,0.0008565417596368965,7.0
1709807760000.0,621274,1709807760000.0,0.013058933568808563,-9.300200000000002e-05,2760.008851133688,2760.0674004680177,-1.3,0.3577,5.5,0.3476546664855319,long_nclose,1.9121006656704254,0.0006927878745334531,20.0
1709808300000.0,621283,1709808300000.0,0.011049866865914937,-7.869400000000002e-05,2760.019822306554,2760.0723817740177,-1.1,0.3577,4.4,0.3476546664855319,long_nclose,1.5296805325363405,0.0005542280965424312,9.0
1709809740000.0,621307,1709809740000.0,0.014679866865914904,-7.942000000000001e-05,2760.03442275342,2760.077472354018,-1.1,0.361,3.3,0.3476546664855319,long_nclose,1.1472603994022552,0.00041566887352721644,24.0
1709809980000.0,621311,1709809980000.0,0.010676266811574476,-5.776e-05,2760.0450412602318,2760.079404594018,-0.8,0.361,2.5,0.3476546664855319,long_nclose,0.8691366662138298,0.0003148994502701969,4.0
1709810400000.0,621318,1709810400000.0,0.008007200108680857,-4.332e-05,2760.0530051403407,2760.0787412740183,-0.6,0.361,1.9,0.3476546664855319,long_nclose,0.6605438663225106,0.00023932289165907664,7.0
1709810580000.0,621321,1709810580000.0,0.005338133405787238,-2.888e-05,2760.0583143937465,2760.0772823940183,-0.4,0.361,1.5,0.3476546664855319,long_nclose,0.5214819997282978,0.00018893876155034884,3.0
1709810820000.0,621325,1709810820000.0,0.004003600054340428,-2.166e-05,2760.0622963338005,2760.0784307340177,-0.3,0.361,1.2,0.3476546664855319,long_nclose,0.41718559978263825,0.00015115079117481776,4.0
1709812680000.0,621356,1709812680000.0,0.002009066702893625,-1.4308000000000003e-05,2760.0642910925035,2760.074136426018,-0.2,0.3577,1.0,0.3476546664855319,long_nclose,0.3476546664855319,0.00012595890161236836,31.0
1709812980000.0,621361,1709812980000.0,0.002009066702893625,-1.4308000000000003e-05,2760.0662858512064,2760.074322118018,-0.2,0.3577,0.8,0.3476546664855319,long_nclose,0.27812373318842554,0.00010076704846334948,5.0
1709813040000.0,621362,1709813040000.0,0.0010045333514468126,-7.154000000000001e-06,2760.067283230558,2760.0743149640184,-0.1,0.3577,0.7,0.3476546664855319,long_nclose,0.2433582665398723,8.817113554385178e-05,1.0
1709813160000.0,621364,1709813160000.0,0.0010045333514468126,-7.154000000000001e-06,2760.06828060991,2760.0743078100186,-0.1,0.3577,0.6,0.3476546664855319,long_nclose,0.20859279989131913,7.557523172768213e-05,2.0
1709813220000.0,621365,1709813220000.0,0.0010045333514468126,-7.154000000000001e-06,2760.0692779892615,2760.0740506560187,-0.1,0.3577,0.5,0.3476546664855319,long_nclose,0.17382733324276595,6.297933701483063e-05,1.0
1709813340000.0,621367,1709813340000.0,0.0010045333514468126,-7.154000000000001e-06,2760.0702753686132,2760.074413502019,-0.1,0.3577,0.4,0.3476546664855319,long_nclose,0.13906186659421277,5.038345140528741e-05,2.0
1709813580000.0,621371,1709813580000.0,0.0010045333514468126,-7.154000000000001e-06,2760.071272747965,2760.0743463480194,-0.1,0.3577,0.3,0.3476546664855319,long_nclose,0.10429639994565956,3.77875748990426e-05,4.0
1709813820000.0,621375,1709813820000.0,0.0010045333514468126,-7.154000000000001e-06,2760.0722701273166,2760.0742191940194,-0.1,0.3577,0.2,0.3476546664855319,long_nclose,0.06953093329710638,2.5191707496086347e-05,4.0
1709813940000.0,621377,1709813940000.0,0.0010045333514468126,-7.154000000000001e-06,2760.0732675066683,2760.0742120400196,-0.1,0.3577,0.1,0.3476546664855319,long_nclose,0.03476546664855319,1.2595849196408768e-05,2.0
1709814360000.0,621384,1709814360000.0,0.0010045333514468126,-7.154000000000001e-06,2760.07426488602,2760.07426488602,-0.1,0.3577,0.0,0.3476546664855319,long_nclose,0.0,0.0,7.0
1709817120000.0,621430,1709817120000.0,0.0,-0.027598554000000004,2760.04666633202,2759.81284633202,389.7,0.3541,389.7,0.3541,long_ientry_normal,137.99277,0.04999653508880207,46.0
1709818140000.0,621447,1709818140000.0,0.1890399999999977,-0.0039754,2760.23173093202,2761.3342609320202,-55.6,0.3575,334.1,0.3541,long_nclose,118.30481000000002,0.042860463009043524,17.0
1709818200000.0,621448,1709818200000.0,0.16217999999999805,-0.00341055,2760.39050038202,2761.59338038202,-47.7,0.3575,286.4,0.3541,long_nclose,101.41423999999999,0.03673909180094806,1.0
1709819280000.0,621466,1709819280000.0,0.3243599999999987,-0.0034429860000000007,2760.71141739602,2762.38231739602,-47.7,0.3609,238.7,0.3541,long_nclose,84.52367,0.030616626376589944,18.0
1709820180000.0,621481,1709820180000.0,0.2699599999999989,-0.0028655460000000005,2760.97851185002,2762.37151185002,-39.7,0.3609,199.0,0.3541,long_nclose,70.4659,0.025522074763553178,15.0
1709820540000.0,621487,1709820540000.0,0.22507999999999911,-0.002389158,2761.20120269202,2762.27955269202,-33.1,0.3609,165.9,0.3541,long_nclose,58.74519000000001,0.02127522975968816,6.0
1709820900000.0,621493,1709820900000.0,0.18767999999999926,-0.0019921680000000003,2761.38689052402,2762.41031052402,-27.6,0.3609,138.3,0.3541,long_nclose,48.97203000000001,0.01773457756609641,6.0
1709821080000.0,621496,1709821080000.0,0.15639999999999937,-0.0016601399999999998,2761.54163038402,2762.3602603840204,-23.0,0.3609,115.3,0.3541,long_nclose,40.82773,0.014784397798240867,3.0
1709821320000.0,621500,1709821320000.0,0.13055999999999948,-0.001385856,2761.67080452802,2762.33389452802,-19.2,0.3609,96.1,0.3541,long_nclose,34.02901,0.012321892219813536,4.0
1709821920000.0,621510,1709821920000.0,0.10879999999999956,-0.00115488,2761.7784496480203,2762.3311396480203,-16.0,0.3609,80.1,0.3541,long_nclose,28.363410000000002,0.01026998020192924,10.0
1709822040000.0,621512,1709822040000.0,0.09043999999999965,-0.000959994,2761.8679296540204,2762.3488896540202,-13.3,0.3609,66.8,0.3541,long_nclose,23.65388,0.008564450075990103,2.0
1709822640000.0,621522,1709822640000.0,0.03229999999999961,-0.00067925,2761.8995504040204,2762.08864040402,-9.5,0.3575,57.3,0.3541,long_nclose,20.289930000000002,0.007346367827545329,10.0
1709822700000.0,621523,1709822700000.0,0.0,-0.023550232000000004,2761.87600017202,2761.73885017202,331.6,0.3551,388.9,0.35495266135253284,long_ientry_partial,138.04109000000003,0.049980915142968874,1.0
1709822700000.0,621523,1709822700000.0,0.02063344304448388,-0.00057915,2761.896054465065,2761.7617610220204,-8.1,0.3575,380.8,0.35495266135253284,long_nclose,135.16597344304452,0.048939558469090906,0.0
1709823120000.0,621530,1709823120000.0,0.18753522242221335,-0.003899392,2762.079690295487,2762.8458616300204,-54.4,0.3584,326.4,0.35495266135253284,long_nclose,115.8565486654667,0.04194540406365769,7.0
1709823240000.0,621532,1709823240000.0,0.16064598097196955,-0.0033402880000000003,2762.236995988459,2763.0057013420205,-46.6,0.3584,279.8,0.35495266135253284,long_nclose,99.31575464643869,0.035954827478841586,2.0
1709823300000.0,621533,1709823300000.0,0.13754881203393957,-0.002860032,2762.3716847684927,2763.31865131002,-39.9,0.3584,239.9,0.35495266135253284,long_nclose,85.15314345847263,0.030826099155302156,1.0
1709823540000.0,621537,1709823540000.0,0.11789898174337679,-0.0024514560000000003,2762.4871322942363,2763.2373898540204,-34.2,0.3584,205.7,0.35495266135253284,long_nclose,73.013762440216,0.026430444358152835,4.0
1709823660000.0,621539,1709823660000.0,0.10100702237078772,-0.0021002240000000004,2762.586039092607,2763.33526963002,-29.3,0.3584,176.4,0.35495266135253284,long_nclose,62.61364946258679,0.022664868560311968,2.0
1709825160000.0,621564,1709825160000.0,0.0,-0.015096000000000002,2762.5709430926067,2762.42012363002,212.5,0.3552,388.9,0.3550878103949262,long_ientry_partial,138.0936494625868,0.049987367675704115,25.0
1709825820000.0,621575,1709825820000.0,0.18937652308159472,-0.00397935,2762.7563402656883,2763.92730428002,-55.5,0.3585,333.4,0.3550878103949262,long_nclose,118.38627598566839,0.042850784291126966,11.0
1709825940000.0,621577,1709825940000.0,0.16242022520151186,-0.00341292,2762.91534757089,2763.89055136002,-47.6,0.3585,285.8,0.3550878103949262,long_nclose,101.48409621086991,0.03673080186842969,2.0
1709827140000.0,621597,1709827140000.0,0.13921733588701016,-0.0029253599999999997,2763.051639546777,2763.86312600002,-40.8,0.3585,245.0,0.3550878103949262,long_nclose,86.99651354675692,0.031485663279542234,20.0
1709827200000.0,621598,1709827200000.0,0.11942663617758226,-0.0025095,2763.1685566829547,2764.13711650002,-35.0,0.3585,210.0,0.3550878103949262,long_nclose,74.56844018293451,0.026986569459392727,1.0
1709827560000.0,621604,1709827560000.0,0.10236568815221336,-0.0021509999999999997,2763.2687713711066,2763.88296550002,-30.0,0.3585,180.0,0.3550878103949262,long_nclose,63.91580587108672,0.0231305063529424,6.0
1709827620000.0,621605,1709827620000.0,0.08769327285039612,-0.0018426900000000001,2763.3546219539567,2764.0508528100195,-25.7,0.3585,154.3,0.3550878103949262,long_nclose,54.79004914393712,0.019827368050646825,1.0
1709827980000.0,621611,1709827980000.0,0.07506817131162313,-0.0015774,2763.4281127252684,2763.9456954100197,-22.0,0.3585,132.3,0.3550878103949262,long_nclose,46.97811731524874,0.01699994188338749,6.0
1709828640000.0,621622,1709828640000.0,0.14986817131162344,-0.0015923600000000001,2763.57638853658,2764.31674305002,-22.0,0.3619,110.3,0.3550878103949262,long_nclose,39.16618548656036,0.014172282571606555,11.0
1709828700000.0,621623,1709828700000.0,0.12466306977285041,-0.0013245540000000001,2763.699727052353,2764.4276484960196,-18.3,0.3619,92.0,0.3550878103949262,long_nclose,32.668078556333214,0.011820415306541144,1.0
1709829000000.0,621628,1709829000000.0,0.10422650095762903,-0.0011074140000000001,2763.8028461393105,2764.2409710820198,-15.3,0.3619,76.7,0.3550878103949262,long_nclose,27.23523505729084,0.009854261166036167,5.0
1709829360000.0,621634,1709829360000.0,0.08651480798443717,-0.000919226,2763.888441721295,2764.3500218560193,-12.7,0.3619,64.0,0.3550878103949262,long_nclose,22.725619865275277,0.008222336155913085,6.0
1709829480000.0,621636,1709829480000.0,0.0722092098137822,-0.000767228,2763.959883703109,2764.3289946280197,-10.6,0.3619,53.4,0.3550878103949262,long_nclose,18.96168907508906,0.006860334401700683,2.0
1709829600000.0,621638,1709829600000.0,0.06062848748515676,-0.000644182,2764.019868008594,2764.32746044602,-8.9,0.3619,44.5,0.3550878103949262,long_nclose,15.801407562574216,0.0057168212665413025,2.0
1709829900000.0,621643,1709829900000.0,0.05041020307754607,-0.0005356120000000001,2764.069742599672,2764.32247483402,-7.4,0.3619,37.1,0.3550878103949262,long_nclose,13.173757765651763,0.0047660728535965004,5.0
1709829960000.0,621644,1709829960000.0,0.04155435659095014,-0.00044151799999999996,2764.1108554382627,2764.3220333160198,-6.1,0.3619,31.0,0.3550878103949262,long_nclose,11.007722122242713,0.0039823736087087535,1.0
1709830320000.0,621650,1709830320000.0,0.034742166985876344,-0.000369138,2764.145228467248,2764.3372041780194,-5.1,0.3619,25.9,0.3550878103949262,long_nclose,9.196774289228589,0.003327167543337913,6.0
1709830620000.0,621655,1709830620000.0,0.052082166985876414,-0.000372606,2764.196938028234,2764.4197515720193,-5.1,0.3653,20.8,0.3550878103949262,long_nclose,7.385826456214465,0.0026719610150074714,5.0
1709831160000.0,621664,1709831160000.0,0.04186997738080261,-0.00029954600000000004,2764.238508459615,2764.4007020260196,-4.1,0.3653,16.7,0.3550878103949262,long_nclose,5.9299664335952675,0.0021452441297837824,9.0
1709831220000.0,621665,1709831220000.0,0.03370022569674356,-0.000241098,2764.2719675873113,2764.4141709280193,-3.3,0.3653,13.4,0.3550878103949262,long_nclose,4.758176659292011,0.0017213127778613632,1.0
1709831940000.0,621677,1709831940000.0,0.0265516929731919,-0.00018995600000000002,2764.298329324284,2764.414020972019,-2.6,0.3653,10.8,0.3550878103949262,long_nclose,3.8349483522652035,0.0013873134862410574,12.0
1709832180000.0,621681,1709832180000.0,0.021445598170654997,-0.00015342600000000002,2764.3196214964546,2764.406727546019,-2.1,0.3653,8.7,0.3550878103949262,long_nclose,3.089263950435858,0.0011175494781473555,4.0
1709832240000.0,621682,1709832240000.0,0.017360722328625473,-0.00012420200000000001,2764.3368580167835,2764.410443344019,-1.7,0.3653,7.0,0.3550878103949262,long_nclose,2.4856146727644832,0.0008991721343786359,1.0
1709833020000.0,621695,1709833020000.0,0.007493408565581173,-7.961800000000001e-05,2764.344271807349,2764.3850537260187,-1.1,0.3619,5.9,0.3550878103949262,long_nclose,2.095018081330065,0.0007578716235515508,13.0
1709833380000.0,621701,1709833380000.0,0.006130970644566414,-6.514200000000001e-05,2764.3503376359936,2764.386398584019,-0.9,0.3619,5.0,0.3550878103949262,long_nclose,1.775439051974631,0.0006422626784320486,6.0
1709834340000.0,621717,1709834340000.0,0.005449751684059034,-5.7904e-05,2764.3557294836774,2764.384340680019,-0.8,0.3619,4.2,0.3550878103949262,long_nclose,1.49136880365869,0.0005394995975924003,16.0
1709834400000.0,621718,1709834400000.0,0.004768532723551655,-5.0666e-05,2764.360447350401,2764.3832400140186,-0.7,0.3619,3.5,0.3550878103949262,long_nclose,1.2428073363822416,0.0004495822307013017,1.0
1709834880000.0,621726,1709834880000.0,0.0034060948025368964,-3.6190000000000004e-05,2764.3638172552032,2764.3842538240183,-0.5,0.3619,3.0,0.3550878103949262,long_nclose,1.0652634311847786,0.0003853557279745116,8.0
1709834940000.0,621727,1709834940000.0,0.0034060948025368964,-3.6190000000000004e-05,2764.3671871600054,2764.384467634018,-0.5,0.3619,2.5,0.3550878103949262,long_nclose,0.8877195259873155,0.00032112938183849634,1.0
1709836980000.0,621761,1709836980000.0,0.002724875842029517,-2.8952e-05,2764.3698830838475,2764.3843986820184,-0.4,0.3619,2.1,0.3550878103949262,long_nclose,0.745684401829345,0.0002697484176746572,34.0
1709840280000.0,621816,1709840280000.0,0.002043656881522138,-2.1714000000000003e-05,2764.371905026729,2764.3845269680182,-0.3,0.3619,1.8,0.3550878103949262,long_nclose,0.6391580587108672,0.00023121276031948641,55.0
1709841600000.0,621838,1709841600000.0,0.003063656881522142,-2.1918000000000003e-05,2764.3749467656103,2764.391015050018,-0.3,0.3653,1.5,0.3550878103949262,long_nclose,0.5326317155923893,0.0001926770882566354,22.0
1709842320000.0,621850,1709842320000.0,0.003063656881522142,-2.1918000000000003e-05,2764.3779885044914,2764.3908431320174,-0.3,0.3653,1.2,0.3550878103949262,long_nclose,0.42610537247391145,0.00015414150099799897,12.0
1709843820000.0,621875,1709843820000.0,0.0020424379210147617,-1.4612e-05,2764.380016330412,2764.3899285200173,-0.2,0.3653,1.0,0.3550878103949262,long_nclose,0.3550878103949262,0.00012845115660555564,25.0
1709844000000.0,621878,1709844000000.0,0.0020424379210147617,-1.4612e-05,2764.382044156333,2764.390373908017,-0.2,0.3653,0.8,0.3550878103949262,long_nclose,0.28407024831594097,0.00010276084990366695,3.0
1709844120000.0,621880,1709844120000.0,0.0010212189605073808,-7.306e-06,2764.3830580692934,2764.390206602017,-0.1,0.3653,0.7,0.3550878103949262,long_nclose,0.24856146727644832,8.991571068665469e-05,2.0
1709844300000.0,621883,1709844300000.0,0.0010212189605073808,-7.306e-06,2764.3840719822538,2764.3898992960167,-0.1,0.3653,0.6,0.3550878103949262,long_nclose,0.21305268623695572,7.707058089225e-05,3.0
1709844420000.0,621885,1709844420000.0,0.0010212189605073808,-7.306e-06,2764.385085895214,2764.3900919900166,-0.1,0.3653,0.5,0.3550878103949262,long_nclose,0.1775439051974631,6.422546052044249e-05,2.0
1709844720000.0,621890,1709844720000.0,0.0010212189605073808,-7.306e-06,2764.3860998081745,2764.3900246840167,-0.1,0.3653,0.4,0.3550878103949262,long_nclose,0.14203512415797048,5.1380349571221815e-05,5.0
1709844900000.0,621893,1709844900000.0,0.0010212189605073808,-7.306e-06,2764.387113721135,2764.3902973780164,-0.1,0.3653,0.3,0.3550878103949262,long_nclose,0.10652634311847786,3.853524804457759e-05,3.0
1709845080000.0,621896,1709845080000.0,0.0010212189605073808,-7.306e-06,2764.3881276340953,2764.390190072016,-0.1,0.3653,0.2,0.3550878103949262,long_nclose,0.07101756207898524,2.5690155940499462e-05,3.0
1709845260000.0,621899,1709845260000.0,0.0010212189605073808,-7.306e-06,2764.3891415470557,2764.3901727660163,-0.1,0.3653,0.1,0.3550878103949262,long_nclose,0.03550878103949262,1.2845073258977054e-05,3.0
1709847600000.0,621938,1709847600000.0,0.0010212189605073808,-7.306e-06,2764.390155460016,2764.390155460016,-0.1,0.3653,0.0,0.3550878103949262,long_nclose,0.0,0.0,39.0
1709865360000.0,622234,1709865360000.0,0.0,-0.027641844000000006,2764.3625136160163,2764.1346336160163,379.8,0.3639,379.8,0.3639,long_ientry_normal,138.20922000000002,0.04999677839619191,296.0
1709897460000.0,622769,1709897460000.0,0.0,-0.027645192000000006,2764.3348684240163,2760.2297284240162,390.8,0.3537,770.6,0.35872719958473914,long_rentry,276.43518,0.10000061250090128,535.0
1709910300000.0,622983,1709910300000.0,0.0,-0.027644134000000004,2764.307224290016,2757.832424290016,397.3,0.3479,1167.9,0.35504396780546277,long_rentry,414.65585,0.15000353302137032,214.0
1709911920000.0,623010,1709911920000.0,0.0,-0.039759216,2764.267465074016,2744.382905074016,578.4,0.3437,1746.3,0.3512866804100097,long_rentry,613.45193,0.22192205991310401,27.0
1709911920000.0,623010,1709911920000.0,0.0,-0.058657518000000006,2764.208807556016,2745.0161675560157,864.9,0.3391,2611.2,0.3472501225490196,long_rentry,906.73952,0.32802859086528147,0.0
1709911920000.0,623010,1709911920000.0,0.0,-0.086334032,2764.1224735240157,2752.818353524016,1293.2,0.3338,3904.4,0.3427952258989857,long_rentry,1338.4096799999998,0.4842078065714808,0.0
1709912640000.0,623022,1709912640000.0,1.8430725161356856,-0.03860399400000001,2765.9269420461515,2777.656369530016,-557.7,0.3461,3346.7,0.3427952258989857,long_nclose,1147.2327825161353,0.41477334960533924,12.0
1709912760000.0,623024,1709912760000.0,1.5800124976949457,-0.033094082000000004,2767.4738604618465,2780.683115448016,-478.1,0.3461,2868.6,0.3427952258989857,long_nclose,983.3423850138304,0.35532129103822013,2.0
1709912820000.0,623025,1709912820000.0,3.1577424976949313,-0.033409628,2770.5981933315416,2784.2354558200163,-478.1,0.3494,2390.5,0.3427952258989857,long_nclose,819.4519875115253,0.2957671702392055,1.0
1709912880000.0,623026,1709912880000.0,2.631342001844092,-0.027840191999999996,2773.2016951413857,2787.7535356280164,-398.4,0.3494,1992.1,0.3427952258989857,long_nclose,682.8823695133693,0.24624331173234554,1.0
1709913120000.0,623030,1709913120000.0,2.192785001536744,-0.02320016,2775.3712799829223,2786.833895468016,-332.0,0.3494,1660.1,0.3427952258989857,long_nclose,569.0743545149061,0.20504440563296733,4.0
1709913480000.0,623036,1709913480000.0,0.7835619393504949,-0.016412062,2776.1384298602725,2781.9795234060157,-237.1,0.3461,1423.0,0.3427952258989857,long_nclose,487.79760645425665,0.17571083675348578,6.0
1709913600000.0,623038,1709913600000.0,0.6715300973261095,-0.014065504000000001,2776.7958944535985,2782.6567579020157,-203.2,0.3461,1219.8,0.3427952258989857,long_nclose,418.14161655158273,0.15058421016351373,2.0
1709915040000.0,623062,1709915040000.0,0.5756916483966942,-0.012058124,2777.359527977995,2780.1876397780156,-174.2,0.3461,1045.6,0.3427952258989857,long_nclose,358.4266881999794,0.12905303925881187,24.0
1709915460000.0,623069,1709915460000.0,0.4934027732814378,-0.010334546000000002,2777.8425962052765,2780.894295232016,-149.3,0.3461,896.3,0.3427952258989857,long_nclose,307.24736097326087,0.11060646898891313,7.0
1709915760000.0,623074,1709915760000.0,0.42301108492983275,-0.00886016,2778.2567471302063,2780.795805072016,-128.0,0.3461,768.3,0.3427952258989857,long_nclose,263.36957205819067,0.0947967002438625,5.0
1709915820000.0,623075,1709915820000.0,0.36253371888127073,-0.007593434000000001,2778.611687415088,2780.722351638016,-109.7,0.3461,658.6,0.3427952258989857,long_nclose,225.764935777072,0.08125098472723212,1.0
1709915880000.0,623076,1709915880000.0,0.3106487654953459,-0.006506680000000001,2778.9158295005836,2780.7817049580162,-94.0,0.3461,564.6,0.3427952258989857,long_nclose,193.54218454256733,0.06964665229797551,1.0
1709915940000.0,623077,1709915940000.0,0.26636479254175405,-0.0055791320000000005,2779.1766151611255,2781.1633258260163,-80.6,0.3461,484.0,0.3427952258989857,long_nclose,165.91288933510907,0.059698577064160464,1.0
1709916360000.0,623084,1709916360000.0,0.5323447925417516,-0.005632328,2779.703327625667,2782.125653498016,-80.6,0.3494,403.4,0.3427952258989857,long_nclose,138.28359412765082,0.049747608945652555,7.0
1709916720000.0,623090,1709916720000.0,0.4438408195881602,-0.004695936,2780.142472509255,2782.194897562016,-67.2,0.3494,336.2,0.3427952258989857,long_nclose,115.24775494723899,0.041453902484076856,6.0
1709916900000.0,623093,1709916900000.0,0.3698673496568001,-0.00391328,2780.5084265789123,2782.3871042820165,-56.0,0.3494,280.2,0.3427952258989857,long_nclose,96.05122229689579,0.0345444816418253,3.0
1709916960000.0,623094,1709916960000.0,0.0,-0.00822024,2780.5002063389124,2782.498224042017,117.6,0.3495,397.8,0.34477733106308645,long_ientry_partial,137.1524222968958,0.049326528365011175,1.0
1709917920000.0,623110,1709917920000.0,0.439082950517368,-0.004659564,2780.9346297254297,2783.1300444780163,-66.3,0.3514,331.5,0.34477733106308645,long_nclose,114.29368524741315,0.041099019022499544,16.0
1709918340000.0,623117,1709918340000.0,0.3655713253176277,-0.0038794560000000007,2781.296321594747,2783.098535022016,-55.2,0.3514,276.3,0.34477733106308645,long_nclose,95.26197657273079,0.03425092674703184,7.0
1709918400000.0,623118,1709918400000.0,0.30464277109802307,-0.0032328800000000005,2781.597731485845,2783.168992142016,-46.0,0.3514,230.3,0.34477733106308645,long_nclose,79.40221934382882,0.028545543607922975,1.0
1709918460000.0,623119,1709918460000.0,0.0,-0.011642476000000002,2781.586089009845,2783.0025896660163,165.8,0.3511,396.1,0.34742388120128453,long_ientry_partial,137.61459934382881,0.049473428087503546,1.0
1709918580000.0,623121,1709918580000.0,0.19075071212742384,-0.00396404,2781.7728756819724,2782.885445626016,-56.5,0.3508,339.6,0.34742388120128453,long_nclose,117.98515005595624,0.042413653209207924,2.0
1709918760000.0,623124,1709918760000.0,0.1637417617377001,-0.0034027600000000003,2781.93321468371,2783.061552866016,-48.5,0.3508,291.1,0.34742388120128453,long_nclose,101.13509181769393,0.036354248651218043,3.0
1709918820000.0,623125,1709918820000.0,0.0,-0.007380122,2781.92583456171,2782.956332744016,105.1,0.3511,396.2,0.3483990454762593,long_ientry_partial,138.03570181769393,0.04961875694268512,1.0
1709919180000.0,623131,1709919180000.0,0.19249402604372526,-0.003982376,2782.114346211754,2783.405150368016,-56.6,0.3518,339.6,0.3483990454762593,long_nclose,118.31631584373766,0.042527481303865966,6.0
1709919900000.0,623143,1709919900000.0,0.3792740260437267,-0.004019732000000001,2782.4896005057976,2784.414270636016,-56.6,0.3551,283.0,0.3483990454762593,long_nclose,98.59692986978138,0.03543478827444981,12.0
1709920320000.0,623150,1709920320000.0,0.3156149580681895,-0.0033450420000000003,2782.8018704218657,2784.359035594016,-47.1,0.3551,235.9,0.3483990454762593,long_nclose,82.18733482784957,0.02953402313740366,7.0
1709921280000.0,623166,1709921280000.0,0.11461216745006257,-0.002371132,2782.914111457316,2783.743324462016,-33.7,0.3518,202.2,0.3483990454762593,long_nclose,70.44628699529962,0.025313855970355237,16.0
1709921820000.0,623175,1709921820000.0,0.097947490283733,-0.002026368,2783.0100325795997,2783.5824180940162,-28.8,0.3518,173.4,0.3483990454762593,long_nclose,60.41239448558336,0.021707573375000202,9.0
1709921880000.0,623176,1709921880000.0,0.08400357673639601,-0.0017378920000000002,2783.092298264336,2783.6128902020164,-24.7,0.3518,148.7,0.3483990454762593,long_nclose,51.80693806231975,0.018614883198314672,1.0
1709922360000.0,623184,1709922360000.0,0.07210023590330346,-0.001491632,2783.162906868239,2783.634778570016,-21.2,0.3518,127.5,0.3483990454762593,long_nclose,44.42087829822306,0.015960574276339345,8.0
1709922480000.0,623186,1709922480000.0,0.061897372332081264,-0.0012805520000000001,2783.2235236885713,2783.5952480180163,-18.2,0.3518,109.3,0.3483990454762593,long_nclose,38.080015670555134,0.013681982545220862,2.0
1709922600000.0,623188,1709922600000.0,0.053054890570355374,-0.001097616,2783.2754809631415,2783.575410402016,-15.6,0.3518,93.7,0.3483990454762593,long_nclose,32.644990561125496,0.011728982913983357,2.0
1709922660000.0,623189,1709922660000.0,0.0452326951657517,-0.000935788,2783.3197778703075,2783.585174614016,-13.3,0.3518,80.4,0.3483990454762593,long_nclose,28.011283256291247,0.010063983117931363,1.0
1709922780000.0,623191,1709922780000.0,0.03877088157064431,-0.0008021040000000001,2783.3577466478782,2783.6200125100163,-11.4,0.3518,69.0,0.3483990454762593,long_nclose,24.03953413786189,0.008636882616621515,2.0
1709922960000.0,623194,1709922960000.0,0.0,-0.022989552,2783.334757095878,2783.488392958016,327.3,0.3512,396.3,0.35071232434484456,long_ientry_partial,138.9872941378619,0.04993552923647631,3.0
1709931900000.0,623343,1709931900000.0,0.19174244208179927,-0.004008412000000001,2783.5224911259597,2784.571374546016,-56.6,0.3541,339.7,0.35071232434484456,long_nclose,119.13697657994369,0.04280079538058689,149.0
1709932020000.0,623345,1709932020000.0,0.16430226927504002,-0.0034347700000000006,2783.683358625235,2784.7280897760165,-48.5,0.3541,291.2,0.35071232434484456,long_nclose,102.12742884921873,0.036687875628087216,2.0
1709933160000.0,623364,1709933160000.0,0.1409273072544673,-0.0029461120000000007,2783.82133982049,2784.7417836640166,-41.6,0.3541,249.6,0.35071232434484456,long_nclose,87.5377961564732,0.03144519186785095,19.0
1709933400000.0,623368,1709933400000.0,0.12060125332353454,-0.0025211920000000002,2783.939419881813,2784.6215824720166,-35.6,0.3541,214.0,0.35071232434484456,long_nclose,75.05243740979674,0.026959077081132373,4.0
1709935440000.0,623402,1709935440000.0,0.10332410748224166,-0.0021600100000000004,2784.0405839792957,2784.6989224620165,-30.5,0.3541,183.5,0.35071232434484456,long_nclose,64.35571151727898,0.023115938714260344,34.0
1709935560000.0,623404,1709935560000.0,0.08875710216507317,-0.0018554840000000003,2784.1274855974607,2784.723286978017,-26.2,0.3541,157.3,0.35071232434484456,long_nclose,55.16704861944405,0.019814842856452554,2.0
1709935680000.0,623406,1709935680000.0,0.07588393467548239,-0.0015863680000000001,2784.201783164136,2784.6857606100166,-22.4,0.3541,134.9,0.35071232434484456,long_nclose,47.31109255411953,0.016992695299674843,2.0
1709935800000.0,623408,1709935800000.0,0.06504337257898492,-0.0013597440000000002,2784.265466792715,2784.7037008660163,-19.2,0.3541,115.7,0.35071232434484456,long_nclose,40.577415926698514,0.014573831558325128,2.0
1709944440000.0,623552,1709944440000.0,0.05589664831006516,-0.0011685300000000003,2784.320194911025,2784.666172336016,-16.5,0.3541,99.2,0.35071232434484456,long_nclose,34.79066257500858,0.012495208934157929,144.0
1709944560000.0,623554,1709944560000.0,0.04776622673769205,-0.0009985620000000001,2784.3669625757625,2784.6892937740163,-14.1,0.3541,85.1,0.35071232434484456,long_nclose,29.84561880174627,0.010718996167853063,2.0
1709946840000.0,623592,1709946840000.0,0.04099087542738112,-0.000856922,2784.40709652919,2784.6543968520164,-12.1,0.3541,73.0,0.35071232434484456,long_nclose,25.60199967717365,0.009194776047326906,38.0
1709947140000.0,623597,1709947140000.0,0.03523182681361683,-0.0007365280000000002,2784.4415918280038,2784.6599203240166,-10.4,0.3541,62.6,0.35071232434484456,long_nclose,21.95459150398727,0.007884737668199368,5.0
1709947500000.0,623603,1709947500000.0,0.030150313330883634,-0.0006302980000000001,2784.4711118433347,2784.6852500260165,-8.9,0.3541,53.7,0.35071232434484456,long_nclose,18.833251817318153,0.006763672906216807,6.0
1709951280000.0,623666,1709951280000.0,0.060410313330883265,-0.00063635,2784.5308858066655,2784.8618536760164,-8.9,0.3575,44.8,0.35071232434484456,long_nclose,15.711912130649035,0.0056425706070404626,63.0
1709952060000.0,623679,1709952060000.0,0.05022879984815013,-0.0005291,2784.5805855065137,2784.8344445760163,-7.4,0.3575,37.4,0.35071232434484456,long_nclose,13.116640930497185,0.004710454780431961,13.0
1709952180000.0,623681,1709952180000.0,0.042083589061963626,-0.0004433,2784.6222257955756,2784.8308812760165,-6.2,0.3575,31.2,0.35071232434484456,long_nclose,10.94222451955915,0.00392951848843084,2.0
1709952240000.0,623682,1709952240000.0,0.0352959134068082,-0.00037180000000000004,2784.657149908983,2784.8310294760167,-5.2,0.3575,26.0,0.35071232434484456,long_nclose,9.118520432965958,0.0032745576715840943,1.0
1709952300000.0,623683,1709952300000.0,0.029187005317168318,-0.00030744999999999997,2784.6860294642997,2784.8420020260164,-4.3,0.3575,21.7,0.35071232434484456,long_nclose,7.6104574382831265,0.002732967867026351,1.0
1709953620000.0,623705,1709953620000.0,0.024435632358559525,-0.0002574,2784.7102076966585,2784.8384946260167,-3.6,0.3575,18.1,0.35071232434484456,long_nclose,6.347893070641687,0.002279552483808459,22.0
1709957040000.0,623762,1709957040000.0,0.02036302696546627,-0.0002145,2784.730356223624,2784.8343601260167,-3.0,0.3575,15.1,0.35071232434484456,long_nclose,5.2957560976071525,0.0019017123456034478,57.0
1709957220000.0,623765,1709957220000.0,0.016969189137888557,-0.00017875,2784.7471466627617,2784.8339313760166,-2.5,0.3575,12.6,0.35071232434484456,long_nclose,4.418975286745042,0.00158684974039411,3.0
1709957880000.0,623776,1709957880000.0,0.014254118875826388,-0.00015015000000000002,2784.7612506316373,2784.8335712260164,-2.1,0.3575,10.5,0.35071232434484456,long_nclose,3.682479405620868,0.0013223680862356193,11.0
1709959620000.0,623805,1709959620000.0,0.011539048613764218,-0.00012155000000000001,2784.772668130251,2784.8323996760164,-1.7,0.3575,8.8,0.35071232434484456,long_nclose,3.0862684542346326,0.0011082658522021517,29.0
1709959740000.0,623807,1709959740000.0,0.009502745917217592,-0.0001001,2784.7820707761684,2784.8337795760167,-1.4,0.3575,7.4,0.35071232434484456,long_nclose,2.59527120015185,0.0009319476835860631,2.0
1709960100000.0,623813,1709960100000.0,0.008145210786186506,-8.58e-05,2784.7901301869547,2784.834073776017,-1.2,0.3575,6.2,0.35071232434484456,long_nclose,2.1744164109380364,0.000780818772433691,6.0
1709962620000.0,623855,1709962620000.0,0.006787675655155423,-7.15e-05,2784.79684636261,2784.8331822760165,-1.0,0.3575,5.2,0.35071232434484456,long_nclose,1.8237040865931917,0.0006548786813570408,42.0
1709962800000.0,623858,1709962800000.0,0.0054301405241243385,-5.72e-05,2784.802219303134,2784.8316450760167,-0.8,0.3575,4.4,0.35071232434484456,long_nclose,1.5431342271173163,0.0005541270458709519,3.0
1709962860000.0,623859,1709962860000.0,0.004751372958608796,-5.005e-05,2784.8069206260925,2784.8324050260167,-0.7,0.3575,3.7,0.35071232434484456,long_nclose,1.297635600075925,0.00046596968373814043,1.0
1709963400000.0,623868,1709963400000.0,0.004072605393093253,-4.29e-05,2784.8109503314854,2784.8329221260165,-0.6,0.3575,3.1,0.35071232434484456,long_nclose,1.0872082054690182,0.00039040646739040013,9.0
1709963700000.0,623873,1709963700000.0,0.0033938378275777115,-3.575e-05,2784.814308419313,2784.8322163760163,-0.5,0.3575,2.6,0.35071232434484456,long_nclose,0.9118520432965959,0.00032743728748441104,5.0
1709968200000.0,623948,1709968200000.0,0.005043837827577724,-3.608e-05,2784.8193161771405,2784.8407102960164,-0.5,0.3608,2.1,0.35071232434484456,long_nclose,0.7364958811241736,0.00026446810277630436,75.0
1709968800000.0,623958,1709968800000.0,0.004035070262062179,-2.8864000000000004e-05,2784.8233223834027,2784.8404714320163,-0.4,0.3608,1.7,0.35071232434484456,long_nclose,0.5962109513862357,0.00021409291806561218,10.0
1709968860000.0,623959,1709968860000.0,0.0030263026965466344,-2.1648e-05,2784.8263270380994,2784.8394697840167,-0.3,0.3608,1.4,0.35071232434484456,long_nclose,0.49099725408278233,0.00017631162464806194,1.0
1709973780000.0,624041,1709973780000.0,0.0013575351310310846,-1.43e-05,2784.82767027323,2784.835815484016,-0.2,0.3575,1.2,0.35071232434484456,long_nclose,0.4208547892138135,0.00015112417680499484,82.0
1709973840000.0,624042,1709973840000.0,0.0013575351310310846,-1.43e-05,2784.8290135083607,2784.835801184016,-0.2,0.3575,1.0,0.35071232434484456,long_nclose,0.35071232434484456,0.00012593675325976765,1.0
1709973900000.0,624043,1709973900000.0,0.0006787675655155423,-7.15e-06,2784.8296851259265,2784.835884034016,-0.1,0.3575,0.9,0.35071232434484456,long_nclose,0.3156410919103601,0.00011334305059883301,1.0
1709974200000.0,624048,1709974200000.0,0.0006787675655155423,-7.15e-06,2784.8303567434923,2784.835786884016,-0.1,0.3575,0.8,0.35071232434484456,long_nclose,0.28056985947587565,0.00010074935401234519,5.0
1709974860000.0,624059,1709974860000.0,0.0006787675655155423,-7.15e-06,2784.831028361058,2784.835849734017,-0.1,0.3575,0.7,0.35071232434484456,long_nclose,0.24549862704139117,8.815566350029976e-05,11.0
1709975100000.0,624063,1709975100000.0,0.0006787675655155423,-7.15e-06,2784.831699978624,2784.835892584017,-0.1,0.3575,0.6,0.35071232434484456,long_nclose,0.21042739460690674,7.556197906269236e-05,4.0
1709978100000.0,624113,1709978100000.0,0.0006787675655155423,-7.15e-06,2784.8323715961897,2784.835815434017,-0.1,0.3575,0.5,0.35071232434484456,long_nclose,0.17535616217242228,6.296830069951856e-05,50.0
1709979060000.0,624129,1709979060000.0,0.0006787675655155423,-7.15e-06,2784.8330432137554,2784.8356382840175,-0.1,0.3575,0.4,0.35071232434484456,long_nclose,0.14028492973793782,5.037462841077399e-05,16.0
1709979480000.0,624136,1709979480000.0,0.0,-0.027820584000000002,2784.8052226297555,2784.6121477000174,390.3,0.3564,390.7,0.356394176938157,long_ientry_partial,139.24320492973794,0.05000105709305134,7.0
1709991060000.0,624329,1709991060000.0,0.19004492685083968,-0.004015368,2784.9912521886063,2786.1988423320176,-55.8,0.3598,334.9,0.356394176938157,long_nclose,119.35640985658877,0.04285701427707955,193.0
1709991420000.0,624335,1709991420000.0,0.37976492685084046,-0.004053312000000001,2785.366963803457,2787.3501990200175,-55.8,0.3632,279.1,0.356394176938157,long_nclose,99.46961478343962,0.03571149370121504,6.0
1709991540000.0,624337,1709991540000.0,0.3164707723757004,-0.00337776,2785.680056815833,2787.3096112600174,-46.5,0.3632,232.6,0.356394176938157,long_nclose,82.89728555581532,0.029758365592985912,2.0
1709991660000.0,624339,1709991660000.0,0.26338535249332484,-0.0028111680000000006,2785.9406310003264,2787.279670092018,-38.7,0.3632,193.9,0.356394176938157,long_nclose,69.10483090830864,0.024804846930099763,2.0
1709991900000.0,624343,1709991900000.0,0.2198280848975295,-0.0023462720000000004,2786.158112813224,2787.468013820018,-32.3,0.3632,161.6,0.356394176938157,long_nclose,57.59329899320617,0.02067122419518876,4.0
1709993280000.0,624366,1709993280000.0,0.1830766403635772,-0.0019540160000000003,2786.3392354375874,2787.2963898040175,-26.9,0.3632,134.7,0.356394176938157,long_nclose,48.00629563356974,0.017229163995183983,23.0
1709994420000.0,624385,1709994420000.0,0.15245043658528362,-0.0016271360000000002,2786.4900587381726,2787.2206626680177,-22.4,0.3632,112.3,0.356394176938157,long_nclose,40.02306607015503,0.014363254569901096,19.0
1709996340000.0,624417,1709996340000.0,0.05449316898948808,-0.0011513600000000001,2786.543400547162,2786.9099013080177,-16.0,0.3598,96.3,0.356394176938157,long_nclose,34.32075923914452,0.012316606743826543,32.0
1709998740000.0,624457,1709998740000.0,0.10889316898948831,-0.0011622400000000001,2786.6511314761515,2787.2136990680174,-16.0,0.3632,80.3,0.356394176938157,long_nclose,28.618452408134008,0.010269836824882408,40.0
1709999340000.0,624467,1709999340000.0,0.09051744672251216,-0.0009661120000000001,2786.740682810874,2787.2033729560176,-13.3,0.3632,67.0,0.356394176938157,long_nclose,23.878409854856518,0.008568579775701024,10.0
1710000000000.0,624478,1710000000000.0,0.1380980290286965,-0.000982756,2786.8777980839027,2787.3980302000173,-13.4,0.3667,53.6,0.356394176938157,long_nclose,19.102727883885215,0.0068545265590831276,11.0
1710000120000.0,624480,1710000120000.0,0.11027230676172033,-0.0007847380000000001,2786.987285652664,2787.446565462017,-10.7,0.3667,42.9,0.356394176938157,long_nclose,15.289310190646935,0.005485963380369869,2.0
1710000360000.0,624484,1710000360000.0,0.048321343739085434,-0.0005157440000000001,2787.035091252403,2787.296639718017,-7.1,0.3632,35.8,0.356394176938157,long_nclose,12.75891153438602,0.004577951520751244,4.0
1710001260000.0,624499,1710001260000.0,0.04015435606487382,-0.00042857600000000007,2787.0748170324678,2787.2813011420167,-5.9,0.3632,29.9,0.356394176938157,long_nclose,10.656185890450894,0.0038234301516875124,15.0
1710001680000.0,624506,1710001680000.0,0.0333485330030308,-0.00035593600000000006,2787.107809629471,2787.275455206017,-4.9,0.3632,25.0,0.356394176938157,long_nclose,8.909854423453925,0.0031968101099894074,7.0
1710001740000.0,624507,1710001740000.0,0.027903874553556376,-0.000297824,2787.1354156800244,2787.275567382017,-4.1,0.3632,20.9,0.356394176938157,long_nclose,7.448638298007481,0.0026725067810134053,1.0
1710001860000.0,624509,1710001860000.0,0.023139798410266265,-0.000246976,2787.1583085024345,2787.2791604060167,-3.4,0.3632,17.5,0.356394176938157,long_nclose,6.236898096417748,0.002237726532214415,2.0
1710002220000.0,624515,1710002220000.0,0.019736886879344755,-0.000210656,2787.177834733314,2787.2786597500167,-2.9,0.3632,14.6,0.356394176938157,long_nclose,5.203354983297092,0.0018668901992739066,6.0
1710002880000.0,624526,1710002880000.0,0.016333975348423246,-0.000174336,2787.1939943726625,2787.273365414017,-2.4,0.3632,12.2,0.356394176938157,long_nclose,4.348008958645515,0.001559995094501543,11.0
1710004440000.0,624552,1710004440000.0,0.005789899205133109,-0.000122332,2787.1996619398674,2787.241723082017,-1.7,0.3598,10.5,0.356394176938157,long_nclose,3.7421388578506485,0.001342615998757029,26.0
1710004620000.0,624555,1710004620000.0,0.005108734592764508,-0.00010794000000000001,2787.2046627344603,2787.234415142017,-1.5,0.3598,9.0,0.356394176938157,long_nclose,3.207547592443413,0.0011508116484336547,3.0
1710004680000.0,624556,1710004680000.0,0.004086987674211606,-8.6352e-05,2787.2086633701347,2787.2367887900173,-1.2,0.3598,7.8,0.356394176938157,long_nclose,2.7798745801176246,0.000997368663728376,1.0
1710005880000.0,624576,1710005880000.0,0.008847569980395925,-9.4432e-05,2787.217416508115,2787.262954358017,-1.3,0.3632,6.5,0.356394176938157,long_nclose,2.3165621500980205,0.0008311379429453546,20.0
1710006780000.0,624591,1710006780000.0,0.0030652407556587048,-6.4764e-05,2787.220416984871,2787.237249594017,-0.9,0.3598,5.6,0.356394176938157,long_nclose,1.995807390853679,0.000716056533846965,15.0
1710006960000.0,624594,1710006960000.0,0.0,-0.027470206000000004,2787.192946778871,2787.2846393880172,382.7,0.3589,388.3,0.35886386142377974,long_ientry_partial,139.34683739085366,0.049995403996660984,3.0
1710014640000.0,624722,1710014640000.0,0.19036207712260303,-0.004014284,2787.379294571994,2788.5231851040176,-55.4,0.3623,332.9,0.35886386142377974,long_nclose,119.46577946797626,0.04285953465343525,128.0
1710014700000.0,624723,1710014700000.0,0.16321658237046288,-0.00344185,2787.539069304364,2788.5197432540176,-47.5,0.3623,285.4,0.35886386142377974,long_nclose,102.41974605034673,0.03674199482194371,1.0
1710014760000.0,624724,1710014760000.0,0.13985084005216505,-0.002949122,2787.6759710224164,2788.6146741320176,-40.7,0.3623,244.7,0.35886386142377974,long_nclose,87.8139868903989,0.0315007869649183,1.0
1710014940000.0,624727,1710014940000.0,0.11992123631008746,-0.002528854,2787.7933634047263,2788.5562252780173,-34.9,0.3623,209.8,0.35886386142377974,long_nclose,75.289638126709,0.02700689337848122,3.0
1710016260000.0,624749,1710016260000.0,0.1027405434289861,-0.0021665540000000002,2787.8939373941553,2788.5300887240173,-29.9,0.3623,179.9,0.35886386142377974,long_nclose,64.55960867013798,0.023157125098697925,22.0
1710016500000.0,624753,1710016500000.0,0.08830876140886097,-0.001862222,2787.980383933564,2788.556496502017,-25.7,0.3623,154.2,0.35886386142377974,long_nclose,55.33680743154683,0.019848348916096777,4.0
1710018660000.0,624789,1710018660000.0,0.17825876140886104,-0.001880212,2788.156762482973,2789.0609062900176,-25.7,0.3658,128.5,0.35886386142377974,long_nclose,46.1140061929557,0.016539244426087864,36.0
1710018840000.0,624792,1710018840000.0,0.14843336553111386,-0.001565624,2788.3036302245046,2789.100040666018,-21.4,0.3658,107.1,0.35886386142377974,long_nclose,38.434319558486806,0.013784122769797565,3.0
1710019260000.0,624799,1710019260000.0,0.12346326665672089,-0.0013022480000000002,2788.4257912431617,2789.027328418018,-17.8,0.3658,89.3,0.35886386142377974,long_nclose,32.04654282514353,0.011492700621900448,7.0
1710019320000.0,624800,1710019320000.0,0.10265485092806007,-0.0010827680000000002,2788.52736332609,2789.051555650018,-14.8,0.3658,74.5,0.35886386142377974,long_nclose,26.73535767607159,0.009587626080951303,1.0
1710019500000.0,624803,1710019500000.0,0.0860081183451314,-0.000907184,2788.612464260435,2789.055618466018,-12.4,0.3658,62.1,0.35886386142377974,long_nclose,22.285445794416724,0.00799158939437898,3.0
1710020340000.0,624817,1710020340000.0,0.07144222733506883,-0.0007535480000000002,2788.68315293977,2789.057984918018,-10.3,0.3658,51.8,0.35886386142377974,long_nclose,18.58914802175179,0.006665923305828239,14.0
1710020820000.0,624825,1710020820000.0,0.059650791755494356,-0.0006291760000000001,2788.7421745555253,2789.050455742018,-8.6,0.3658,43.2,0.35886386142377974,long_nclose,15.502918813507286,0.005559107957327811,8.0
1710021780000.0,624841,1710021780000.0,0.049940197748785976,-0.000526752,2788.791588001274,2789.0520889900176,-7.2,0.3658,36.0,0.35886386142377974,long_nclose,12.91909901125607,0.0046325078814925666,16.0
1710022080000.0,624846,1710022080000.0,0.07442019774878568,-0.000531648,2788.8654765510223,2789.1487573420172,-7.2,0.3692,28.8,0.35886386142377974,long_nclose,10.335279209004856,0.0037059081178008094,5.0
1710022140000.0,624847,1710022140000.0,0.05891598988445533,-0.000420888,2788.923971652907,2789.1696664540177,-5.7,0.3692,23.1,0.35886386142377974,long_nclose,8.289755198889312,0.0029723847918221437,1.0
1710023520000.0,624870,1710023520000.0,0.07886598988445535,-0.000424878,2789.002412764791,2789.2379415760174,-5.7,0.3727,17.4,0.35886386142377974,long_nclose,6.244231188773767,0.002238876223338847,23.0
1710023580000.0,624871,1710023580000.0,0.059495395877747013,-0.000320522,2789.0615876386687,2789.2415310540173,-4.3,0.3727,13.1,0.35886386142377974,long_nclose,4.701116584651515,0.0016855549570820587,1.0
1710023640000.0,624872,1710023640000.0,0.04427564344390476,-0.000238528,2789.105624754113,2789.2485425260174,-3.2,0.3727,9.9,0.35886386142377974,long_nclose,3.5527522280954194,0.0012737962293588754,1.0
1710023820000.0,624875,1710023820000.0,0.05687925730152682,-0.000248226,2789.1622557854143,2789.2819543000173,-3.3,0.3761,6.6,0.35886386142377974,long_nclose,2.368501485396946,0.0008491802441697633,3.0
1710024360000.0,624884,1710024360000.0,0.037919504867684556,-0.000165484,2789.200009806282,2789.2793688160177,-2.2,0.3761,4.4,0.35886386142377974,long_nclose,1.579000990264631,0.0005661124998971648,9.0
1710024540000.0,624887,1710024540000.0,0.045399504867684584,-0.00016698000000000003,2789.24524233115,2789.291081836018,-2.2,0.3795,2.2,0.35886386142377974,long_nclose,0.7895004951323155,0.00028305165969288505,3.0
1710024960000.0,624894,1710024960000.0,0.012065297003354174,-5.2653999999999994e-05,2789.257254974154,2789.2841591820184,-0.7,0.3761,1.5,0.35886386142377974,long_nclose,0.5382957921356696,0.0001929889368130935,7.0
1710025140000.0,624897,1710025140000.0,0.008618069288110125,-3.761e-05,2789.265835433442,2789.2832715720183,-0.5,0.3761,1.0,0.35886386142377974,long_nclose,0.35886386142377974,0.00012865889542149487,3.0
1710026160000.0,624914,1710026160000.0,0.0027672277152440473,-1.4908e-05,2789.268587753157,2789.279576664018,-0.2,0.3727,0.8,0.35886386142377974,long_nclose,0.2870910891390238,0.0001029270147735341,17.0
1710026220000.0,624915,1710026220000.0,0.0027672277152440473,-1.4908e-05,2789.271340072872,2789.279281756018,-0.2,0.3727,0.6,0.35886386142377974,long_nclose,0.21531831685426783,7.719518490755455e-05,1.0
1710026640000.0,624922,1710026640000.0,0.0013836138576220236,-7.454e-06,2789.27271623273,2789.279784302018,-0.1,0.3727,0.5,0.35886386142377974,long_nclose,0.17943193071188987,6.432928901776075e-05,7.0
1710027240000.0,624932,1710027240000.0,0.0013836138576220236,-7.454e-06,2789.274092392588,2789.2797868480184,-0.1,0.3727,0.4,0.35886386142377974,long_nclose,0.1435455445695119,5.14634058234059e-05,10.0
1710027660000.0,624939,1710027660000.0,0.0013836138576220236,-7.454e-06,2789.275468552446,2789.279529394019,-0.1,0.3727,0.3,0.35886386142377974,long_nclose,0.10765915842713392,3.859753532447117e-05,7.0
1710027780000.0,624941,1710027780000.0,0.0013836138576220236,-7.454e-06,2789.276844712304,2789.279611940019,-0.1,0.3727,0.2,0.35886386142377974,long_nclose,0.07177277228475595,2.5731677520937816e-05,2.0
1710027840000.0,624942,1710027840000.0,0.0013836138576220236,-7.454e-06,2789.278220872162,2789.2795844860198,-0.1,0.3727,0.1,0.35886386142377974,long_nclose,0.03588638614237798,1.2865832412787021e-05,1.0
1710027960000.0,624944,1710027960000.0,0.0013836138576220236,-7.454e-06,2789.27959703202,2789.27959703202,-0.1,0.3727,0.0,0.35886386142377974,long_nclose,0.0,0.0,2.0
1710039120000.0,625130,1710039120000.0,0.0,-0.027891738000000006,2789.2517052940198,2789.2136952940195,380.1,0.3669,380.1,0.3669,long_ientry_normal,139.45869000000002,0.04999860347322058,186.0
1710049560000.0,625304,1710049560000.0,0.19005000000000016,-0.004022544,2789.43773275002,2790.4151327500203,-54.3,0.3704,325.8,0.3669,long_nclose,119.53602000000001,0.04285308777341058,174.0
1710049620000.0,625305,1710049620000.0,0.16275000000000014,-0.0034447200000000005,2789.59703803002,2791.07732803002,-46.5,0.3704,279.3,0.3669,long_nclose,102.47517,0.036734757243779816,1.0
1710050820000.0,625325,1710050820000.0,0.1396500000000001,-0.002955792,2789.73373223802,2790.64345223802,-39.9,0.3704,239.4,0.3669,long_nclose,87.83586,0.03148539195155914,20.0
1710050940000.0,625327,1710050940000.0,0.2832899999999998,-0.00298452,2790.0140377180196,2791.6299877180195,-39.9,0.374,199.5,0.3669,long_nclose,73.19655,0.026235190579853924,2.0
1710051660000.0,625339,1710051660000.0,0.23571999999999987,-0.00248336,2790.2472743580197,2791.44463435802,-33.2,0.374,166.3,0.3669,long_nclose,61.01547000000001,0.021867406004021078,12.0
1710051840000.0,625342,1710051840000.0,0.19666999999999987,-0.0020719600000000003,2790.4418723980193,2791.425932398019,-27.7,0.374,138.6,0.3669,long_nclose,50.85234,0.018223758933311546,3.0
1710052260000.0,625349,1710052260000.0,0.1640099999999999,-0.0017278800000000002,2790.604154518019,2791.4126545180193,-23.1,0.374,115.5,0.3669,long_nclose,42.37695,0.015185582638580698,7.0
1710052320000.0,625350,1710052320000.0,0.1363199999999999,-0.00143616,2790.739038358019,2791.499808358019,-19.2,0.374,96.3,0.3669,long_nclose,35.33247,0.012660614093386707,1.0
1710052620000.0,625355,1710052620000.0,0.11359999999999992,-0.0011968,2790.8514415580194,2791.4055115580195,-16.0,0.374,80.3,0.3669,long_nclose,29.46207,0.01055666007917373,5.0
1710052680000.0,625356,1710052680000.0,0.09442999999999994,-0.00099484,2790.9448767180193,2791.594776718019,-13.3,0.374,67.0,0.3669,long_nclose,24.5823,0.008807877290972254,1.0
1710053760000.0,625374,1710053760000.0,0.14203999999999997,-0.0010117000000000001,2791.0859050180193,2791.675505018019,-13.4,0.3775,53.6,0.3669,long_nclose,19.66584,0.0070459457964526665,18.0
1710053880000.0,625376,1710053880000.0,0.11341999999999998,-0.00080785,2791.1985171680194,2791.730477168019,-10.7,0.3775,42.9,0.3669,long_nclose,15.74001,0.0056391581978805245,2.0
1710054720000.0,625390,1710054720000.0,0.15087,-0.00081534,2791.3485718280194,2791.8058118280196,-10.7,0.381,32.2,0.3669,long_nclose,11.81418,0.0042324273361040825,14.0
1710054960000.0,625394,1710054960000.0,0.18832000000000004,-0.00082283,2791.53606899802,2791.95316899802,-10.7,0.3845,21.5,0.3669,long_nclose,7.88835,0.0028258098068678745,4.0
1710055080000.0,625396,1710055080000.0,0.22577000000000005,-0.0008303200000000001,2791.7610086780196,2791.9942886780195,-10.7,0.388,10.8,0.3669,long_nclose,3.9625200000000005,0.0014193621831104983,2.0
1710055200000.0,625398,1710055200000.0,0.11394000000000006,-0.0004190400000000001,2791.87452963802,2791.99602963802,-5.4,0.388,5.4,0.3669,long_nclose,1.9812600000000002,0.0007096522350726414,2.0
1710055500000.0,625403,1710055500000.0,0.13338,-0.00042292800000000004,2792.00748671002,2792.00748671002,-5.4,0.3916,0.0,0.3669,long_nclose,0.0,0.0,5.0
1710064560000.0,625554,1710064560000.0,0.0,-0.027922500000000003,2791.9795642100203,2791.9051042100205,372.3,0.375,372.3,0.375,long_ientry_normal,139.6125,0.050004843083263334,151.0
1710066060000.0,625579,1710066060000.0,0.19115999999999958,-0.004020732000000001,2792.1667034780203,2792.93278347802,-53.1,0.3786,319.2,0.375,long_nclose,119.69999999999999,0.04286993317802175,25.0
1710066720000.0,625590,1710066720000.0,0.16415999999999964,-0.0034528320000000003,2792.32741064602,2793.42181064602,-45.6,0.3786,273.6,0.375,long_nclose,102.60000000000001,0.03674354218234851,11.0
1710066960000.0,625594,1710066960000.0,0.1403999999999997,-0.00295308,2792.46485756602,2793.4501775660196,-39.0,0.3786,234.6,0.375,long_nclose,87.975,0.03150442511805901,4.0
1710067800000.0,625608,1710067800000.0,0.12059999999999974,-0.00253662,2792.5829209460203,2793.54820094602,-33.5,0.3786,201.1,0.375,long_nclose,75.4125,0.027004569652833488,14.0
1710068580000.0,625621,1710068580000.0,0.10331999999999977,-0.002173164,2792.6840677820205,2793.3909077820203,-28.7,0.3786,172.4,0.375,long_nclose,64.65,0.023149772201531457,13.0
1710069720000.0,625640,1710069720000.0,0.0885599999999998,-0.0018627120000000003,2792.770765070021,2793.3176250700208,-24.6,0.3786,147.8,0.375,long_nclose,55.425000000000004,0.019845882337790218,19.0
1710070680000.0,625656,1710070680000.0,0.07595999999999983,-0.0015976920000000002,2792.845127378021,2793.275907378021,-21.1,0.3786,126.7,0.375,long_nclose,47.5125,0.017012221527874582,16.0
1710070800000.0,625658,1710070800000.0,0.06515999999999986,-0.001370532,2792.9089168460214,2793.2781568460214,-18.1,0.3786,108.6,0.375,long_nclose,40.724999999999994,0.014581571119043136,2.0
1710070920000.0,625660,1710070920000.0,0.05579999999999988,-0.00117366,2792.9635431860215,2793.3173231860214,-15.5,0.3786,93.1,0.375,long_nclose,34.912499999999994,0.012500163163667437,2.0
1710072480000.0,625686,1710072480000.0,0.11159999999999975,-0.00118482,2793.0739583660215,2793.6481983660215,-15.5,0.3822,77.6,0.375,long_nclose,29.099999999999998,0.010418628519605622,26.0
1710072660000.0,625689,1710072660000.0,0.0928799999999998,-0.000986076,2793.1658522900216,2793.6122822900215,-12.9,0.3822,64.7,0.375,long_nclose,24.262500000000003,0.008686380001426698,3.0
1710072780000.0,625691,1710072780000.0,0.07703999999999983,-0.0008179079999999999,2793.2420743820217,2793.6740743820214,-10.7,0.3822,54.0,0.375,long_nclose,20.25,0.007249640188983664,2.0
1710073080000.0,625696,1710073080000.0,0.11663999999999976,-0.000833328,2793.3578810540216,2793.7985210540214,-10.8,0.3858,43.2,0.375,long_nclose,16.200000000000003,0.00579947170746601,5.0
1710073140000.0,625697,1710073140000.0,0.0928799999999998,-0.0006635759999999999,2793.4500974780217,2793.8929774780217,-8.6,0.3858,34.6,0.375,long_nclose,12.975000000000001,0.004644793909765587,1.0
1710073980000.0,625711,1710073980000.0,0.07451999999999984,-0.000532404,2793.524085074022,2793.820475074022,-6.9,0.3858,27.7,0.375,long_nclose,10.3875,0.0037184214933034146,14.0
1710074340000.0,625717,1710074340000.0,0.03311999999999993,-0.000351624,2793.556853450022,2793.700073450022,-4.6,0.3822,23.1,0.375,long_nclose,8.662500000000001,0.003100885521374615,6.0
1710074700000.0,625723,1710074700000.0,0.02735999999999994,-0.000290472,2793.583922978022,2793.6997229780222,-3.8,0.3822,19.3,0.375,long_nclose,7.237500000000001,0.002590758036824849,6.0
1710075360000.0,625734,1710075360000.0,0.02303999999999995,-0.00024460800000000005,2793.6067183700225,2793.7435683700223,-3.2,0.3822,16.1,0.375,long_nclose,6.0375000000000005,0.0021611846650779402,11.0
1710077580000.0,625771,1710077580000.0,0.008279999999999982,-0.000174156,2793.6148242140225,2793.6824442140223,-2.3,0.3786,13.8,0.375,long_nclose,5.175000000000001,0.001852438623658856,37.0
1710078300000.0,625783,1710078300000.0,0.0,-0.026894360000000003,2793.5879298540226,2793.5442298540224,356.5,0.3772,370.3,0.3771180124223602,long_ientry_partial,139.64679999999998,0.04998833167470664,12.0
1710081780000.0,625841,1710081780000.0,0.0,-0.02793463,2793.5599952240227,2790.379545224023,381.1,0.3665,751.4,0.3717326989619377,long_rentry,279.31995,0.09998709549017601,58.0
1710082620000.0,625855,1710082620000.0,0.3827714013840846,-0.008053938000000002,2793.9347126874068,2796.4256412860227,-107.3,0.3753,644.1,0.3717326989619377,long_nclose,239.43303140138408,0.0856974324826224,14.0
1710083640000.0,625872,1710083640000.0,0.32819169550173144,-0.00690552,2794.255998862908,2795.9494557660223,-92.0,0.3753,552.1,0.3717326989619377,long_nclose,205.23362309688582,0.0734483967039539,17.0
1710083880000.0,625876,1710083880000.0,0.2811033217993091,-0.005914728,2794.531187456708,2796.219591038023,-78.8,0.3753,473.3,0.3717326989619377,long_nclose,175.94108641868513,0.0629590706335285,4.0
1710087360000.0,625934,1710087360000.0,0.24114955017301135,-0.005074056,2794.7672629508806,2796.1739469820227,-67.6,0.3753,405.7,0.3717326989619377,long_nclose,150.81195596885814,0.053962259386716144,58.0
1710087420000.0,625935,1710087420000.0,0.20654673010380706,-0.004345974000000001,2794.9694637069842,2796.2797310080223,-57.9,0.3753,347.8,0.3717326989619377,long_nclose,129.28863269896195,0.04625761904657294,1.0
1710088260000.0,625949,1710088260000.0,0.4149867301038066,-0.0043876620000000005,2795.380062775088,2797.747763346022,-57.9,0.3789,289.9,0.3717326989619377,long_nclose,107.76530942906574,0.03855121915768502,14.0
1710088500000.0,625953,1710088500000.0,0.3461806401384086,-0.003660174,2795.7225832412264,2797.1884431720223,-48.3,0.3789,241.6,0.3717326989619377,long_nclose,89.81062006920415,0.03212429609703336,4.0
1710088800000.0,625958,1710088800000.0,0.2881255017301041,-0.0030463560000000005,2796.0076623869563,2797.4310168160223,-40.2,0.3789,201.4,0.3717326989619377,long_nclose,74.86696557093425,0.026776380686675302,5.0
1710090480000.0,625986,1710090480000.0,0.24010458477508673,-0.0025386300000000005,2796.2452283417315,2797.498988186022,-33.5,0.3789,167.9,0.3717326989619377,long_nclose,62.41392015570935,0.02232061749202266,28.0
1710091560000.0,626004,1710091560000.0,0.1999676989619379,-0.002114262,2796.443081778694,2797.4185039240224,-27.9,0.3789,140.0,0.3717326989619377,long_nclose,52.04257785467128,0.01861027610172895,18.0
1710091620000.0,626005,1710091620000.0,0.16699811418685137,-0.0017656740000000003,2796.6083142188804,2797.5264282500225,-23.3,0.3789,116.7,0.3717326989619377,long_nclose,43.38120596885813,0.015512077879584979,1.0
1710091740000.0,626007,1710091740000.0,0.13904564013840842,-0.001470132,2796.7458897270185,2797.569758118022,-19.4,0.3789,97.3,0.3717326989619377,long_nclose,36.16959160899654,0.012932741491407695,2.0
1710092760000.0,626024,1710092760000.0,0.1161102768166091,-0.001227636,2796.860772367835,2797.401490482022,-16.2,0.3789,81.1,0.3717326989619377,long_nclose,30.14752188581315,0.010779057071292869,17.0
1710094440000.0,626052,1710094440000.0,0.09675856401384092,-0.00102303,2796.956507901849,2797.447777452022,-13.5,0.3789,67.6,0.3717326989619377,long_nclose,25.129130449826988,0.008984455202944051,28.0
1710094560000.0,626054,1710094560000.0,0.08027377162629765,-0.0008487359999999999,2797.035932937475,2797.411968716022,-11.2,0.3789,56.4,0.3717326989619377,long_nclose,20.965724221453286,0.007495693557084507,2.0
1710095460000.0,626069,1710095460000.0,0.06737262975778553,-0.0007123320000000001,2797.1025932352327,2797.4441563840214,-9.4,0.3789,47.0,0.3717326989619377,long_nclose,17.471436851211074,0.006246262433657452,15.0
1710095580000.0,626071,1710095580000.0,0.05590494809688586,-0.0005910840000000001,2797.1579070993293,2797.4427853000216,-7.8,0.3789,39.2,0.3717326989619377,long_nclose,14.57192179930796,0.005209545647145511,2.0
1710095700000.0,626073,1710095700000.0,0.04658745674740489,-0.00049257,2797.204001986077,2797.4449127300218,-6.5,0.3789,32.7,0.3717326989619377,long_nclose,12.155659256055365,0.004345646312326372,2.0
1710096780000.0,626091,1710096780000.0,0.03870342560553637,-0.00040921200000000005,2797.2422961996826,2797.424313518022,-5.4,0.3789,27.3,0.3717326989619377,long_nclose,10.1483026816609,0.0036279669785661134,18.0
1710097260000.0,626099,1710097260000.0,0.0,-0.025922683999999998,2797.216373515683,2797.401850834022,344.9,0.3758,372.2,0.3755016729759831,long_ientry_partial,139.7617226816609,0.0499645733540453,8.0
1710099240000.0,626132,1710099240000.0,0.19107116497529802,-0.0040260420000000005,2797.403418638658,2799.700404792022,-53.1,0.3791,319.1,0.3755016729759831,long_nclose,119.8225838466362,0.042833501613774125,33.0
1710099240000.0,626132,1710099240000.0,0.38223116497529763,-0.004064274,2797.781585529633,2799.6963405180218,-53.1,0.3827,266.0,0.3755016729759831,long_nclose,99.8834450116115,0.03570094446550698,0.0
1710099300000.0,626133,1710099300000.0,0.31888588716394883,-0.0033907219999999997,2798.097080694797,2800.069839796022,-44.3,0.3827,221.7,0.3755016729759831,long_nclose,83.24872089877545,0.029751905848135873,1.0
1710099360000.0,626134,1710099360000.0,0.47836588716394846,-0.0034226179999999992,2798.572023963961,2800.5763471780215,-44.3,0.3863,177.4,0.3755016729759831,long_nclose,66.6139967859394,0.02380285238883573,1.0
1710099540000.0,626137,1710099540000.0,0.6378458871639505,-0.0034545139999999997,2799.206415337125,2801.0829026640213,-44.3,0.3899,133.1,0.3755016729759831,long_nclose,49.979272673103345,0.01785480070325005,3.0
1710099600000.0,626138,1710099600000.0,0.4780244571973626,-0.0025889360000000004,2799.6818508583224,2801.1202437280217,-33.2,0.3899,99.9,0.3755016729759831,long_nclose,37.51261713030071,0.013398885705102581,1.0
1710099660000.0,626139,1710099660000.0,0.35851834289802187,-0.0019417020000000002,2800.0384274992207,2801.125802026022,-24.9,0.3899,75.0,0.3755016729759831,long_nclose,28.16262547319873,0.010057942489864835,1.0
1710099840000.0,626142,1710099840000.0,0.4499581756004234,-0.0019675,2800.486418174821,2801.361334526022,-25.0,0.3935,50.0,0.3755016729759831,long_nclose,18.775083648799153,0.006704222354713492,3.0
1710099960000.0,626144,1710099960000.0,0.29877222859868113,-0.0013064200000000002,2800.78388398342,2801.431788106022,-16.6,0.3935,33.4,0.3755016729759831,long_nclose,12.541755877397835,0.004477944888614647,2.0
1710100020000.0,626145,1710100020000.0,0.36069206130108267,-0.001326314,2801.143249730721,2801.532331792022,-16.7,0.3971,16.7,0.3755016729759831,long_nclose,6.270877938698917,0.0022386852008735177,1.0
1710100080000.0,626146,1710100080000.0,0.42081206130108256,-0.001338338,2801.562723454022,2801.562723454022,-16.7,0.4007,0.0,0.3755016729759831,long_nclose,0.0,0.0,1.0
1710111300000.0,626333,1710111300000.0,0.0,-0.028019298000000005,2801.534704156022,2801.751964156022,362.1,0.3869,362.1,0.3869,long_ientry_normal,140.09649000000002,0.05000705141798515,187.0
1710111660000.0,626339,1710111660000.0,0.19128999999999904,-0.004038804000000001,2801.721955352022,2802.839395352022,-51.7,0.3906,310.4,0.3869,long_nclose,120.09376,0.04286426773027548,6.0
1710111720000.0,626340,1710111720000.0,0.16390999999999914,-0.0034607160000000004,2801.8824046360223,2803.0000246360223,-44.3,0.3906,266.1,0.3869,long_nclose,102.95409000000001,0.03674461491661861,1.0
1710112140000.0,626347,1710112140000.0,0.3278199999999983,-0.003493498,2802.2067311380224,2803.8480511380226,-44.3,0.3943,221.8,0.3869,long_nclose,85.81442000000001,0.030623871910103278,7.0
1710112200000.0,626348,1710112200000.0,0.2730599999999986,-0.002909934,2802.4768812040224,2803.8081612040223,-36.9,0.3943,184.9,0.3869,long_nclose,71.53781000000001,0.025526636983090958,1.0
1710112260000.0,626349,1710112260000.0,0.22791999999999885,-0.002428888,2802.7023723160223,2803.7502523160224,-30.8,0.3943,154.1,0.3869,long_nclose,59.62129,0.021272786789248602,1.0
1710112860000.0,626359,1710112860000.0,0.18943999999999905,-0.002018816,2802.8897935000223,2803.7378935000224,-25.6,0.3943,128.5,0.3869,long_nclose,49.71665,0.017737639958336666,10.0
1710113160000.0,626364,1710113160000.0,0.15835999999999917,-0.001687604,2803.0464658960223,2803.860425896022,-21.4,0.3943,107.1,0.3869,long_nclose,41.43699,0.014782840921174044,5.0
1710113280000.0,626366,1710113280000.0,0.23967999999999973,-0.001703868,2803.2844420280226,2804.1157320280226,-21.4,0.3981,85.7,0.3869,long_nclose,33.15733,0.011828029115737,2.0
1710113760000.0,626374,1710113760000.0,0.1915199999999998,-0.0013615020000000001,2803.4746005260226,2804.2703605260226,-17.1,0.3981,68.6,0.3869,long_nclose,26.541339999999998,0.009467301752981811,8.0
1710114180000.0,626381,1710114180000.0,0.25478999999999946,-0.0013741560000000003,2803.7280163700225,2804.4747663700223,-17.1,0.4018,51.5,0.3869,long_nclose,19.92535,0.007106734277955137,7.0
1710114540000.0,626387,1710114540000.0,0.1907199999999996,-0.001028608,2803.9177077620225,2804.4943377620225,-12.8,0.4018,38.7,0.3869,long_nclose,14.973030000000001,0.005340039031299135,6.0
1710114660000.0,626389,1710114660000.0,0.1430399999999997,-0.000771456,2804.0599763060222,2804.5110263060224,-9.6,0.4018,29.1,0.3869,long_nclose,11.258790000000001,0.004015174459581983,2.0
1710114780000.0,626391,1710114780000.0,0.10727999999999978,-0.0005785920000000001,2804.1666777140226,2804.4864177140225,-7.2,0.4018,21.9,0.3869,long_nclose,8.47311,0.003021614252583353,2.0
1710114840000.0,626392,1710114840000.0,0.08045999999999984,-0.000433944,2804.2467037700226,2804.5024537700224,-5.4,0.4018,16.5,0.3869,long_nclose,6.383850000000001,0.0022764937162688174,1.0
1710116040000.0,626412,1710116040000.0,0.06108999999999987,-0.000329476,2804.307464294023,2804.4971842940226,-4.1,0.4018,12.4,0.3869,long_nclose,4.797560000000001,0.001710782452026092,20.0
1710116520000.0,626420,1710116520000.0,0.02687999999999997,-0.000191088,2804.3341532060226,2804.4461532060227,-2.4,0.3981,10.0,0.3869,long_nclose,3.869,0.0013796501374762386,8.0
1710116580000.0,626421,1710116580000.0,0.022399999999999975,-0.00015924,2804.3563939660226,2804.4427939660227,-2.0,0.3981,8.0,0.3869,long_nclose,3.0952,0.0011037113566092277,1.0
1710116820000.0,626425,1710116820000.0,0.01791999999999998,-0.00012739200000000002,2804.374186574022,2804.447146574022,-1.6,0.3981,6.4,0.3869,long_nclose,2.47616,0.0008829634832094263,4.0
1710117780000.0,626441,1710117780000.0,0.0,-0.027545440000000004,2804.3466411340223,2804.2552811340224,353.6,0.3895,360.0,0.38945377777777784,long_ientry_partial,140.20336000000003,0.0499950177141099,16.0
1710118320000.0,626450,1710118320000.0,0.0,-0.02804685,2804.3185942840223,2799.8638842840223,370.5,0.3785,730.5,0.38389816563997264,long_rentry,280.43761,0.10000205061279753,9.0
1710118320000.0,626450,1710118320000.0,0.0,-0.02804172,2804.290552564022,2801.8689425640223,376.5,0.3724,1107.0,0.37998754290876247,long_rentry,420.64621000000005,0.15000093681997193,0.0
1710118440000.0,626452,1710118440000.0,0.5711294661246537,-0.012129432,2804.8495525981466,2809.226313132022,-158.1,0.3836,948.9,0.37998754290876247,long_nclose,360.57017946612467,0.12855241349117164,2.0
1710118620000.0,626455,1710118620000.0,1.1560994661246506,-0.012246426,2805.9934056382713,2813.1995367060217,-158.1,0.3873,790.8,0.37998754290876247,long_nclose,300.49414893224935,0.10709011230334549,3.0
1710118680000.0,626456,1710118680000.0,1.725259466124658,-0.012360258,2807.7063048463956,2814.6106164480216,-158.1,0.3909,632.7,0.37998754290876247,long_nclose,240.41811839837402,0.085627944056466,1.0
1710118740000.0,626457,1710118740000.0,1.3804258220415513,-0.00988977,2809.0768408984372,2814.6007266780216,-126.5,0.3909,506.2,0.37998754290876247,long_nclose,192.34969422041556,0.06847434410476848,1.0
1710118800000.0,626458,1710118800000.0,1.104340657633241,-0.007911816,2810.1732697400703,2813.8233148620216,-101.2,0.3909,405.0,0.37998754290876247,long_nclose,153.8949548780488,0.05476351103869245,1.0
1710118920000.0,626460,1710118920000.0,0.8839090243902423,-0.00633258,2811.05084618446,2814.975282282021,-81.0,0.3909,324.0,0.37998754290876247,long_nclose,123.11596390243903,0.04379713162056415,2.0
1710119160000.0,626464,1710119160000.0,1.1836090243902408,-0.0063925200000000005,2812.22806268885,2816.094789762021,-81.0,0.3946,243.0,0.37998754290876247,long_nclose,92.33697292682928,0.03283409839760411,4.0
1710119760000.0,626474,1710119760000.0,0.8869761454381188,-0.0047904440000000005,2813.1102483902882,2816.1204693180207,-60.7,0.3946,182.3,0.37998754290876247,long_nclose,69.2717290722674,0.024624605136576473,10.0
1710120060000.0,626479,1710120060000.0,1.1054961454381182,-0.004834148000000001,2814.2109103877265,2816.4377051700208,-60.7,0.3982,121.6,0.37998754290876247,long_nclose,46.20648521770551,0.01641898446457925,5.0
1710120660000.0,626489,1710120660000.0,0.4442186955736212,-0.002399168,2814.6527299153,2816.067466002021,-30.4,0.3946,91.2,0.37998754290876247,long_nclose,34.65486391327914,0.012312305367178276,10.0
1710120900000.0,626493,1710120900000.0,0.3331640216802159,-0.0017993760000000003,2814.9840945609803,2816.017786626021,-22.8,0.3946,68.4,0.37998754290876247,long_nclose,25.991147934959354,0.009233142022073445,4.0
1710121200000.0,626498,1710121200000.0,0.0,-0.022820832000000003,2814.9612737289804,2816.348005794021,292.8,0.3897,361.2,0.38786076393953317,long_ientry_partial,140.09530793495938,0.0497681119958624,5.0
1710121320000.0,626500,1710121320000.0,0.19294458072008858,-0.004041312,2815.1501769977003,2815.781524482021,-51.6,0.3916,309.6,0.38786076393953317,long_nclose,120.08169251567948,0.042655519231923934,2.0
1710121620000.0,626505,1710121620000.0,0.165274233872634,-0.0034617440000000005,2815.3119894875726,2816.4105427380205,-44.2,0.3916,265.4,0.38786076393953317,long_nclose,102.93824674955209,0.03656370843939337,5.0
1710121800000.0,626508,1710121800000.0,0.3288142338726332,-0.0034944520000000008,2815.6373092694453,2817.2607482860203,-44.2,0.3953,221.2,0.38786076393953317,long_nclose,85.79480098342474,0.030470828292044953,3.0
1710122340000.0,626517,1710122340000.0,0.11815985951075192,-0.002474912,2815.7529942169563,2816.575713374021,-31.6,0.3916,189.6,0.38786076393953317,long_nclose,73.53840084293549,0.026116779772220777,9.0
1710122460000.0,626519,1710122460000.0,0.10095937363260449,-0.00211464,2815.851838950589,2816.411058734021,-27.0,0.3916,162.6,0.38786076393953317,long_nclose,63.06616021656809,0.022396831873111468,2.0
1710122520000.0,626520,1710122520000.0,0.0,-0.015482856,2815.836356094589,2816.765715878021,198.6,0.3898,361.2,0.3889270216405539,long_ientry_partial,140.48044021656807,0.04988941914629114,1.0
1710123180000.0,626531,1710123180000.0,0.19468568334741704,-0.004052664,2816.0269891139365,2817.226063214021,-51.6,0.3927,309.6,0.3889270216405539,long_nclose,120.4118058999155,0.04275946443886999,11.0
1710124200000.0,626548,1710124200000.0,0.16676564348751616,-0.003471468,2816.190283289424,2817.430491746021,-44.2,0.3927,265.4,0.3889270216405539,long_nclose,103.22123154340301,0.03665279017397803,17.0
1710124320000.0,626550,1710124320000.0,0.0,-0.007474446000000001,2816.182808843424,2816.785387300021,95.9,0.3897,361.3,0.3891321935881622,long_ientry_partial,140.593461543403,0.04992341445374536,2.0
1710126600000.0,626588,1710126600000.0,0.19441881085083185,-0.0040547280000000005,2816.373172926275,2817.509092572021,-51.6,0.3929,309.7,0.3891321935881622,long_nclose,120.51424035425383,0.04279057956976519,38.0
1710126660000.0,626589,1710126660000.0,0.16653704340323194,-0.003473236000000001,2816.5362367336784,2817.6693393360215,-44.2,0.3929,265.5,0.3891321935881622,long_nclose,103.31459739765707,0.03668143730949133,1.0
1710126780000.0,626591,1710126780000.0,0.1427998630086536,-0.0029781820000000002,2816.6760584146873,2817.0784111540215,-37.9,0.3929,227.6,0.3891321935881622,long_nclose,88.56648726066571,0.03144361844383116,2.0
1710126960000.0,626594,1710126960000.0,0.12245370838472935,-0.0025538500000000003,2816.7959582730723,2817.492037304022,-32.5,0.3929,195.1,0.3891321935881622,long_nclose,75.91969096905045,0.02695249925578403,3.0
1710127020000.0,626595,1710127020000.0,0.10474501824909158,-0.002184524,2816.8985187673215,2817.562332780022,-27.8,0.3929,167.3,0.3891321935881622,long_nclose,65.10181598729955,0.023111168383796867,1.0
1710128820000.0,626625,1710128820000.0,0.09005057324292404,-0.001878062,2816.9866912785646,2817.469634718022,-23.9,0.3929,143.4,0.3891321935881622,long_nclose,55.80155656054246,0.01980895285494424,30.0
1710129000000.0,626628,1710129000000.0,0.07686325080149164,-0.0016030320000000001,2817.0619514973664,2817.6975916860224,-20.4,0.3929,123.0,0.3891321935881622,long_nclose,47.86325981134395,0.016990488897804665,3.0
1710129720000.0,626640,1710129720000.0,0.15309003144267505,-0.0016260600000000001,2817.213415468809,2817.9583656260224,-20.5,0.3966,102.5,0.3891321935881622,long_nclose,39.886049842786626,0.014157979521103918,12.0
1710129780000.0,626641,1710129780000.0,0.12695270900124273,-0.0013484400000000002,2817.3390197378103,2818.0544671860225,-17.0,0.3966,85.5,0.3891321935881622,long_nclose,33.27080255178787,0.011809300307381589,1.0
1710130860000.0,626659,1710130860000.0,0.1909694896424262,-0.0013690260000000002,2817.528620201453,2818.2719781600226,-17.1,0.4003,68.4,0.3891321935881622,long_nclose,26.616642041430296,0.009446804497598044,18.0
1710130920000.0,626660,1710130920000.0,0.15188216720099393,-0.001088816,2817.6794135526543,2818.313329344023,-13.6,0.4003,54.8,0.3891321935881622,long_nclose,21.324444208631288,0.007568087450283952,1.0
1710131160000.0,626664,1710131160000.0,0.1217290898890319,-0.000872654,2817.8002699885433,2818.290536690023,-10.9,0.4003,43.9,0.3891321935881622,long_nclose,17.08290329852032,0.006062496153636104,4.0
1710131220000.0,626665,1710131220000.0,0.09715991578298876,-0.000696522,2817.896733382326,2818.2828001680227,-8.7,0.4003,35.2,0.3891321935881622,long_nclose,13.69745321430331,0.004860878346617846,1.0
1710131580000.0,626671,1710131580000.0,0.07817464488286452,-0.00056042,2817.974347607209,2818.303379748023,-7.0,0.4003,28.2,0.3891321935881622,long_nclose,10.973527859186174,0.0038941191457274927,6.0
1710131820000.0,626675,1710131820000.0,0.0625397159062916,-0.00044833599999999997,2818.0364389871156,2818.311431412023,-5.6,0.4003,22.6,0.3891321935881622,long_nclose,8.794387575092466,0.00312075012708261,4.0
1710132120000.0,626680,1710132120000.0,0.05025512885327005,-0.00036027000000000005,2818.086333845969,2818.3083811420233,-4.5,0.4003,18.1,0.3891321935881622,long_nclose,7.0432927039457365,0.0024993175756732188,5.0
1710132660000.0,626689,1710132660000.0,0.04020410308261604,-0.000288216,2818.1262497330513,2818.293982926023,-3.6,0.4003,14.5,0.3891321935881622,long_nclose,5.642416807028352,0.002002187378071807,9.0
1710132900000.0,626693,1710132900000.0,0.03238663859432959,-0.00023217399999999998,2818.1584041976457,2818.2937507520232,-2.9,0.4003,11.6,0.3891321935881622,long_nclose,4.513933445622682,0.0016017316269018732,4.0
1710133620000.0,626705,1710133620000.0,0.025685954747226913,-0.00018413799999999998,2818.183906014393,2818.301716614023,-2.3,0.4003,9.3,0.3891321935881622,long_nclose,3.618929400369909,0.0012841352874972476,12.0
1710135000000.0,626728,1710135000000.0,0.011201709617756711,-0.00011898,2818.1949887440105,2818.256357634023,-1.5,0.3966,7.8,0.3891321935881622,long_nclose,3.035231109987665,0.0010770124573035245,23.0
1710135120000.0,626730,1710135120000.0,0.00970814833538915,-0.00010311600000000001,2818.204593776346,2818.254434518023,-1.3,0.3966,6.5,0.3891321935881622,long_nclose,2.5293592583230544,0.0008975073221826512,2.0
1710135600000.0,626738,1710135600000.0,0.007467806411837807,-7.932e-05,2818.211982262758,2818.273405198023,-1.0,0.3966,5.5,0.3891321935881622,long_nclose,2.140227064734892,0.0007594272816257391,8.0
1710135600000.0,626738,1710135600000.0,0.011167806411837788,-8.006e-05,2818.2230700091695,2818.2733251380228,-1.0,0.4003,4.5,0.3891321935881622,long_nclose,1.75109487114673,0.0006213471494792045,0.0
1710136140000.0,626747,1710136140000.0,0.01005102577065401,-7.2054e-05,2818.23304898094,2818.2746930840226,-0.9,0.4003,3.6,0.3891321935881622,long_nclose,1.400875896917384,0.0004970759595002032,9.0
1710136260000.0,626749,1710136260000.0,0.00781746448828645,-5.6041999999999996e-05,2818.2408104034284,2818.2784170420227,-0.7,0.4003,2.9,0.3891321935881622,long_nclose,1.1284833614056704,0.0004004211979472858,2.0
1710136920000.0,626760,1710136920000.0,0.005583903205918894,-4.003e-05,2818.2463542766345,2818.273397012023,-0.5,0.4003,2.4,0.3891321935881622,long_nclose,0.9339172646115892,0.00033138240849469664,11.0
1710137340000.0,626767,1710137340000.0,0.004467122564735116,-3.2024000000000004e-05,2818.250789375199,2818.2765249880226,-0.4,0.4003,2.0,0.3891321935881622,long_nclose,0.7782643871763244,0.0002761515724968054,7.0
1710137760000.0,626774,1710137760000.0,0.007483903205918907,-4.041e-05,2818.258232868405,2818.2820345780224,-0.5,0.4041,1.5,0.3891321935881622,long_nclose,0.5836982903822433,0.00020711313235060046,7.0
1710138120000.0,626780,1710138120000.0,0.009333903205918898,-4.078e-05,2818.267525991611,2818.286893798023,-0.5,0.4078,1.0,0.3891321935881622,long_nclose,0.3891321935881622,0.00013807496626894763,6.0
1710138480000.0,626786,1710138480000.0,0.005600341923551339,-2.4468e-05,2818.2731018655345,2818.2865193300227,-0.3,0.4078,0.7,0.3891321935881622,long_nclose,0.2723925355117135,9.66522851640621e-05,6.0
1710138780000.0,626791,1710138780000.0,0.0037335612823675593,-1.6312000000000002e-05,2818.276819114817,2818.2862530180228,-0.2,0.4078,0.5,0.3891321935881622,long_nclose,0.1945660967940811,6.903725548691547e-05,5.0
1710139680000.0,626806,1710139680000.0,0.0018667806411837796,-8.156000000000001e-06,2818.278677739458,2818.2865448620228,-0.1,0.4078,0.4,0.3891321935881622,long_nclose,0.1556528774352649,5.5229767966067186e-05,15.0
1710139920000.0,626810,1710139920000.0,0.004493561282367564,-1.6464e-05,2818.2831548367403,2818.287928398023,-0.2,0.4116,0.2,0.3891321935881622,long_nclose,0.07782643871763245,2.7614840114296764e-05,4.0
1710140040000.0,626812,1710140040000.0,0.002246780641183782,-8.232e-06,2818.2853933853817,2818.2877001660227,-0.1,0.4116,0.1,0.3891321935881622,long_nclose,0.038913219358816226,1.3807409089990307e-05,2.0
1710140460000.0,626819,1710140460000.0,0.002246780641183782,-8.232e-06,2818.287631934023,2818.287631934023,-0.1,0.4116,0.0,0.3891321935881622,long_nclose,0.0,0.0,7.0
1710173760000.0,627374,1710173760000.0,0.0,-0.028181494000000005,2818.259450440023,2818.457030440023,329.3,0.4279,329.3,0.4279,long_ientry_normal,140.90747000000002,0.04999804754597726,555.0
1710175800000.0,627408,1710175800000.0,0.19269999999999965,-0.0040608,2818.448089640023,2819.661979640023,-47.0,0.432,282.3,0.4279,long_nclose,120.79617,0.042859107621679944,34.0
1710175920000.0,627410,1710175920000.0,0.3853999999999993,-0.00409934,2818.8293903000235,2820.2882503000237,-47.0,0.4361,235.3,0.4279,long_nclose,100.68487,0.0357186817855917,2.0
1710176040000.0,627412,1710176040000.0,0.32143999999999945,-0.0034190240000000005,2819.147411276024,2820.873091276024,-39.2,0.4361,196.1,0.4279,long_nclose,83.91119,0.02976474009992244,2.0
1710176520000.0,627420,1710176520000.0,0.11479999999999979,-0.0024192000000000003,2819.2597920760236,2819.8985720760234,-28.0,0.432,168.1,0.4279,long_nclose,71.92999,0.02551378564053254,8.0
1710176580000.0,627421,1710176580000.0,0.09839999999999982,-0.0020736,2819.3561184760233,2819.9757484760235,-24.0,0.432,144.1,0.4279,long_nclose,61.66039,0.02187038011832643,1.0
1710177420000.0,627435,1710177420000.0,0.0,-0.015857974000000004,2819.3402605020233,2819.4061405020234,185.3,0.4279,329.4,0.42790000000000006,long_ientry_partial,140.95026000000001,0.049994057820783165,14.0
1710178800000.0,627458,1710178800000.0,0.19269999999999704,-0.0040608,2819.5288997020234,2820.7149797020234,-47.0,0.432,282.4,0.42790000000000006,long_nclose,120.83896,0.0428578547333814,23.0
1710178980000.0,627461,1710178980000.0,0.16522999999999746,-0.0034819199999999995,2819.6906477820235,2820.6590477820237,-40.3,0.432,242.1,0.42790000000000006,long_nclose,103.59459000000001,0.036739700534697946,3.0
1710179040000.0,627462,1710179040000.0,0.14144999999999783,-0.0029808,2819.8291169820236,2820.7425569820234,-34.5,0.432,207.6,0.42790000000000006,long_nclose,88.83204,0.03150263236343705,1.0
1710180480000.0,627486,1710180480000.0,0.12135999999999814,-0.0025574400000000002,2819.9479195420236,2820.7489195420235,-29.6,0.432,178.0,0.42790000000000006,long_nclose,76.1662,0.02700978960362142,24.0
1710181260000.0,627499,1710181260000.0,0.24271999999999794,-0.002581712,2820.188057830024,2821.3752578300237,-29.6,0.4361,148.4,0.42790000000000006,long_nclose,63.50036000000001,0.022516356603842925,13.0
1710181320000.0,627500,1710181320000.0,0.20253999999999825,-0.002154334,2820.3884434960237,2821.3161934960235,-24.7,0.4361,123.7,0.42790000000000006,long_nclose,52.931230000000006,0.018767354589777317,1.0
1710181980000.0,627511,1710181980000.0,0.07215999999999889,-0.0015206400000000002,2820.459082856024,2820.936532856024,-17.6,0.432,106.1,0.42790000000000006,long_nclose,45.40019,0.016096737682160356,11.0
1710182100000.0,627513,1710182100000.0,0.06190999999999905,-0.0013046400000000001,2820.519688216024,2820.8927882160237,-15.1,0.432,91.0,0.42790000000000006,long_nclose,38.938900000000004,0.013805576384623226,2.0
1710182160000.0,627514,1710182160000.0,0.05329999999999918,-0.0011232,2820.571865016024,2820.9930650160236,-13.0,0.432,78.0,0.42790000000000006,long_nclose,33.376200000000004,0.011833132285679377,1.0
1710182580000.0,627521,1710182580000.0,0.0455099999999993,-0.00095904,2820.6164159760237,2820.863945976024,-11.1,0.432,66.9,0.42790000000000006,long_nclose,28.626510000000007,0.010149026233364779,7.0
1710183300000.0,627533,1710183300000.0,0.0389499999999994,-0.0008208000000000001,2820.654545176024,2820.884145176024,-9.5,0.432,57.4,0.42790000000000006,long_nclose,24.561460000000004,0.008707716456099107,12.0
1710183360000.0,627534,1710183360000.0,0.033619999999999484,-0.0007084799999999999,2820.687456696024,2820.908856696024,-8.2,0.432,49.2,0.42790000000000006,long_nclose,21.052680000000006,0.0074636698759457,1.0
1710183960000.0,627544,1710183960000.0,0.0,-0.02398743,2820.663469266024,2820.692989266024,279.9,0.4285,329.1,0.4284103008204193,long_ientry_partial,140.98983,0.04998463359285024,10.0
1710193680000.0,627706,1710193680000.0,0.19221586144029223,-0.0040655000000000005,2820.8516196274645,2822.0335337660244,-47.0,0.4325,282.1,0.4284103008204193,long_nclose,120.8545458614403,0.04284328357455432,162.0
1710193920000.0,627710,1710193920000.0,0.16481487693710162,-0.00348595,2821.0129485544016,2822.0018378160244,-40.3,0.4325,241.8,0.4284103008204193,long_nclose,103.58961073837739,0.03672071437724552,4.0
1710194040000.0,627712,1710194040000.0,0.14109462169553366,-0.0029842500000000004,2821.1510589260974,2822.3927235660244,-34.5,0.4325,207.3,0.4284103008204193,long_nclose,88.80945536007293,0.031479865312096844,2.0
1710194640000.0,627722,1710194640000.0,0.0,-0.010474992,2821.1405839340973,2821.4634085740245,122.4,0.4279,329.7,0.4282208533820835,long_ientry_partial,141.18441536007293,0.05004515413520812,10.0
1710194880000.0,627726,1710194880000.0,0.19212780570386853,-0.004072266000000001,2821.328639473801,2822.7074863080243,-47.1,0.4323,282.6,0.4282208533820835,long_nclose,121.0152131657768,0.04289298718080112,4.0
1710195300000.0,627733,1710195300000.0,0.16438960870203612,-0.0034843379999999996,2821.4895447445033,2822.4294619700245,-40.3,0.4323,242.3,0.4282208533820835,long_nclose,103.75791277447884,0.036774161707508475,7.0
1710195540000.0,627737,1710195540000.0,0.14113847297991192,-0.0029915160000000005,2821.6276917014834,2822.6203204540247,-34.6,0.4323,207.7,0.4282208533820835,long_nclose,88.94147124745874,0.03152133483415939,4.0
1710199440000.0,627802,1710199440000.0,0.12074273989032927,-0.0025592160000000004,2821.7458752253738,2822.543611238025,-29.6,0.4323,178.1,0.4282208533820835,long_nclose,76.26613398734906,0.027027995205719108,65.0
1710199740000.0,627807,1710199740000.0,0.10361032409507984,-0.002196084,2821.8472894654687,2822.4854451540245,-25.4,0.4323,152.7,0.4282208533820835,long_nclose,65.38932431144414,0.023172524096380348,5.0
1710199860000.0,627809,1710199860000.0,0.08892539627058034,-0.0018848280000000003,2821.934330033739,2822.4813803260245,-21.8,0.4323,130.9,0.4282208533820835,long_nclose,56.05410970771473,0.01986371869505714,2.0
1710200340000.0,627817,1710200340000.0,0.0762800417550391,-0.0016168019999999999,2822.008993273494,2822.4554535240245,-18.7,0.4323,112.2,0.4282208533820835,long_nclose,48.04637974946977,0.017025594129569582,8.0
1710201900000.0,627843,1710201900000.0,0.06526634588666447,-0.0013833600000000001,2822.072876259381,2822.5903501640246,-16.0,0.4323,96.2,0.4282208533820835,long_nclose,41.19484609535643,0.014597371471837978,26.0
1710202080000.0,627846,1710202080000.0,0.05588430866545645,-0.001184502,2822.1275760660465,2822.4723556620247,-13.7,0.4323,82.5,0.4282208533820835,long_nclose,35.328220404021884,0.012518293185479683,3.0
1710202860000.0,627859,1710202860000.0,0.04772601542962339,-0.001011582,2822.1742904994762,2822.4701740800247,-11.7,0.4323,70.8,0.4282208533820835,long_nclose,30.31803641945151,0.010742793781912646,13.0
1710204480000.0,627886,1710204480000.0,0.041199380840956944,-0.000873246,2822.2146166343173,2822.4925708340247,-10.1,0.4323,60.7,0.4282208533820835,long_nclose,25.99300580029247,0.009210144985816456,27.0
1710205080000.0,627896,1710205080000.0,0.03508066091408215,-0.000743556,2822.248953739231,2822.492737278025,-8.6,0.4323,52.1,0.4282208533820835,long_nclose,22.31030646120655,0.007905151822856506,10.0
1710205980000.0,627911,1710205980000.0,0.07034066091408209,-0.000750608,2822.318543792145,2822.6830366700246,-8.6,0.4364,43.5,0.4282208533820835,long_nclose,18.627607122120633,0.006600107972607538,15.0
1710206100000.0,627913,1710206100000.0,0.05888985564899896,-0.000628416,2822.376805231794,2822.6918582540247,-7.2,0.4364,36.3,0.4282208533820835,long_nclose,15.544416977769629,0.005507562614940427,2.0
1710207120000.0,627930,1710207120000.0,0.04907487970749913,-0.0005236800000000001,2822.4253564315018,2822.6853045740245,-6.0,0.4364,30.3,0.4282208533820835,long_nclose,12.97509185747713,0.00459714260570633,17.0
1710207720000.0,627940,1710207720000.0,0.04089573308958261,-0.0004364,2822.4658157645913,2822.7132281740246,-5.0,0.4364,25.3,0.4282208533820835,long_nclose,10.833987590566712,0.0038384831908519824,10.0
1710212100000.0,628013,1710212100000.0,0.03435241579524939,-0.000366576,2822.4998016043864,2822.6787115980246,-4.2,0.4364,21.1,0.4282208533820835,long_nclose,9.035460006361962,0.0032012260908666702,73.0
1710212280000.0,628016,1710212280000.0,0.028627013162707826,-0.00030548,2822.5281231375493,2822.6755961180247,-3.5,0.4364,17.6,0.4282208533820835,long_nclose,7.53668701952467,0.0026701902304331394,3.0
1710213720000.0,628040,1710213720000.0,0.0,-0.026710624000000002,2822.5014125135494,2822.3758154940247,310.3,0.4304,327.9,0.43028303452127076,long_ientry_partial,141.08980701952467,0.04998750625739408,24.0
1710214440000.0,628052,1710214440000.0,0.19267398440452893,-0.004065984,2822.6900205139536,2823.9035195100246,-46.8,0.4344,281.1,0.43028303452127076,long_nclose,120.95256100392922,0.042850104023078754,12.0
1710215400000.0,628068,1710215400000.0,0.16509031569704297,-0.0034838880000000005,2822.8516269416505,2823.8197156220244,-40.1,0.4344,241.0,0.43028303452127076,long_nclose,103.69821131962625,0.0367352680990802,16.0
1710215460000.0,628069,1710215460000.0,0.14162361246828623,-0.0029886720000000004,2822.990261882119,2823.840826950024,-34.4,0.4344,206.6,0.43028303452127076,long_nclose,88.89647493209453,0.031490181221109234,1.0
1710215640000.0,628072,1710215640000.0,0.0,-0.010437744,2822.979824138119,2822.9797492060247,121.2,0.4306,327.8,0.43040022859089244,long_ientry_partial,141.08519493209454,0.049977401087224954,3.0
1710216840000.0,628092,1710216840000.0,0.19186930194623358,-0.00406692,2823.1676265200654,2824.3758622860246,-46.8,0.4345,281.0,0.43040022859089244,long_nclose,120.94246423404077,0.04283927851040098,20.0
1710225000000.0,628228,1710225000000.0,0.0,-0.028233632,2823.1393928880652,2820.3238886540244,337.4,0.4184,618.4,0.4238528852426274,long_rentry,262.11062423404076,0.092843670735614,136.0
1710228000000.0,628278,1710228000000.0,0.357360233076003,-0.007556714,2823.489196407141,2826.2706919400243,-88.3,0.4279,530.1,0.4238528852426274,long_nclose,224.6844144671168,0.07957686353219458,50.0
1710228240000.0,628282,1710228240000.0,0.3063665871331079,-0.006478406,2823.7890845882744,2825.6735335340245,-75.7,0.4279,454.4,0.4238528852426274,long_nclose,192.59875105424987,0.06820578495236018,4.0
1710228780000.0,628291,1710228780000.0,0.26265774775348355,-0.005554142000000001,2824.0461881940278,2825.4667393920245,-64.9,0.4279,389.5,0.4238528852426274,long_nclose,165.09069880200337,0.05845892304883957,9.0
1710228900000.0,628293,1710228900000.0,0.22501958050991808,-0.0047582480000000005,2824.2664495265376,2825.6177811440243,-55.6,0.4279,333.9,0.4238528852426274,long_nclose,141.52447838251328,0.050110172291370936,2.0
1710228960000.0,628294,1710228960000.0,0.19304737392667434,-0.004082166,2824.4554147344643,2825.785418978024,-47.7,0.4279,286.2,0.4238528852426274,long_nclose,121.30669575643995,0.042948702650292804,1.0
1710240540000.0,628487,1710240540000.0,0.16512228210080318,-0.0034916640000000002,2824.6170453525647,2825.512047314024,-40.8,0.4279,245.4,0.4238528852426274,long_nclose,104.01349803854076,0.0368239291799494,193.0
1710240600000.0,628488,1710240600000.0,0.14164901650804196,-0.0029953000000000002,2824.7556990690728,2825.438892014024,-35.0,0.4279,210.4,0.4238528852426274,long_nclose,89.1786470550488,0.03157039282527637,1.0
1710240720000.0,628490,1710240720000.0,0.12141344272117882,-0.0025674,2824.8745451117943,2825.6226846140244,-30.0,0.4279,180.4,0.4238528852426274,long_nclose,76.46306049776999,0.027067772135255644,2.0
1710240960000.0,628494,1710240960000.0,0.0,-0.012959804,2824.8615853077945,2825.0520248100247,152.9,0.4238,333.3,0.42382862435574553,long_ientry_partial,141.26208049777,0.05000672642952812,4.0
1710242340000.0,628517,1710242340000.0,0.19379748066651284,-0.004073608,2825.051309180461,2826.0430812020245,-47.6,0.4279,285.7,0.42382862435574553,long_nclose,121.0878379784365,0.04286217301078461,23.0
1710242400000.0,628518,1710242400000.0,0.16611212628558242,-0.0034916640000000002,2825.2139296427463,2826.3334595380243,-40.8,0.4279,244.9,0.42382862435574553,long_nclose,103.79563010472208,0.03673903381817434,1.0
1710243960000.0,628544,1710243960000.0,0.0,-0.00748784,2825.206441802746,2825.081811698024,88.3,0.424,333.2,0.4238740399301383,long_ientry_partial,141.23483010472208,0.04999097694772388,26.0
1710245880000.0,628576,1710245880000.0,0.0,-0.028248102,2825.1781937007463,2821.053223596024,342.9,0.4119,676.1,0.4178011242489603,long_rentry,282.4753401047221,0.09998496404034009,32.0
1710249900000.0,628643,1710249900000.0,0.38589150997532984,-0.00814074,2825.555944470722,2827.6998128560244,-96.5,0.4218,579.6,0.4178011242489603,long_nclose,242.1575316146974,0.08570261441419023,67.0
1710249960000.0,628644,1710249960000.0,0.3311069121860861,-0.006985008000000001,2825.880066374908,2828.0157478480246,-82.8,0.4218,496.8,0.4178011242489603,long_nclose,207.56359852688348,0.07345095816226552,1.0
1710252180000.0,628681,1710252180000.0,0.2835202907487139,-0.005981124000000001,2826.1576055416567,2827.9459067240246,-70.9,0.4218,425.9,0.4178011242489603,long_nclose,177.94149881763218,0.06296234097798244,37.0
1710263160000.0,628864,1710263160000.0,0.0,-0.028259911999999998,2826.1293456296567,2822.2566268120245,348.2,0.4058,774.1,0.4124028663191218,long_rentry,319.2410588176322,0.1129605264922883,183.0
1710263880000.0,628876,1710263880000.0,0.0,-0.030656663999999997,2826.0986889656565,2818.5420601480246,383.4,0.3998,1157.5,0.4082284050260321,long_rentry,472.5243788176321,0.16720023991468416,12.0
1710264060000.0,628879,1710264060000.0,0.0,-0.045279233999999995,2826.0534097316563,2813.2219809140242,573.3,0.3949,1730.8,0.4038135826309407,long_rentry,698.9205488176322,0.24731328375141964,3.0
1710264120000.0,628880,1710264120000.0,0.0,-0.06675873600000001,2825.9866509956564,2812.685622178024,857.2,0.3894,2588.0,0.3990395010887296,long_rentry,1032.7142288176321,0.3654349281705858,1.0
1710264780000.0,628891,1710264780000.0,1.4272264474966603,-0.029790426,2827.384087017153,2837.944301752024,-369.7,0.4029,2218.3,0.3990395010887296,long_nclose,885.1893252651289,0.31307714057306946,11.0
1710265140000.0,628897,1710265140000.0,1.2233921049815841,-0.025535802,2828.5819433201345,2836.492715950024,-316.9,0.4029,1901.4,0.3990395010887296,long_nclose,758.7337073701104,0.26823819234295315,6.0
1710265380000.0,628901,1710265380000.0,2.427612104981592,-0.025776646,2830.983778779116,2842.171139304024,-316.9,0.4067,1584.5,0.3990395010887296,long_nclose,632.2780894750921,0.2233421802747902,4.0
1710265500000.0,628903,1710265500000.0,2.0223717125753877,-0.02147376,2832.9846767316917,2844.1567655440244,-264.0,0.4067,1320.5,0.3990395010887296,long_nclose,526.9316611876675,0.1859987685480773,2.0
1710265620000.0,628905,1710265620000.0,1.6853097604794898,-0.017894800000000002,2834.6520916921713,2843.1925207440245,-220.0,0.4067,1100.5,0.3990395010887296,long_nclose,439.1429709481469,0.1549195304196913,2.0
1710266220000.0,628915,1710266220000.0,2.52245581037061,-0.01807021,2837.1564772925417,2846.8941405340242,-220.1,0.4105,880.4,0.3990395010887296,long_nclose,351.31437675851754,0.12382622515546689,10.0
1710266400000.0,628918,1710266400000.0,2.0170478083835865,-0.014449599999999998,2839.1590755009256,2846.7387709340246,-176.0,0.4105,704.4,0.3990395010887296,long_nclose,281.0834245669011,0.09900235143298841,3.0
1710266580000.0,628921,1710266580000.0,1.6136382467068693,-0.011559680000000001,2840.7611540676326,2847.5020912540244,-140.8,0.4105,563.6,0.3990395010887296,long_nclose,224.898662813608,0.079168451910003,3.0
1710266880000.0,628926,1710266880000.0,1.2915982273001716,-0.00925267,2842.043499624933,2847.2110385840247,-112.7,0.4105,450.9,0.3990395010887296,long_nclose,179.92691104090818,0.06330899265428319,5.0
1710266940000.0,628927,1710266940000.0,1.032590951905461,-0.00739721,2843.0686933668385,2847.384041374025,-90.1,0.4105,360.8,0.3990395010887296,long_nclose,143.97345199281364,0.050640159461752716,1.0
1710267840000.0,628942,1710267840000.0,0.46039598456735153,-0.004888534,2843.5242008174055,2845.6472928400244,-60.1,0.4067,300.7,0.3990395010887296,long_nclose,119.99117797738099,0.042198050553917586,15.0
1710267900000.0,628943,1710267900000.0,0.38379099545464745,-0.004075134,2843.9039166788602,2845.999057706025,-50.1,0.4067,250.6,0.3990395010887296,long_nclose,99.99929897283563,0.035162685485385814,1.0
1710268200000.0,628948,1710268200000.0,0.574170995454646,-0.00411321,2844.473974464315,2847.0324544960245,-50.1,0.4105,200.5,0.3990395010887296,long_nclose,80.00741996829028,0.028127316574713138,5.0
1710268260000.0,628949,1710268260000.0,0.0,-0.011933964,2844.4620405003147,2846.9859805320243,144.9,0.4118,345.4,0.4043927040193697,long_ientry_partial,139.67723996829028,0.04910497590740298,1.0
1710268740000.0,628957,1710268740000.0,0.4489195188862417,-0.0047403,2844.906219719201,2847.0099902320244,-57.5,0.4122,287.9,0.4043927040193697,long_nclose,116.42465948717653,0.040923900647476495,8.0
1710269700000.0,628973,1710269700000.0,0.37396947747219095,-0.0039488760000000005,2845.2762403206734,2847.1499913560247,-47.9,0.4122,240.0,0.4043927040193697,long_nclose,97.05424896464874,0.03411065948159408,16.0
1710269760000.0,628974,1710269760000.0,0.0,-0.008664444,2845.2675758766736,2847.037796912025,105.1,0.4122,345.1,0.40677041137249703,long_ientry_partial,140.37646896464872,0.04933682517413022,1.0
1710270300000.0,628983,1710270300000.0,0.1937287193358968,-0.004049502,2845.4572550940097,2846.826687410025,-49.3,0.4107,295.8,0.40677041137249703,long_nclose,120.32268768398463,0.04228588831147609,9.0
1710271440000.0,629002,1710271440000.0,0.16582864008062567,-0.0034663080000000004,2845.6196174260904,2846.692241102025,-42.2,0.4107,253.6,0.40677041137249703,long_nclose,103.15697632406524,0.03625114744512916,19.0
1710271500000.0,629003,1710271500000.0,0.0,-0.00761172,2845.6120057060903,2846.788489382025,92.6,0.411,346.2,0.4079017224843017,long_ientry_partial,141.21557632406524,0.04962573114004873,1.0
1710271560000.0,629004,1710271560000.0,0.19257490927549714,-0.004068584,2845.800512031366,2846.957520798025,-49.4,0.4118,296.8,0.4079017224843017,long_nclose,121.06523123334074,0.04254171391195757,1.0
1710271680000.0,629006,1710271680000.0,0.16528696666560888,-0.003492064,2845.9623069340314,2847.513708734025,-42.4,0.4118,254.4,0.4079017224843017,long_nclose,103.77019820000635,0.03646225318837707,2.0
1710271800000.0,629008,1710271800000.0,0.0,-0.007455168000000001,2845.9548517660314,2847.338853566025,90.3,0.4128,344.7,0.40918490919642114,long_ientry_partial,141.04603820000636,0.04956018122089376,2.0
1710272040000.0,629012,1710272040000.0,0.19262246753608092,-0.004064904000000001,2846.1434093295675,2847.4185186620252,-49.2,0.4131,295.5,0.40918490919642114,long_nclose,120.91414066754244,0.0424835025077056,4.0
1710272700000.0,629023,1710272700000.0,0.16521683191102876,-0.0034865640000000006,2846.3051395974785,2847.448812098025,-42.2,0.4131,253.3,0.40918490919642114,long_nclose,103.64653749945349,0.036414415326570033,11.0
1710273780000.0,629041,1710273780000.0,0.0,-0.007552410000000001,2846.2975871874787,2847.2569196880254,91.5,0.4127,344.8,0.4101177131654683,long_ientry_partial,141.40858749945346,0.04968158921119137,18.0
1710273900000.0,629043,1710273900000.0,0.1959285122589608,-0.004074744000000001,2846.489440955738,2847.6666049440255,-49.2,0.4141,295.6,0.4101177131654683,long_nclose,121.23079601171244,0.042589582194623554,2.0
1710273960000.0,629044,1710273960000.0,0.16805250441723874,-0.0034950040000000003,2846.653998456155,2847.587089940025,-42.2,0.4141,253.4,0.4101177131654683,long_nclose,103.92382851612967,0.0365073621776624,1.0
1710274020000.0,629045,1710274020000.0,0.1441587834100484,-0.0029980840000000007,2846.795159155565,2847.6818318560254,-36.2,0.4141,217.2,0.4101177131654683,long_nclose,89.07756729953971,0.031290473082707666,1.0
1710274200000.0,629048,1710274200000.0,0.0,-0.010540358000000001,2846.784618797565,2847.207531498025,127.7,0.4127,344.9,0.41107381066842485,long_ientry_partial,141.77935729953973,0.04980333122616947,3.0
1710279840000.0,629142,1710279840000.0,0.19316851511349617,-0.0040836,2846.973703712679,2848.1346778980255,-49.2,0.415,295.7,0.41107381066842485,long_nclose,121.55452581465323,0.042696047967052356,94.0
1710279900000.0,629143,1710279900000.0,0.1656851897924703,-0.0035026000000000007,2847.135886302471,2848.2579252980254,-42.2,0.415,253.5,0.41107381066842485,long_nclose,104.2072110044457,0.036600715654558344,1.0
1710280320000.0,629150,1710280320000.0,0.14212805380301954,-0.0030046,2847.275009756274,2848.1281706980253,-36.2,0.415,217.3,0.41107381066842485,long_nclose,89.32633905824872,0.03137257158236184,7.0
1710281340000.0,629167,1710281340000.0,0.0,-0.010575024,2847.264434732274,2847.353095674025,128.4,0.4118,345.7,0.41134353213262576,long_ientry_partial,142.20145905824873,0.04994318663332014,17.0
1710282600000.0,629188,1710282600000.0,0.19505386586155038,-0.004094858,2847.4553937401356,2849.2208908160255,-49.3,0.4153,296.4,0.41134353213262576,long_nclose,121.92222292411026,0.042817957110810184,21.0
1710282600000.0,629188,1710282600000.0,0.3873238658615511,-0.004133312,2847.8385842939974,2849.3104275040255,-49.3,0.4192,247.1,0.41134353213262576,long_nclose,101.64298678997183,0.03569127384906542,0.0
1710282660000.0,629189,1710282660000.0,0.32290082934908215,-0.0034458240000000005,2848.1580392993465,2849.8382716800256,-41.1,0.4192,206.0,0.41134353213262576,long_nclose,84.7367676193209,0.029751427571823346,1.0
1710283140000.0,629197,1710283140000.0,0.11632015530080286,-0.002441964,2848.2719174906474,2849.058929716026,-29.4,0.4153,176.6,0.41134353213262576,long_nclose,72.6432677746217,0.02550433030236139,8.0
1710285000000.0,629228,1710285000000.0,0.2309801553008033,-0.002464896,2848.500432749948,2849.568584820025,-29.4,0.4192,147.2,0.41134353213262576,long_nclose,60.54976792992251,0.021256717125181422,31.0
1710285180000.0,629231,1710285180000.0,0.1924834627506694,-0.0020540800000000002,2848.6908621326984,2849.765280740025,-24.5,0.4192,122.7,0.41134353213262576,long_nclose,50.47185139267318,0.01771756004261093,3.0
1710285480000.0,629236,1710285480000.0,0.16027194449443494,-0.001710336,2848.849423741193,2849.6736004040254,-20.4,0.4192,102.3,0.41134353213262576,long_nclose,42.080443337167615,0.01477103106485226,5.0
1710285720000.0,629240,1710285720000.0,0.13355995374536245,-0.0014252800000000001,2848.9815584149383,2849.6943651240254,-17.0,0.4192,85.3,0.41134353213262576,long_nclose,35.08760329091297,0.012315840791343817,4.0
1710288240000.0,629282,1710288240000.0,0.2015599537453625,-0.00143888,2849.1816794886836,2850.0529462440254,-17.0,0.4232,68.3,0.41134353213262576,long_nclose,28.09476324465834,0.009860642951242143,42.0
1710288720000.0,629290,1710288720000.0,0.16124796299629,-0.001151104,2849.3417763476796,2849.995795140025,-13.6,0.4232,54.7,0.41134353213262576,long_nclose,22.50049120765463,0.007896732990907124,8.0
1710289560000.0,629304,1710289560000.0,0.1292354997543795,-0.0009225760000000001,2849.470089271434,2849.980642564025,-10.9,0.4232,43.8,0.41134353213262576,long_nclose,18.016846707409005,0.006322876234161713,14.0
1710290460000.0,629319,1710290460000.0,0.1031512704461561,-0.0007363679999999999,2849.57250417388,2849.981646196025,-8.7,0.4232,35.1,0.41134353213262576,long_nclose,14.438157977855164,0.005066780352739588,15.0
1710290520000.0,629320,1710290520000.0,0.08299527507161986,-0.00059248,2849.6549069689518,2850.010553716025,-7.0,0.4232,28.1,0.41134353213262576,long_nclose,11.558753252926785,0.0040561940411308626,1.0
1710290640000.0,629322,1710290640000.0,0.06639622005729588,-0.00047398400000000005,2849.720829205009,2849.992099732025,-5.6,0.4232,22.5,0.41134353213262576,long_nclose,9.25522947298408,0.0032477670718243745,2.0
1710293100000.0,629363,1710293100000.0,0.05335410540318419,-0.00038088000000000005,2849.773802430412,2849.989018852025,-4.5,0.4232,18.0,0.41134353213262576,long_nclose,7.404183578387263,0.0025981653603779535,41.0
1710293520000.0,629370,1710293520000.0,0.07090410540318401,-0.00038438999999999997,2849.8443221458156,2850.061084462025,-4.5,0.4271,13.5,0.41134353213262576,long_nclose,5.553137683790448,0.0019485758013648843,7.0
1710294540000.0,629387,1710294540000.0,0.051996343962334934,-0.000281886,2849.896036603778,2850.0598125760253,-3.3,0.4271,10.2,0.41134353213262576,long_nclose,4.195704027752782,0.0014722305564355968,17.0
1710297960000.0,629444,1710297960000.0,0.03939116966843556,-0.00021355000000000001,2849.9352142234466,2850.0573090260255,-2.5,0.4271,7.7,0.41134353213262576,long_nclose,3.1673451974212186,0.0011113744556766215,57.0
1710298740000.0,629457,1710298740000.0,0.029937288948011023,-0.00016229799999999998,2849.964989214395,2850.0546367280253,-1.9,0.4271,5.8,0.41134353213262576,long_nclose,2.3857924863692292,0.0008371304543733653,13.0
1710298860000.0,629459,1710298860000.0,0.02205905501432391,-0.000119588,2849.986928681409,2850.056697140026,-1.4,0.4271,4.4,0.41134353213262576,long_nclose,1.8099115413835534,0.0006350595938420452,2.0
1710299100000.0,629463,1710299100000.0,0.01733211465411165,-9.3962e-05,2850.004166834063,2850.0574831780254,-1.1,0.4271,3.3,0.41134353213262576,long_nclose,1.357433656037665,0.0004762918145293713,4.0
1710299220000.0,629465,1710299220000.0,0.01260517429389938,-6.8336e-05,2850.0167036723574,2850.057844842026,-0.8,0.4271,2.5,0.41134353213262576,long_nclose,1.0283588303315643,0.0003608255449894325,2.0
1710299640000.0,629472,1710299640000.0,0.009453880720424534,-5.1252e-05,2850.0261063010776,2850.0575635900254,-0.6,0.4271,1.9,0.41134353213262576,long_nclose,0.7815527110519889,0.00027422650947795405,7.0
1710301620000.0,629505,1710301620000.0,0.00630258714694969,-3.4168e-05,2850.032374720224,2850.0573594220255,-0.4,0.4271,1.5,0.41134353213262576,long_nclose,0.6170152981989386,0.00021649413658310056,33.0
1710303900000.0,629543,1710303900000.0,0.004726940360212267,-2.5626e-05,2850.0370760345845,2850.0562237960253,-0.3,0.4271,1.2,0.41134353213262576,long_nclose,0.4936122385591509,0.00017319502356998847,38.0
1710304860000.0,629559,1710304860000.0,0.004726940360212267,-2.5626e-05,2850.041777348945,2850.0560481700254,-0.3,0.4271,0.9,0.41134353213262576,long_nclose,0.37020917891936317,0.0001298960534058293,16.0
1710304980000.0,629561,1710304980000.0,0.003151293573474845,-1.7084e-05,2850.0449115585184,2850.0560810860256,-0.2,0.4271,0.7,0.41134353213262576,long_nclose,0.287940472492838,0.00010103015265657012,2.0
1710305160000.0,629564,1710305160000.0,0.0015756467867374226,-8.542e-06,2850.046478663305,2850.0559325440254,-0.1,0.4271,0.6,0.41134353213262576,long_nclose,0.24680611927957544,8.659722608991609e-05,3.0
1710305220000.0,629565,1710305220000.0,0.0015756467867374226,-8.542e-06,2850.048045768092,2850.0560240020254,-0.1,0.4271,0.5,0.41134353213262576,long_nclose,0.20567176606631288,7.216431539521084e-05,1.0
1710307560000.0,629604,1710307560000.0,0.0019756467867374228,-8.622000000000001e-06,2850.0500127928785,2850.0582753800254,-0.1,0.4311,0.4,0.41134353213262576,long_nclose,0.16453741285305032,5.773141247153537e-05,39.0
1710307620000.0,629605,1710307620000.0,0.0047312935734748485,-1.7400000000000003e-05,2850.054726686452,2850.0593179800253,-0.2,0.435,0.2,0.41134353213262576,long_nclose,0.08226870642652516,2.8865658492871435e-05,1.0
1710308220000.0,629615,1710308220000.0,0.0023656467867374242,-8.700000000000001e-06,2850.0570836332386,2850.059429280025,-0.1,0.435,0.1,0.41134353213262576,long_nclose,0.04113435321326258,1.4432817310741269e-05,10.0
1710308340000.0,629617,1710308340000.0,0.0023656467867374242,-8.700000000000001e-06,2850.0594405800252,2850.0594405800252,-0.1,0.435,0.0,0.41134353213262576,long_nclose,0.0,0.0,2.0
1710324660000.0,629889,1710324660000.0,0.0,-0.028501620000000005,2850.030938960025,2850.1304789600254,331.8,0.4295,331.8,0.4295,long_ientry_normal,142.5081,0.050002299291530196,272.0
1710325980000.0,629911,1710325980000.0,0.19433999999999965,-0.0041105280000000004,2850.221168432025,2851.529408432025,-47.4,0.4336,284.4,0.4295,long_nclose,122.14979999999998,0.04285625317532727,22.0
1710327780000.0,629941,1710327780000.0,0.1664599999999997,-0.003520832,2850.384107600025,2851.456827600025,-40.6,0.4336,243.8,0.4295,long_nclose,104.7121,0.036736136621308146,30.0
1710327900000.0,629943,1710327900000.0,0.14267999999999972,-0.0030178559999999998,2850.523769744025,2851.2761697440246,-34.8,0.4336,209.0,0.4295,long_nclose,89.7655,0.031490879308843964,2.0
1710328380000.0,629951,1710328380000.0,0.0,-0.010535,2850.513234744025,2850.717184744025,122.5,0.43,331.5,0.42968476621417795,long_ientry_partial,142.4405,0.0499701240688297,8.0
1710332340000.0,630017,1710332340000.0,0.1946505580693839,-0.004103748000000001,2850.7037815540943,2851.873330996025,-47.3,0.4338,284.2,0.42968476621417795,long_nclose,122.11641055806936,0.042837285076142206,66.0
1710332400000.0,630018,1710332400000.0,0.16707849170437605,-0.0035224560000000006,2850.8673375897984,2851.942888540025,-40.6,0.4338,243.6,0.42968476621417795,long_nclose,104.67120904977375,0.03671556640663107,1.0
1710332520000.0,630020,1710332520000.0,0.143210135746608,-0.003019248,2851.0075284775453,2851.8459092920248,-34.8,0.4338,208.8,0.42968476621417795,long_nclose,89.71817918552036,0.03146893801204039,2.0
1710333600000.0,630038,1710333600000.0,0.0,-0.010552200000000001,2850.9969762775454,2851.261697092025,122.7,0.43,331.5,0.42980144550684873,long_ientry_partial,142.47917918552037,0.049975212310309367,18.0
1710334560000.0,630054,1710334560000.0,0.19386162752605526,-0.004104694,2851.1867332110714,2852.607322398025,-47.3,0.4339,284.2,0.42980144550684873,long_nclose,122.14957081304641,0.042841659365985746,16.0
1710334680000.0,630056,1710334680000.0,0.39252162752605435,-0.0041444260000000005,2851.5751104125975,2853.493657972025,-47.3,0.4381,236.9,0.42980144550684873,long_nclose,101.81996244057247,0.0357065686499978,2.0
1710335100000.0,630063,1710335100000.0,0.13853114186851306,-0.002933164,2851.710708390466,2852.5634348080252,-33.8,0.4339,203.1,0.42980144550684873,long_nclose,87.29267358244097,0.0306106342854496,7.0
1710335340000.0,630067,1710335340000.0,0.11885808030138695,-0.0025166200000000002,2851.8270498507677,2852.5580181880255,-29.0,0.4339,174.1,0.42980144550684873,long_nclose,74.82843166274236,0.026238769166123884,4.0
1710336480000.0,630086,1710336480000.0,0.0,-0.013537238000000004,2851.8135126127677,2851.9334509500254,157.3,0.4303,331.4,0.43003808588636805,long_ientry_partial,142.51462166274237,0.049973331367019744,19.0
1710338220000.0,630115,1710338220000.0,0.0,-0.028517496,2851.7849951167677,2848.0987334540255,341.2,0.4179,672.6,0.4238806150204317,long_rentry,285.10210166274237,0.09997321051584701,29.0
1710348720000.0,630290,1710348720000.0,0.39546095803855863,-0.0082176,2852.1722384748064,2854.3168358540256,-96.0,0.428,576.6,0.4238806150204317,long_nclose,244.40956262078092,0.0856924274501313,175.0
1710349440000.0,630302,1710349440000.0,0.33902538381847264,-0.00704488,2852.5042189786245,2854.589860974025,-82.3,0.428,494.3,0.4238806150204317,long_nclose,209.52418800459938,0.07345271800496134,12.0
1710349620000.0,630305,1710349620000.0,0.2908285795575233,-0.006043359999999999,2852.789004198182,2854.788607614025,-70.6,0.428,423.7,0.4238806150204317,long_nclose,179.5982165841569,0.06295531016134003,3.0
1710375120000.0,630730,1710375120000.0,0.2492227912638833,-0.0051788,2853.0330481894457,2854.492888814025,-60.5,0.428,363.2,0.4238806150204317,long_nclose,153.95343937542077,0.053961323537111035,425.0
1710375180000.0,630731,1710375180000.0,0.2133841419416389,-0.00443408,2853.2419982513875,2854.493634734025,-51.8,0.428,311.4,0.4238806150204317,long_nclose,131.99642351736242,0.04626190964462761,1.0
1710375240000.0,630732,1710375240000.0,0.18290069309283336,-0.00380064,2853.4210983044804,2854.574374094025,-44.4,0.428,267.0,0.4238806150204317,long_nclose,113.17612421045526,0.03966330951912607,1.0
1710375540000.0,630737,1710375540000.0,0.15694856772155297,-0.00326136,2853.5747855122017,2854.632162734025,-38.1,0.428,228.9,0.4238806150204317,long_nclose,97.02627277817682,0.03400165759481264,5.0
1710375720000.0,630740,1710375720000.0,0.3093485677215531,-0.00329184,2853.880842239923,2856.1359808940247,-38.1,0.432,190.8,0.4238806150204317,long_nclose,80.87642134589836,0.02833910237206013,3.0
1710375720000.0,630740,1710375720000.0,0.46555856772155285,-0.003323082,2854.3430777256444,2856.1478978120244,-38.1,0.4361,152.7,0.4238806150204317,long_nclose,64.72656991361991,0.022676520709344575,0.0
1710375780000.0,630741,1710375780000.0,0.3726912418768336,-0.00266021,2854.7131087575212,2856.5973576020247,-30.5,0.4361,122.2,0.4238806150204317,long_nclose,51.79821115549675,0.018144804462694775,1.0
1710375960000.0,630744,1710375960000.0,0.29815299350146685,-0.0021281679999999997,2855.0091335830225,2856.331329434024,-24.4,0.4361,97.8,0.4238806150204317,long_nclose,41.455524148998215,0.014520277242325923,3.0
1710376020000.0,630745,1710376020000.0,0.3981929935014667,-0.002148176,2855.405178400524,2856.6177012580247,-24.4,0.4402,73.4,0.4238806150204317,long_nclose,31.112837142499686,0.010896119884438876,1.0
1710376140000.0,630747,1710376140000.0,0.49579299350146677,-0.0021676959999999998,2855.8988036980254,2857.0610535620244,-24.4,0.4442,49.0,0.4238806150204317,long_nclose,20.770150136001153,0.007272719225592466,2.0
1710376200000.0,630748,1710376200000.0,0.5982749319994234,-0.00219667,2856.494881960025,2857.1176568920246,-24.5,0.4483,24.5,0.4238806150204317,long_nclose,10.385075068000576,0.0036356007964819838,1.0
1710376260000.0,630749,1710376260000.0,0.6987249319994246,-0.00221676,2857.1913901320245,2857.1913901320245,-24.5,0.4524,0.0,0.4238806150204317,long_nclose,0.0,0.0,1.0
1710424500000.0,631553,1710424500000.0,0.0,-0.028567127999999997,2857.1628230040246,2857.2485930040248,285.9,0.4996,285.9,0.4996,long_ientry_normal,142.83563999999998,0.049992124652462895,804.0
1710424620000.0,631555,1710424620000.0,0.1958399999999988,-0.004115903999999999,2857.3545471000243,2858.8986771000245,-40.8,0.5044,245.1,0.4996,long_nclose,122.45196,0.04285501080860914,2.0
1710424680000.0,631556,1710424680000.0,0.39167999999999986,-0.004155072,2857.7420720280247,2859.4581920280248,-40.8,0.5092,204.3,0.4996,long_nclose,102.06828,0.03571640736897093,1.0
1710424800000.0,631558,1710424800000.0,0.3263999999999999,-0.00346256,2858.0650094680245,2859.8190994680244,-34.0,0.5092,170.3,0.4996,long_nclose,85.08188,0.029769049940482774,2.0
1710424980000.0,631561,1710424980000.0,0.4896000000000008,-0.0034952,2858.5511142680243,2860.2139742680242,-34.0,0.514,136.3,0.4996,long_nclose,68.09548000000001,0.023821676534000653,3.0
1710425340000.0,631567,1710425340000.0,0.21791999999999995,-0.002311768,2858.7667225000246,2860.0163225000247,-22.7,0.5092,113.6,0.4996,long_nclose,56.75456,0.019852812596883554,6.0
1710425760000.0,631574,1710425760000.0,0.18143999999999993,-0.001924776,2858.9462377240243,2859.9974077240245,-18.9,0.5092,94.7,0.4996,long_nclose,47.31212,0.01654879667750054,7.0
1710426000000.0,631578,1710426000000.0,0.15071999999999997,-0.001598888,2859.0953588360244,2859.7826588360244,-15.7,0.5092,79.0,0.4996,long_nclose,39.4684,0.013804506337301079,4.0
1710426540000.0,631587,1710426540000.0,0.05375999999999967,-0.0011298559999999998,2859.1479889800244,2859.405628980024,-11.2,0.5044,67.8,0.4996,long_nclose,33.872879999999995,0.011847193685166273,9.0
1710426600000.0,631588,1710426600000.0,0.0,-0.02180872,2859.1261802600243,2859.138280260024,218.0,0.5002,285.8,0.5000576627011896,long_ientry_partial,142.91647999999998,0.049986069515477766,1.0
1710428040000.0,631612,1710428040000.0,0.1975673617914664,-0.004119984,2859.3196276378153,2860.5060002760238,-40.8,0.5049,245.0,0.5000576627011896,long_nclose,122.51412736179144,0.0428473005177825,24.0
1710428100000.0,631613,1710428100000.0,0.16948180545836578,-0.0035343000000000006,2859.4855751432738,2860.439465976024,-35.0,0.5049,210.0,0.5000576627011896,long_nclose,105.0121091672498,0.03672412621350195,1.0
1710428160000.0,631614,1710428160000.0,0.14527011896431352,-0.0030294000000000002,2859.627815862238,2860.769436576024,-30.0,0.5049,180.0,0.5000576627011896,long_nclose,90.01037928621412,0.03147625673065923,1.0
1710428280000.0,631616,1710428280000.0,0.2892701189643143,-0.0030582,2859.9140277812025,2861.7653783760243,-30.0,0.5097,150.0,0.5000576627011896,long_nclose,75.00864940517843,0.026227588898318086,2.0
1710428640000.0,631622,1710428640000.0,0.24105843247026193,-0.0025485000000000004,2860.1525377136727,2861.282829876024,-25.0,0.5097,125.0,0.5000576627011896,long_nclose,62.50720783764869,0.021854501469217174,6.0
1710428700000.0,631623,1710428700000.0,0.20056061581525794,-0.0021203520000000003,2860.350977977488,2861.501589524024,-20.8,0.5097,104.2,0.5000576627011896,long_nclose,52.10600845346396,0.01821664853531623,1.0
1710428880000.0,631626,1710428880000.0,0.16681243526942127,-0.0017635620000000004,2860.5160268507575,2861.4234659620242,-17.3,0.5097,86.9,0.5000576627011896,long_nclose,43.455010888733376,0.01519131879732012,3.0
1710429120000.0,631630,1710429120000.0,0.13884965710287087,-0.0014679360000000002,2860.6534085718604,2861.294478026024,-14.4,0.5097,72.5,0.5000576627011896,long_nclose,36.25418054583624,0.012673391483638562,4.0
1710429240000.0,631632,1710429240000.0,0.11570804758572573,-0.0012232800000000002,2860.7678933394463,2861.3512547460246,-12.0,0.5097,60.5,0.5000576627011896,long_nclose,30.25348859342197,0.010575303457459568,2.0
1710429300000.0,631633,1710429300000.0,0.09642337298810477,-0.0010194000000000002,2860.8632973124345,2861.2946853460244,-10.0,0.5097,50.5,0.5000576627011896,long_nclose,25.252911966410075,0.008827025041753405,1.0
1710429360000.0,631634,1710429360000.0,0.08099563331000802,-0.0008562960000000001,2860.9434366497444,2861.3914790500244,-8.4,0.5097,42.1,0.5000576627011896,long_nclose,21.052427599720083,0.0073585612808805285,1.0
1710429480000.0,631636,1710429480000.0,0.06749636109167334,-0.0007135800000000001,2861.010219430836,2861.355685470024,-7.0,0.5097,35.1,0.5000576627011896,long_nclose,17.552023960811756,0.006134904322118612,2.0
1710429660000.0,631639,1710429660000.0,0.055925556333100764,-0.0005912520000000001,2861.065553735169,2861.3422142180243,-5.8,0.5097,29.3,0.5000576627011896,long_nclose,14.651689517144854,0.005121060402833773,3.0
1710429720000.0,631640,1710429720000.0,0.046283219034290286,-0.0004893120000000001,2861.1113476422033,2861.3426849060243,-4.8,0.5097,24.5,0.5000576627011896,long_nclose,12.251412736179145,0.004282046815925336,1.0
1710429780000.0,631641,1710429780000.0,0.03856934919524191,-0.00040776000000000007,2861.1495092313985,2861.302077146024,-4.0,0.5097,20.5,0.5000576627011896,long_nclose,10.251182085374387,0.0035828893430068253,1.0
1710430020000.0,631645,1710430020000.0,0.014042778166550307,-0.000292842,2861.1632591675652,2861.230884304024,-2.9,0.5049,17.6,0.5000576627011896,long_nclose,8.801014863540937,0.0030760267997085662,4.0
1710430080000.0,631646,1710430080000.0,0.0,-0.02684824,2861.136410927565,2861.294036064024,268.0,0.5009,285.6,0.5008480912588967,long_ientry_partial,143.04221486354092,0.04999489514628469,1.0
1710430440000.0,631652,1710430440000.0,0.1938778766370153,-0.004125696,2861.3261631082023,2862.2935903680245,-40.8,0.5056,244.8,0.5008480912588967,long_nclose,122.60761274017793,0.042849925437018925,6.0
1710430620000.0,631655,1710430620000.0,0.16584161506450576,-0.003529088,2861.4884756352667,2862.4649112800244,-34.9,0.5056,209.9,0.5008480912588967,long_nclose,105.12801435524243,0.03673892634912793,3.0
1710430680000.0,631656,1710430680000.0,0.14208207135898918,-0.0030234880000000004,2861.6275342186254,2862.266877792024,-29.9,0.5056,180.0,0.5008480912588967,long_nclose,90.15265642660141,0.03150397993749309,1.0
1710430800000.0,631658,1710430800000.0,0.12212405464635524,-0.0025987840000000003,2861.747059489272,2862.526569008024,-25.7,0.5056,154.3,0.5008480912588967,long_nclose,77.28086048124777,0.02700478374739376,2.0
1710430920000.0,631660,1710430920000.0,0.10454199230427297,-0.0022246400000000004,2861.8493768415765,2862.4648243680244,-22.0,0.5056,132.3,0.5008480912588967,long_nclose,66.26220247355204,0.02315363030974083,2.0
1710430980000.0,631661,1710430980000.0,0.08981107520685268,-0.001911168,2861.9372767487835,2862.2606832000247,-18.9,0.5056,113.4,0.5008480912588967,long_nclose,56.796173548758894,0.01984535929916691,1.0
1710431160000.0,631664,1710431160000.0,0.07698092160587373,-0.0016381440000000002,2862.0126195263892,2862.3481450560244,-16.2,0.5056,97.2,0.5008480912588967,long_nclose,48.68243447036476,0.01700986017260148,3.0
1710431520000.0,631670,1710431520000.0,0.0,-0.01887768,2861.993741846389,2861.8657073760246,188.4,0.501,285.6,0.5009482999662631,long_ientry_partial,143.07083447036476,0.04998991869844688,6.0
1710433440000.0,631702,1710433440000.0,0.19386936137646663,-0.004126512000000001,2862.183484695766,2863.248780864025,-40.8,0.5057,244.8,0.5009482999662631,long_nclose,122.63214383174122,0.04284566118400908,32.0
1710433980000.0,631711,1710433980000.0,0.16583433117741878,-0.003529786,2862.3457892409433,2862.9023810780245,-34.9,0.5057,209.9,0.5009482999662631,long_nclose,105.14904816291863,0.03673527096486927,9.0
1710434040000.0,631712,1710434040000.0,0.14207583100873414,-0.0030240860000000005,2862.484840985952,2863.7721469920243,-29.9,0.5057,180.0,0.5009482999662631,long_nclose,90.17069399392736,0.03150084594434709,1.0
1710434160000.0,631714,1710434160000.0,0.2895510010121083,-0.0030636000000000005,2862.771328386964,2864.2940833920243,-30.0,0.5106,150.0,0.5009482999662631,long_nclose,75.14224499493946,0.026248077955034765,2.0
1710434280000.0,631716,1710434280000.0,0.43355100101210575,-0.0030924,2863.201786987976,2865.2959909920246,-30.0,0.5154,120.0,0.5009482999662631,long_nclose,60.11379599595158,0.020995305419667938,2.0
1710434520000.0,631720,1710434520000.0,0.19303400067473886,-0.0020424,2863.392778588651,2864.4179485920245,-20.0,0.5106,100.0,0.5009482999662631,long_nclose,50.09482999662631,0.017494920840485515,4.0
1710434760000.0,631724,1710434760000.0,0.28903400067473717,-0.0020616000000000002,2863.6797509893254,2864.939886992024,-20.0,0.5154,80.0,0.5009482999662631,long_nclose,40.07586399730105,0.013994534124654092,4.0
1710435000000.0,631728,1710435000000.0,0.3850340006747377,-0.0020808000000000003,2864.06270419,2865.169806192024,-20.0,0.5202,60.0,0.5009482999662631,long_nclose,30.05689799797579,0.010494497188907157,4.0
1710435060000.0,631729,1710435060000.0,0.2887755005060533,-0.0015606,2864.349919090506,2865.333245592024,-15.0,0.5202,45.0,0.5009482999662631,long_nclose,22.54267349848184,0.007870083661300584,1.0
1710435180000.0,631731,1710435180000.0,0.2156190403778531,-0.001165248,2864.564372882884,2865.2421203440244,-11.2,0.5202,33.8,0.5009482999662631,long_nclose,16.932052538859693,0.0059108647371116175,2.0
1710435240000.0,631732,1710435240000.0,0.2693790403778534,-0.001176,2864.8325759232616,2865.3897043440243,-11.2,0.525,22.6,0.5009482999662631,long_nclose,11.321431579237547,0.003951864997063202,1.0
1710435360000.0,631734,1710435360000.0,0.18038775025302684,-0.0007875,2865.0121761735145,2865.366296844024,-7.5,0.525,15.1,0.5009482999662631,long_nclose,7.564319329490573,0.0026402398539169254,2.0
1710435420000.0,631735,1710435420000.0,0.12025850016868456,-0.0005250000000000001,2865.1319096736834,2865.371801844024,-5.0,0.525,10.1,0.5009482999662631,long_nclose,5.059577829659257,0.0017659144462341715,1.0
1710435660000.0,631739,1710435660000.0,0.04812925008434221,-0.00026010000000000003,2865.1797788237677,2865.3298917440243,-2.5,0.5202,7.6,0.5009482999662631,long_nclose,3.8072070797435993,0.0013287847093862149,4.0
1710435780000.0,631741,1710435780000.0,0.03657823006410008,-0.00019767599999999998,2865.216159377832,2865.3276040680244,-1.9,0.5202,5.7,0.5009482999662631,long_nclose,2.8554053098076997,0.0009965758780404678,2.0
1710435840000.0,631742,1710435840000.0,0.04569823006410013,-0.0001995,2865.2616581078964,2865.3503945680245,-1.9,0.525,3.8,0.5009482999662631,long_nclose,1.9036035398717996,0.0006643733686538293,1.0
1710435900000.0,631743,1710435900000.0,0.02886204004048429,-0.000126,2865.290394147937,2865.357348568025,-1.2,0.525,2.6,0.5009482999662631,long_nclose,1.3024655799122842,0.00045456669333497125,1.0
1710435900000.0,631743,1710435900000.0,0.034622040040484324,-0.000127152,2865.324889035978,2865.360941416025,-1.2,0.5298,1.4,0.5009482999662631,long_nclose,0.7013276199527683,0.0002447637343452267,0.0
1710436020000.0,631745,1710436020000.0,0.009620680013494766,-4.2000000000000004e-05,2865.334467715991,2865.357519416025,-0.4,0.525,1.0,0.5009482999662631,long_nclose,0.5009482999662631,0.0001748306543653097,2.0
1710436140000.0,631747,1710436140000.0,0.007215510010121073,-3.15e-05,2865.341651726001,2865.3580679160245,-0.3,0.525,0.7,0.5009482999662631,long_nclose,0.35066380997638413,0.0001223811512198394,2.0
1710436200000.0,631748,1710436200000.0,0.004810340006747383,-2.1000000000000002e-05,2865.346441066008,2865.357616916025,-0.2,0.525,0.5,0.5009482999662631,long_nclose,0.25047414998313156,8.7414961902459e-05,1.0
1710436440000.0,631752,1710436440000.0,0.0019251700033736886,-1.0404e-05,2865.3483558320113,2865.356176512025,-0.1,0.5202,0.4,0.5009482999662631,long_nclose,0.20037931998650527,6.993192279000266e-05,4.0
1710436560000.0,631754,1710436560000.0,0.0019251700033736886,-1.0404e-05,2865.3502705980145,2865.3565561080245,-0.1,0.5202,0.3,0.5009482999662631,long_nclose,0.15028448998987892,5.244890704357541e-05,2.0
1710437040000.0,631762,1710437040000.0,0.0014451700033736858,-1.0308e-05,2865.351705460018,2865.3547558000246,-0.1,0.5154,0.2,0.5009482999662631,long_nclose,0.10018965999325263,3.496592051940363e-05,8.0
1710437160000.0,631764,1710437160000.0,0.0014451700033736858,-1.0308e-05,2865.3531403220213,2865.3546354920245,-0.1,0.5154,0.1,0.5009482999662631,long_nclose,0.05009482999662632,1.748295150488726e-05,2.0
1710437460000.0,631769,1710437460000.0,0.0014451700033736858,-1.0308e-05,2865.3545751840247,2865.3545751840247,-0.1,0.5154,0.0,0.5009482999662631,long_nclose,0.0,0.0,5.0
1710442320000.0,631850,1710442320000.0,0.0,-0.028651739999999995,2865.3259234440247,2865.6660034440247,283.4,0.5055,283.4,0.5055,long_ientry_normal,143.25869999999998,0.04999734893258072,81.0
1710442380000.0,631851,1710442380000.0,0.19392000000000106,-0.004123224,2865.515720220025,2866.366220220025,-40.4,0.5103,243.0,0.5055,long_nclose,122.83649999999999,0.042867152719918825,1.0
1710442500000.0,631853,1710442500000.0,0.16656000000000093,-0.003541482,2865.678738738025,2866.824388738025,-34.7,0.5103,208.3,0.5055,long_nclose,105.29565,0.03674370353404291,2.0
1710442560000.0,631854,1710442560000.0,0.3365900000000015,-0.0035754880000000004,2866.011753250025,2867.244313250025,-34.7,0.5152,173.6,0.5055,long_nclose,87.75479999999999,0.030619134726327286,1.0
1710442980000.0,631861,1710442980000.0,0.0,-0.011102976000000002,2866.000650274025,2866.2447302740247,109.8,0.5056,283.4,0.5055387438249823,long_ientry_partial,143.26967999999997,0.04998940945330966,7.0
1710443220000.0,631865,1710443220000.0,0.19639474947071295,-0.004124032,2866.192920991495,2868.0060062420243,-40.4,0.5104,243.0,0.5055387438249823,long_nclose,122.84591474947071,0.04286030917520197,4.0
1710443700000.0,631873,1710443700000.0,0.1686855892731124,-0.003542176,2866.3580644047684,2867.7664340660244,-34.7,0.5104,208.3,0.5055387438249823,long_nclose,105.30372033874382,0.03673781082916147,8.0
1710444120000.0,631880,1710444120000.0,0.14437930839802413,-0.003031776,2866.4994119371663,2867.7426922900245,-29.7,0.5104,178.6,0.5055387438249823,long_nclose,90.28921964714183,0.03149807715680807,7.0
1710444420000.0,631885,1710444420000.0,0.0,-0.010601568,2866.4888103691665,2866.6771707220246,104.8,0.5058,283.4,0.5056353551416438,long_ientry_partial,143.29705964714185,0.04999044794062429,5.0
1710445380000.0,631901,1710445380000.0,0.0,-0.028668276,2866.4601420931663,2862.540862446024,291.7,0.4914,575.1,0.4984149533074975,long_rentry,286.6384396471418,0.09999735752049589,16.0
1710445740000.0,631907,1710445740000.0,0.39285233345445186,-0.008262544,2866.8447318826206,2868.7600599020243,-82.1,0.5032,493.0,0.4984149533074975,long_nclose,245.71857198059627,0.08571045695217543,6.0
1710445800000.0,631908,1710445800000.0,0.3368672871521732,-0.007085056,2867.1745141137726,2868.858594846024,-70.4,0.5032,422.6,0.4984149533074975,long_nclose,210.63015926774847,0.0734626226031634,1.0
1710445860000.0,631909,1710445860000.0,0.2885383155578983,-0.006068592,2867.456983837331,2869.8427462540244,-60.3,0.5032,362.3,0.4984149533074975,long_nclose,180.57573758330636,0.06297417488776191,1.0
1710445920000.0,631910,1710445920000.0,0.5779783155578999,-0.00612648,2868.028835672889,2871.165119774025,-60.3,0.508,302.0,0.4984149533074975,long_nclose,150.52131589886426,0.05248249739565445,1.0
1710446040000.0,631912,1710446040000.0,0.482127848632875,-0.00511048,2868.5058530415217,2871.1197692940245,-50.3,0.508,251.7,0.4984149533074975,long_nclose,125.45104374749712,0.04373393333483333,2.0
1710446400000.0,631918,1710446400000.0,0.40161345641585416,-0.00425704,2868.9032094579375,2870.7043522540243,-41.9,0.508,209.8,0.4984149533074975,long_nclose,104.56745720391298,0.0364485831586038,6.0
1710446460000.0,631919,1710446460000.0,0.33451812956833676,-0.0035458399999999998,2869.234181747506,2871.068016414025,-34.9,0.508,174.9,0.4984149533074975,long_nclose,87.17277533348133,0.030381896287178894,1.0
1710446580000.0,631921,1710446580000.0,0.5020381295683377,-0.0035793440000000004,2869.7326405330746,2871.6765470700248,-34.9,0.5128,140.0,0.4984149533074975,long_nclose,69.77809346304966,0.024315189672194638,2.0
1710446700000.0,631923,1710446700000.0,0.40278130739007034,-0.0028716800000000006,2870.1325501604642,2871.7996753900247,-28.0,0.5128,112.0,0.4984149533074975,long_nclose,55.822474770439726,0.019449441374168864,2.0
1710446940000.0,631927,1710446940000.0,0.537181307390068,-0.00289856,2870.6668329078543,2872.2447768300244,-28.0,0.5176,84.0,0.4984149533074975,long_nclose,41.866856077829794,0.014584366112392284,4.0
1710447000000.0,631928,1710447000000.0,0.402885980542551,-0.0021739199999999998,2871.0675449683968,2872.1817029100243,-21.0,0.5176,63.0,0.4984149533074975,long_nclose,31.400142058372342,0.010936747940117855,1.0
1710447060000.0,631929,1710447060000.0,0.3012052330722881,-0.0016252639999999997,2871.3671249374693,2872.2982276460248,-15.7,0.5176,47.3,0.4984149533074975,long_nclose,23.57502729144463,0.008210384205731976,1.0
1710447360000.0,631934,1710447360000.0,0.22638355097152865,-0.0012215359999999998,2871.592286952441,2872.276906110025,-11.8,0.5176,35.5,0.4984149533074975,long_nclose,17.693730842416162,0.006161644507408166,5.0
1710447900000.0,631943,1710447900000.0,0.16882841089402137,-0.000910976,2871.7602043873353,2872.261765134025,-8.8,0.5176,26.7,0.4984149533074975,long_nclose,13.307679253310184,0.004633979965659863,9.0
1710447960000.0,631944,1710447960000.0,0.126621308170516,-0.000683232,2871.8861424635056,2872.273771902025,-6.6,0.5176,20.1,0.4984149533074975,long_nclose,10.0181405614807,0.003488348793969643,1.0
1710448080000.0,631946,1710448080000.0,0.16002981283976653,-0.0006998820000000001,2872.0454723943453,2872.372232020025,-6.7,0.5223,13.4,0.4984149533074975,long_nclose,6.678760374320467,0.0023254368492823924,2.0
1710448320000.0,631950,1710448320000.0,0.10509420544701085,-0.000459624,2872.1501069757924,2872.364172396025,-4.4,0.5223,9.0,0.4984149533074975,long_nclose,4.4857345797674775,0.0015618036706621494,4.0
1710448380000.0,631951,1710448380000.0,0.0716551400775074,-0.00031338,2872.2214487358697,2872.3587590160246,-3.0,0.5223,6.0,0.4984149533074975,long_nclose,2.990489719844985,0.001041176585169353,1.0
1710449100000.0,631963,1710449100000.0,0.02877757003875364,-0.00015528,2872.2500710259083,2872.3337037360243,-1.5,0.5176,4.5,0.4984149533074975,long_nclose,2.2428672898837387,0.0007808746572970344,12.0
1710449160000.0,631964,1710449160000.0,0.02110355136175267,-0.000113872,2872.27106070527,2872.3335698640244,-1.1,0.5176,3.4,0.4984149533074975,long_nclose,1.6946108412454914,0.0005899898740160649,1.0
1710449220000.0,631965,1710449220000.0,0.015348037354001942,-8.2816e-05,2872.286325926624,2872.336727048025,-0.8,0.5176,2.6,0.4984149533074975,long_nclose,1.2958788785994937,0.0004511663293809791,1.0
1710449460000.0,631969,1710449460000.0,0.011511028015501456,-6.211199999999999e-05,2872.2977748426397,2872.3391449360247,-0.6,0.5176,2.0,0.4984149533074975,long_nclose,0.996829906614995,0.00034704963926297886,4.0
1710449580000.0,631971,1710449580000.0,0.009592523346251214,-5.176e-05,2872.307315605986,2872.3393931760247,-0.5,0.5176,1.5,0.4984149533074975,long_nclose,0.7476224299612463,0.0002602863648674433,2.0
1710449640000.0,631972,1710449640000.0,0.011942523346251233,-5.223e-05,2872.319205899332,2872.3418909460243,-0.5,0.5223,1.0,0.4984149533074975,long_nclose,0.4984149533074975,0.00017352352492154238,1.0
1710450660000.0,631989,1710450660000.0,0.0038370093385004856,-2.0704e-05,2872.3230222046705,2872.3381302420244,-0.2,0.5176,0.8,0.4984149533074975,long_nclose,0.39873196264599803,0.00013881863549592994,17.0
1710450720000.0,631990,1710450720000.0,0.0038370093385004856,-2.0704e-05,2872.326838510009,2872.3388895380244,-0.2,0.5176,0.6,0.4984149533074975,long_nclose,0.2990489719844985,0.00010411383829133705,1.0
1710450900000.0,631993,1710450900000.0,0.004777009338500494,-2.0892e-05,2872.3315946273474,2872.3415486460244,-0.2,0.5223,0.4,0.4984149533074975,long_nclose,0.19936598132299901,6.940911059708776e-05,3.0
1710451620000.0,632005,1710451620000.0,0.005737009338500499,-2.1084000000000003e-05,2872.337310552686,2872.3433075620246,-0.2,0.5271,0.2,0.4984149533074975,long_nclose,0.09968299066149951,3.4704486236791883e-05,12.0
1710451620000.0,632005,1710451620000.0,0.006697009338500504,-2.1276000000000004e-05,2872.3439862860246,2872.3439862860246,-0.2,0.5319,0.0,0.4984149533074975,long_nclose,0.0,0.0,0.0
1710467340000.0,632267,1710467340000.0,0.0,-0.028719600000000005,2872.3152666860246,2872.2879666860244,273.0,0.526,273.0,0.526,long_ientry_normal,143.598,0.049993815673889545,262.0
1710469980000.0,632311,1710469980000.0,0.19500000000000017,-0.0041418,2872.5061248860247,2873.8867248860247,-39.0,0.531,234.0,0.526,long_nclose,123.084,0.04284899479714207,44.0
1710470100000.0,632313,1710470100000.0,0.16700000000000015,-0.0035470799999999998,2872.669577806025,2873.7728778060246,-33.4,0.531,200.6,0.526,long_nclose,105.5156,0.03673085161454127,2.0
1710470220000.0,632315,1710470220000.0,0.0,-0.0076498239999999995,2872.6619279820247,2872.5142279820247,72.8,0.5254,273.4,0.5258402340892465,long_ientry_partial,143.76471999999998,0.050045819384319686,2.0
1710470220000.0,632315,1710470220000.0,0.14756930504755042,-0.0030373200000000005,2872.806459967072,2872.6742106620245,-28.6,0.531,244.8,0.5258402340892465,long_nclose,128.72568930504755,0.04480834024110451,0.0
1710471180000.0,632331,1710471180000.0,0.0,-0.028729440000000002,2872.777730527072,2870.350561222024,281.0,0.5112,525.8,0.5180161455021826,long_rentry,272.3728893050476,0.09481168223031129,16.0
1710472980000.0,632361,1710472980000.0,0.0,-0.028728616000000005,2872.749001911072,2864.886672606024,285.8,0.5026,811.6,0.5125874436976929,long_rentry,416.0159693050476,0.14481459014633596,30.0
1710473160000.0,632364,1710473160000.0,0.0,-0.039902520000000004,2872.709099391072,2862.4028500860245,402.0,0.4963,1213.6,0.5071922950766707,long_rentry,615.5285693050475,0.21426762961676876,3.0
1710473220000.0,632365,1710473220000.0,0.0,-0.05887396,2872.650225431072,2858.9827961260244,601.0,0.4898,1814.6,0.5014319240080721,long_rentry,909.8983693050476,0.31674526931607466,1.0
1710473280000.0,632366,1710473280000.0,0.0,-0.086688602,2872.5635368290723,2851.9559075240245,898.7,0.4823,2713.3,0.4950950426805173,long_rentry,1343.3413793050477,0.46764548880541656,1.0
1710473280000.0,632366,1710473280000.0,0.0,-0.127230984,2872.436305845072,2870.7762565400244,1343.8,0.4734,4057.1,0.4879091714044632,long_rentry,1979.4962993050476,0.6891349671625456,0.0
1710473340000.0,632367,1710473340000.0,2.7183351711135564,-0.057092340000000005,2875.097548676186,2896.2790142000244,-579.5,0.4926,3477.6,0.4879091714044632,long_nclose,1696.7529344761613,0.5901549097899015,1.0
1710473400000.0,632368,1710473400000.0,5.442924253973132,-0.05764701600000001,2880.482825914159,2909.7260471840245,-579.6,0.4973,2898.0,0.4879091714044632,long_nclose,1413.9607787301345,0.4908763093497686,1.0
1710473460000.0,632369,1710473460000.0,8.167044253973122,-0.05819184,2888.5916783281323,2926.8240153440247,-579.6,0.502,2318.4,0.4879091714044632,long_nclose,1131.1686229841075,0.3915986573909985,1.0
1710473580000.0,632371,1710473580000.0,10.83320425397315,-0.05872507200000002,2899.3661575101055,2923.519530272025,-579.6,0.5066,1738.8,0.4879091714044632,long_nclose,848.3764672380806,0.2926075635671497,2.0
1710473640000.0,632372,1710473640000.0,4.899381102668141,-0.03490908,2904.2306295327735,2929.535891192025,-347.7,0.502,1391.1,0.4879091714044632,long_nclose,678.7304483407487,0.2337040458973265,1.0
1710473700000.0,632373,1710473700000.0,6.498801102668157,-0.035228964,2910.6942016714415,2931.9699922280247,-347.7,0.5066,1043.4,0.4879091714044632,long_nclose,509.084429443417,0.1749013789051009,1.0
1710474180000.0,632381,1710474180000.0,8.135330185527685,-0.035566028,2918.7939658289692,2936.247146200025,-347.8,0.5113,695.6,0.4879091714044632,long_nclose,339.3896196289446,0.11627734728873002,8.0
1710474300000.0,632383,1710474300000.0,5.4219940684454215,-0.023703868,2924.1922560294142,2936.942502332024,-231.8,0.5113,463.8,0.4879091714044632,long_nclose,226.29227369739004,0.0773862502476697,2.0
1710475140000.0,632397,1710475140000.0,6.514263151304983,-0.02393208,2930.682587100719,2937.220040252024,-231.9,0.516,231.9,0.4879091714044632,long_nclose,113.14613684869502,0.03860743478215729,14.0
1710475620000.0,632405,1710475620000.0,1.0821989756815826,-0.005866428000000001,2931.7589196484005,2935.1329238240237,-57.9,0.5066,174.0,0.4879091714044632,long_nclose,84.8961958243766,0.028957427316212623,8.0
1710475680000.0,632406,1710475680000.0,0.0,-0.0116679,2931.7472517484007,2934.803355924024,115.0,0.5073,289.0,0.4956252450670471,long_ientry_partial,143.23569582437662,0.04885676817432179,1.0
1710475800000.0,632408,1710475800000.0,0.45573571227503507,-0.004859062,2932.1981283986756,2934.745586862024,-48.1,0.5051,240.9,0.4956252450670471,long_nclose,119.39612153665165,0.0407189815654974,2.0
1710476100000.0,632413,1710476100000.0,0.6866157122750364,-0.004905238000000001,2932.8798388729506,2935.863371624024,-48.1,0.5099,192.8,0.4956252450670471,long_nclose,95.55654724892668,0.032581132708678316,5.0
1710476220000.0,632415,1710476220000.0,0.0,-0.009618902,2932.8702199709505,2935.5668527220237,94.1,0.5111,286.9,0.5007007920840945,long_ientry_partial,143.6510572489267,0.04897968422562848,2.0
1710476280000.0,632416,1710476280000.0,0.45884213838028365,-0.0048784679999999995,2933.324183641331,2935.930184254024,-47.8,0.5103,239.1,0.5007007920840945,long_nclose,119.71755938730698,0.04081293164081632,1.0
1710476820000.0,632425,1710476820000.0,0.16365298993237723,-0.00344751,2933.484389121263,2934.4067267440237,-34.1,0.5055,205.0,0.5007007920840945,long_nclose,102.64366237723937,0.03499035575505029,9.0
1710476880000.0,632426,1710476880000.0,0.0,-0.008618711999999999,2933.475770409263,2934.6593780320236,85.3,0.5052,290.3,0.5020228121847722,long_ientry_partial,145.73722237723936,0.0496807315906028,1.0
1710476880000.0,632426,1710476880000.0,0.10153388420465079,-0.00295212,2933.574352173468,2934.638905912024,-29.2,0.5055,261.1,0.5020228121847722,long_nclose,131.07815626144404,0.04468206376440706,0.0
1710477000000.0,632428,1710477000000.0,0.17818910550799863,-0.003780728,2933.748760550976,2934.638855184024,-37.3,0.5068,223.8,0.5020228121847722,long_nclose,112.35270536695202,0.038296634966741835,2.0
1710477060000.0,632429,1710477060000.0,0.0,-0.0066893199999999995,2933.742071230976,2934.2263058640237,66.1,0.506,289.9,0.5029296494203244,long_ientry_partial,145.799305366952,0.049697383691871634,1.0
1710481020000.0,632495,1710481020000.0,0.0,-0.029337776000000003,2933.712733454976,2929.203548088024,300.1,0.4888,590.0,0.4957426870626306,long_rentry,292.48818536695205,0.09969898621345058,66.0
1710482100000.0,632513,1710482100000.0,0.0,-0.0293349,2933.683398554976,2924.657713188024,305.0,0.4809,895.0,0.4906845646558123,long_rentry,439.162685366952,0.14969668696467633,18.0
1710490920000.0,632660,1710490920000.0,0.0,-0.0421135,2933.641285054976,2919.202109688024,443.3,0.475,1338.3,0.48548919178581185,long_rentry,649.730185366952,0.22147567552887645,147.0
1710491700000.0,632673,1710491700000.0,0.0,-0.062130872000000004,2933.579154182976,2909.509298816024,662.8,0.4687,2001.1,0.47992831211181447,long_rentry,960.3845453669519,0.32737638730407,13.0
1710492540000.0,632687,1710492540000.0,0.0,-0.091458708,2933.4876954749757,2897.906790108024,991.1,0.4614,2992.2,0.4737912189582755,long_rentry,1417.6780853669518,0.48327391573988127,14.0
1710493620000.0,632705,1710493620000.0,0.0,-0.134171226,2933.3535242489756,2866.217688882024,1481.9,0.4527,4474.1,0.4668054391647374,long_rentry,2088.5342153669517,0.7119953998390554,18.0
1710493980000.0,632711,1710493980000.0,0.0,-0.16896776,2933.1845564889754,2794.744891122023,1911.4,0.442,6385.5,0.4593803171822022,long_rentry,2933.373015366952,1.0000642506035156,6.0
1710495480000.0,632736,1710495480000.0,4.0316346663951625,-0.08461567200000002,2937.131575483371,2968.4371154500236,-912.2,0.4638,5473.3,0.4593803171822022,long_nclose,2514.326290033347,0.8560482312133253,25.0
1710495780000.0,632741,1710495780000.0,8.045314666395177,-0.08541840800000002,2945.0914717417663,2989.423917042024,-912.2,0.4682,4561.1,0.4593803171822022,long_nclose,2095.2795646997424,0.7114480432285406,5.0
1710496140000.0,632747,1710496140000.0,6.703840909808127,-0.071175764,2951.7241368875743,2991.7094512780236,-760.1,0.4682,3801.0,0.4593803171822022,long_nclose,1746.1045856095504,0.5915541238385233,6.0
1710496620000.0,632755,1710496620000.0,5.587269065074922,-0.059320939999999996,2957.2520850126493,2978.853430338024,-633.5,0.4682,3167.5,0.4593803171822022,long_nclose,1455.0871546746255,0.49204028362986224,8.0
1710496740000.0,632757,1710496740000.0,4.655910559515472,-0.049432556,2961.858563016165,2988.306517782024,-527.9,0.4682,2639.6,0.4593803171822022,long_nclose,1212.5802852341408,0.40939844338796766,2.0
1710496920000.0,632760,1710496920000.0,3.879778471549263,-0.041192236,2965.6971492517146,2989.4972055460244,-439.9,0.4682,2199.7,0.4593803171822022,long_nclose,1010.4988837056901,0.3407289527053201,3.0
1710497460000.0,632769,1710497460000.0,1.3886643413520718,-0.029145192,2967.0566684010664,2975.578530354024,-314.2,0.4638,1885.5,0.4593803171822022,long_nclose,866.1615880470422,0.2919262032544234,9.0
1710498420000.0,632785,1710498420000.0,2.7711443413520764,-0.029421688,2969.7983910544185,2984.128148666024,-314.2,0.4682,1571.3,0.4593803171822022,long_nclose,721.8242923883943,0.24305498129524966,16.0
1710498660000.0,632789,1710498660000.0,2.3089929616994707,-0.024514952000000003,2972.082869064118,2983.3703437140243,-261.8,0.4682,1309.5,0.4593803171822022,long_nclose,601.5585253500938,0.202403012248282,4.0
1710498720000.0,632790,1710498720000.0,1.9244547908434853,-0.020432248,2973.9868916069613,2981.4292114660243,-218.2,0.4682,1091.3,0.4593803171822022,long_nclose,501.3217401409372,0.16856891385625897,1.0
1710499560000.0,632804,1710499560000.0,0.6890285512946785,-0.014461284000000001,2974.661458874256,2980.572890182024,-155.9,0.4638,935.4,0.4593803171822022,long_nclose,429.7043486922319,0.14445487482627725,14.0
1710500040000.0,632812,1710500040000.0,0.5904696244577874,-0.012392736,2975.239535762714,2978.943597446024,-133.6,0.4638,801.8,0.4593803171822022,long_nclose,368.3311383166897,0.1237988181755815,8.0
1710500520000.0,632820,1710500520000.0,0.5060536826378492,-0.01062102,2975.7349684253513,2978.4289664260236,-114.5,0.4638,687.3,0.4593803171822022,long_nclose,315.73209199932757,0.1061022219214641,8.0
1710503280000.0,632866,1710503280000.0,0.43357088442596514,-0.009099756,2976.1594395537772,2978.174316670024,-98.1,0.4638,589.2,0.4593803171822022,long_nclose,270.66688288375354,0.09094502105180739,46.0
1710503760000.0,632874,1710503760000.0,0.3716953249767958,-0.007801115999999999,2976.523333762754,2979.1092855540237,-84.1,0.4638,505.1,0.4593803171822022,long_nclose,232.03299820873033,0.07795436897026008,8.0
1710504000000.0,632878,1710504000000.0,0.3186591311632221,-0.006687996,2976.8353048979175,2978.272727558024,-72.1,0.4638,433.0,0.4593803171822022,long_nclose,198.91167733989354,0.06681984623489766,4.0
1710504120000.0,632880,1710504120000.0,0.27313639813990465,-0.005732568,2977.102708728057,2979.3372149900238,-61.8,0.4638,371.2,0.4593803171822022,long_nclose,170.52197373803344,0.05727782694164675,2.0
1710505320000.0,632900,1710505320000.0,0.23424318934328392,-0.00491628,2977.3320356374006,2978.833838710024,-53.0,0.4638,318.2,0.4593803171822022,long_nclose,146.17481692737672,0.04909590706636889,20.0
1710506220000.0,632915,1710506220000.0,0.20065359992802057,-0.004211304,2977.5284779333288,2978.461367406024,-45.4,0.4638,272.8,0.4593803171822022,long_nclose,125.31895052730476,0.04208824582402897,15.0
1710506340000.0,632917,1710506340000.0,0.1719256616123348,-0.0036083639999999998,2977.6967952309415,2978.6369990420244,-38.9,0.4638,233.9,0.4593803171822022,long_nclose,107.4490561889171,0.03608461961641184,2.0
1710506400000.0,632918,1710506400000.0,0.0,-0.008100232,2977.6886949989416,2978.2112088100243,87.4,0.4634,321.3,0.46047375097702176,long_ientry_partial,147.9502161889171,0.04968626050043478,1.0
1710506640000.0,632922,1710506640000.0,0.20316483015470047,-0.0042677819999999995,2977.887592047096,2979.051501028024,-45.9,0.4649,275.4,0.46047375097702176,long_nclose,126.81447101907177,0.042585378762364706,4.0
1710506700000.0,632923,1710506700000.0,0.1739515866030442,-0.003654114,2978.057889519699,2979.102926914024,-39.3,0.4649,236.1,0.46047375097702176,long_nclose,108.71785260567484,0.03650629257015848,1.0
1710506760000.0,632924,1710506760000.0,0.0,-0.007828916,2978.050060603699,2979.031037998024,84.2,0.4649,320.3,0.4616373169081325,long_ientry_partial,147.86243260567483,0.049650754553031494,1.0
1710506760000.0,632924,1710506760000.0,0.10995242019593483,-0.0031334260000000004,2978.1568795978947,2979.034644572024,-33.7,0.4649,286.6,0.4616373169081325,long_nclose,132.3052550258708,0.04442521343729025,0.0
1710506820000.0,632925,1710506820000.0,0.18252373845738223,-0.0038126980000000006,2978.335590638352,2979.382931874024,-40.9,0.4661,245.7,0.4616373169081325,long_nclose,113.42428876432814,0.038083112299651126,1.0
1710506880000.0,632926,1710506880000.0,0.0,-0.006886002000000001,2978.328704636352,2979.280165872024,73.9,0.4659,319.6,0.4626229623414523,long_ientry_partial,147.85429876432815,0.04964337835987142,1.0
1710507120000.0,632930,1710507120000.0,0.20415291722977666,-0.004259952000000001,2978.5285976015816,2979.8101059200235,-45.6,0.4671,274.0,0.4626229623414523,long_nclose,126.75869168155792,0.042557486869062994,4.0
1710507300000.0,632933,1710507300000.0,0.1750521724492164,-0.003652722,2978.699997052031,2979.916083198024,-39.1,0.4671,234.9,0.4626229623414523,long_nclose,108.67013385400715,0.03648240304883209,3.0
1710507360000.0,632934,1710507360000.0,0.0,-0.0078122600000000006,2978.692184792031,2979.876430938024,83.5,0.4678,318.4,0.46398063396359035,long_ientry_partial,147.73143385400715,0.04959607260134588,1.0
1710507780000.0,632941,1710507780000.0,0.20063921805299734,-0.004253072,2978.888570938084,2980.7775578660235,-45.4,0.4684,273.0,0.46398063396359035,long_nclose,126.66671307206016,0.04252146733779017,7.0
1710507960000.0,632944,1710507960000.0,0.4058311546566385,-0.00430339,2979.29009870274,2981.8880044760235,-45.5,0.4729,227.5,0.46398063396359035,long_nclose,105.5555942267168,0.03542978049458106,3.0
1710508080000.0,632946,1710508080000.0,0.6060311546566391,-0.0043434300000000006,2979.8917864273967,2982.115711046023,-45.5,0.4773,182.0,0.46398063396359035,long_nclose,84.44447538137345,0.028338101325019672,2.0
1710508140000.0,632947,1710508140000.0,0.48482492372531133,-0.003474744,2980.373136607122,2982.1522763020234,-36.4,0.4773,145.6,0.46398063396359035,long_nclose,67.55558030509876,0.022666819625815213,1.0
1710508200000.0,632948,1710508200000.0,0.3875935516595209,-0.0027778860000000002,2980.7579522727815,2982.4028584160233,-29.1,0.4773,116.5,0.46398063396359035,long_nclose,54.053743856758274,0.018134227844814818,1.0
1710508380000.0,632951,1710508380000.0,0.3103412286483449,-0.002224218,2981.06606928343,2982.381994198023,-23.3,0.4773,93.2,0.46398063396359035,long_nclose,43.24299508540662,0.014505882821913136,3.0
1710508560000.0,632954,1710508560000.0,0.415191228648345,-0.0022451880000000004,2981.4790153240783,2982.5218790100234,-23.3,0.4818,69.9,0.46398063396359035,long_nclose,32.43224631405497,0.010877905276998797,3.0
1710508620000.0,632955,1710508620000.0,0.310056969033528,-0.001676664,2981.787395629112,2982.6966623460235,-17.4,0.4818,52.5,0.46398063396359035,long_nclose,24.35898328308849,0.008169255567581845,1.0
1710508680000.0,632956,1710508680000.0,0.23343369507696649,-0.001262316,2982.019567008189,2982.7374100300235,-13.1,0.4818,39.4,0.46398063396359035,long_nclose,18.28083697816546,0.006130354468634933,1.0
1710508800000.0,632958,1710508800000.0,0.17462978715681465,-0.0009443280000000001,2982.1932524673457,2982.741425702023,-9.8,0.4818,29.6,0.46398063396359035,long_nclose,13.733826765322275,0.004605277258259324,2.0
1710508980000.0,632961,1710508980000.0,0.21872978715681468,-0.000953148,2982.4110291065026,2982.8549325540234,-9.8,0.4863,19.8,0.46398063396359035,long_nclose,9.186816552479089,0.0030803321416201165,3.0
1710509100000.0,632963,1710509100000.0,0.14730781584030375,-0.000641916,2982.557695006343,2982.874750638023,-6.6,0.4863,13.2,0.46398063396359035,long_nclose,6.124544368319392,0.0020534537784712885,2.0
1710509460000.0,632969,1710509460000.0,0.05880390792015186,-0.000317988,2982.616180926263,2982.7916026500234,-3.3,0.4818,9.9,0.46398063396359035,long_nclose,4.593408276239544,0.0015400601343257797,6.0
1710509520000.0,632970,1710509520000.0,0.04276647848738317,-0.00023126400000000001,2982.6587161407506,2982.8013613860235,-2.4,0.4818,7.5,0.46398063396359035,long_nclose,3.4798547547269276,0.0011666955846793953,1.0
1710509640000.0,632972,1710509640000.0,0.05579841509102415,-0.00024315000000000003,2982.7142714058414,2982.8243682360235,-2.5,0.4863,5.0,0.46398063396359035,long_nclose,2.3199031698179517,0.0007777825694059903,2.0
1710509700000.0,632973,1710509700000.0,0.03571098565825546,-0.00015561600000000002,2982.7498267754995,2982.821292620023,-1.6,0.4863,3.4,0.46398063396359035,long_nclose,1.5775341554762072,0.0005288858426258296,1.0
1710509760000.0,632974,1710509760000.0,0.024551302640050628,-0.00010698600000000001,2982.7742710921398,2982.8304356340236,-1.1,0.4863,2.3,0.46398063396359035,long_nclose,1.0671554581162577,0.0003577727850406594,1.0
1710509820000.0,632975,1710509820000.0,0.029391302640050646,-0.00010795400000000002,2982.8035544407794,2982.835737680023,-1.1,0.4907,1.2,0.46398063396359035,long_nclose,0.5567767607563084,0.0001866622292062723,1.0
1710510600000.0,632988,1710510600000.0,0.016031619621845804,-5.888400000000001e-05,2982.8195271764016,2982.8351987960236,-0.6,0.4907,0.6,0.46398063396359035,long_nclose,0.2783883803781542,9.33306148232449e-05,13.0
1710510660000.0,632989,1710510660000.0,0.008015809810922902,-2.9442000000000004e-05,2982.8275135442123,2982.8363093540233,-0.3,0.4907,0.3,0.46398063396359035,long_nclose,0.1391941901890771,4.666518246765325e-05,1.0
1710510900000.0,632993,1710510900000.0,0.009365809810922887,-2.9712e-05,2982.836849642023,2982.836849642023,-0.3,0.4952,0.0,0.46398063396359035,long_nclose,0.0,0.0,4.0
1710522600000.0,633188,1710522600000.0,0.0,-0.029826522,2982.807023120023,2982.564383120023,303.3,0.4917,303.3,0.4917,long_ientry_normal,149.13261,0.04999740474125843,195.0
1710523800000.0,633208,1710523800000.0,0.20350999999999922,-0.004298824,2983.0062342960227,2984.3322342960228,-43.3,0.4964,260.0,0.4917,long_nclose,127.84200000000001,0.04285676594644134,20.0
1710524160000.0,633214,1710524160000.0,0.17436999999999933,-0.0036832880000000003,2983.176921008023,2984.291421008023,-37.1,0.4964,222.9,0.4917,long_nclose,109.59993000000001,0.036739332899828794,6.0
1710524340000.0,633217,1710524340000.0,0.14945999999999943,-0.003157104,2983.323223904023,2984.316943904023,-31.8,0.4964,191.1,0.4917,long_nclose,93.96387,0.03149637600348159,3.0
1710525060000.0,633229,1710525060000.0,0.1283099999999995,-0.0027103440000000004,2983.448823560023,2984.366103560023,-27.3,0.4964,163.8,0.4917,long_nclose,80.54046000000001,0.026995757180072723,12.0
1710525720000.0,633240,1710525720000.0,0.10997999999999958,-0.002323152,2983.556480408023,2984.258480408023,-23.4,0.4964,140.4,0.4917,long_nclose,69.03468000000001,0.02313838549842335,11.0
1710526320000.0,633250,1710526320000.0,0.21995999999999916,-0.0023451479999999996,2983.774095260023,2984.908995260023,-23.4,0.5011,117.0,0.4917,long_nclose,57.5289,0.019280581626936674,10.0
1710527160000.0,633264,1710527160000.0,0.1832999999999993,-0.00195429,2983.955440970023,2984.823190970023,-19.5,0.5011,97.5,0.4917,long_nclose,47.94075,0.01606617489717455,14.0
1710527940000.0,633277,1710527940000.0,0.06532999999999975,-0.001379992,2984.0193909780232,2984.4791909780233,-13.9,0.4964,83.6,0.4917,long_nclose,41.10612,0.013775419866332475,13.0
1710528300000.0,633283,1710528300000.0,0.1306599999999995,-0.0013930580000000002,2984.148657920023,2984.859597920023,-13.9,0.5011,69.7,0.4917,long_nclose,34.27149,0.011484511640880357,6.0
1710528720000.0,633290,1710528720000.0,0.10903999999999958,-0.001162552,2984.256535368023,2984.860775368023,-11.6,0.5011,58.1,0.4917,long_nclose,28.567770000000003,0.009572826485065227,7.0
1710528900000.0,633293,1710528900000.0,0.1647199999999999,-0.001173688,2984.420081680023,2985.108281680023,-11.6,0.5059,46.5,0.4917,long_nclose,22.864050000000002,0.0076611366276322325,3.0
1710529140000.0,633297,1710529140000.0,0.21924000000000032,-0.0011845920000000002,2984.638137088023,2985.2733170880233,-11.6,0.5106,34.9,0.4917,long_nclose,17.160330000000002,0.005749551272819479,4.0
1710529200000.0,633298,1710529200000.0,0.16443000000000024,-0.0008884440000000001,2984.801678644023,2985.323058644023,-8.7,0.5106,26.2,0.4917,long_nclose,12.88254,0.004316045549080654,1.0
1710529560000.0,633304,1710529560000.0,0.07383999999999995,-0.0005261360000000001,2984.874992508023,2985.208892508023,-5.2,0.5059,21.0,0.4917,long_nclose,10.325700000000001,0.003459340852101781,6.0
1710529680000.0,633306,1710529680000.0,0.09828000000000015,-0.0005310240000000002,2984.972741484023,2985.2950614840233,-5.2,0.5106,15.8,0.4917,long_nclose,7.768860000000001,0.0026026569328527933,2.0
1710530040000.0,633312,1710530040000.0,0.07371000000000011,-0.000398268,2985.046053216023,2985.2769132160233,-3.9,0.5106,11.9,0.4917,long_nclose,5.85123,0.0019601808131891343,6.0
1710530280000.0,633316,1710530280000.0,0.05481000000000008,-0.00029614800000000004,2985.1005670680233,2985.260767068023,-2.9,0.5106,9.0,0.4917,long_nclose,4.4253,0.0014824626174476077,4.0
1710530880000.0,633326,1710530880000.0,0.025559999999999982,-0.00018212400000000003,2985.1259449440236,2985.2274649440237,-1.8,0.5059,7.2,0.4917,long_nclose,3.5402400000000003,0.0011859600115017546,10.0
1710531240000.0,633332,1710531240000.0,0.011279999999999957,-0.000120264,2985.1371046800236,2985.1929046800237,-1.2,0.5011,6.0,0.4917,long_nclose,2.9502,0.000988296314891115,6.0
1710531300000.0,633333,1710531300000.0,0.009399999999999964,-0.00010022,2985.1464044600234,2985.1859044600233,-1.0,0.5011,5.0,0.4917,long_nclose,2.4585,0.0008235776966673474,1.0
1710531360000.0,633334,1710531360000.0,0.007519999999999971,-8.017600000000001e-05,2985.1538442840233,2985.1987842840235,-0.8,0.5011,4.2,0.4917,long_nclose,2.06514,0.0006918035410316734,1.0
1710532260000.0,633349,1710532260000.0,0.002819999999999989,-5.9568e-05,2985.1566047160236,2985.1818047160236,-0.6,0.4964,3.6,0.4917,long_nclose,1.7701200000000001,0.0005929739154064886,15.0
1710532740000.0,633357,1710532740000.0,0.002349999999999991,-4.9640000000000006e-05,2985.158905076024,2985.179985076024,-0.5,0.4964,3.1,0.4917,long_nclose,1.52427,0.0005106160336751591,8.0
1710532860000.0,633359,1710532860000.0,0.0,-0.029545530000000004,2985.129359546024,2985.3503995460237,298.5,0.4949,301.6,0.4948671087533156,long_ientry_partial,149.25191999999998,0.04999847645553897,2.0
1710535080000.0,633396,1710535080000.0,0.0,-0.02985086,2985.099508686024,2980.978378686024,310.3,0.481,611.9,0.4878349730348096,long_rentry,298.50622,0.09999875016943605,37.0
1710543360000.0,633534,1710543360000.0,0.40772335675764,-0.008608900000000001,2985.4986231427815,2987.997879786024,-87.4,0.4925,524.5,0.4878349730348096,long_nclose,255.86944335675764,0.08570409022242603,138.0
1710543540000.0,633537,1710543540000.0,0.34941051969276016,-0.00737765,2985.8406560124745,2987.983012136024,-74.9,0.4925,449.6,0.4878349730348096,long_nclose,219.3306038764504,0.07345690180579216,3.0
1710544800000.0,633558,1710544800000.0,0.29949473116522296,-0.006323700000000001,2986.13382704364,2987.8546484360245,-64.2,0.4925,385.4,0.4878349730348096,long_nclose,188.0115986076156,0.0629615447589476,21.0
1710545160000.0,633564,1710545160000.0,0.2565764830854714,-0.0054175,2986.3849860267255,2987.7941509360244,-55.0,0.4925,330.4,0.4878349730348096,long_nclose,161.18067509070107,0.05397183412214578,6.0
1710545640000.0,633572,1710545640000.0,0.22018927275698635,-0.004649200000000001,2986.6005260994825,2987.8083817360243,-47.2,0.4925,283.2,0.4878349730348096,long_nclose,138.15486436345807,0.04625823345175966,8.0
1710545700000.0,633573,1710545700000.0,0.1884670893936917,-0.0039794,2986.7850137888763,2987.8205623360245,-40.4,0.4925,242.8,0.4878349730348096,long_nclose,118.44633145285178,0.03965679849939955,1.0
1710545760000.0,633574,1710545760000.0,0.16140993299558745,-0.0034081000000000003,2986.943015621872,2987.9350942360243,-34.6,0.4925,208.2,0.4878349730348096,long_nclose,101.56724138584735,0.034003742573810496,1.0
1710546000000.0,633578,1710546000000.0,0.13855130086615453,-0.00292545,2987.078641472738,2988.0005987860245,-29.7,0.4925,178.5,0.4878349730348096,long_nclose,87.07854268671352,0.029151740927644488,4.0
1710546180000.0,633581,1710546180000.0,0.11895818761235491,-0.00251175,2987.1950879103506,2987.9853370360247,-25.5,0.4925,153.0,0.4878349730348096,long_nclose,74.63875087432586,0.024986232461482228,3.0
1710546360000.0,633584,1710546360000.0,0.10169758784115047,-0.0021473,2987.2946381981915,2987.9591697360243,-21.8,0.4925,131.2,0.4878349730348096,long_nclose,64.00394846216702,0.021425388591990866,3.0
1710546540000.0,633587,1710546540000.0,0.08723600424906026,-0.00184195,2987.3800322524403,2987.9385977860243,-18.7,0.4925,112.5,0.4878349730348096,long_nclose,54.88143446641608,0.018371092353133354,3.0
1710547200000.0,633598,1710547200000.0,0.0,-0.018851352000000002,2987.36118090044,2987.623986434024,192.4,0.4899,304.9,0.4891380599095313,long_ientry_partial,149.13819446641608,0.04992305430623001,11.0
1710548520000.0,633620,1710548520000.0,0.20279439393538928,-0.00429606,2987.5596792343754,2988.804450374024,-43.5,0.4938,261.4,0.4891380599095313,long_nclose,127.86068886035147,0.04279770200042278,22.0
1710548640000.0,633622,1710548640000.0,0.1738903653744832,-0.003683748,2987.7298858517497,2988.6849866260236,-37.3,0.4938,224.1,0.4891380599095313,long_nclose,109.61583922572596,0.03668867113617147,2.0
1710549600000.0,633638,1710549600000.0,0.0,-0.00793314,2987.7219527117495,2987.9089034860235,81.0,0.4897,305.1,0.48928724754416897,long_ientry_partial,149.28153922572596,0.04996500396907195,16.0
1710551400000.0,633668,1710551400000.0,0.20500473182864964,-0.0042978,2987.922659643578,2988.5538356860234,-43.5,0.494,261.6,0.48928724754416897,long_nclose,127.99754395755461,0.04283830558479821,30.0
1710566220000.0,633915,1710566220000.0,0.0,-0.029883474000000004,2987.8927761695777,2983.877792212023,314.1,0.4757,575.7,0.48187409059849684,long_rentry,277.41491395755463,0.09284634179985378,247.0
1710573780000.0,634041,1710573780000.0,0.38024975280355877,-0.00799806,2988.2650278623814,2990.9920641520234,-82.2,0.4865,493.5,0.48187409059849684,long_nclose,237.80486371035818,0.07957957593890826,126.0
1710573960000.0,634044,1710573960000.0,0.3261266128059719,-0.006859649999999999,2988.5842948251875,2990.541054502023,-70.5,0.4865,423.0,0.48187409059849684,long_nclose,203.83274032316416,0.06820377818223361,3.0
1710574020000.0,634045,1710574020000.0,0.27940492785079013,-0.00587692,2988.8578228330384,2990.4263975820236,-60.4,0.4865,362.6,0.48187409059849684,long_nclose,174.72754525101496,0.05845963763020235,1.0
1710574080000.0,634046,1710574080000.0,0.23962210699786304,-0.005040139999999999,2989.0924048000365,2990.9963374420236,-51.8,0.4865,310.8,0.48187409059849684,long_nclose,149.76646735801282,0.05010432836318817,1.0
1710574500000.0,634053,1710574500000.0,0.4779021069978627,-0.0050877959999999995,2989.5652191110344,2992.369129646024,-51.8,0.4911,259.0,0.48187409059849684,long_nclose,124.80538946501068,0.04174700343286785,7.0
1710574800000.0,634058,1710574800000.0,0.3976366952047854,-0.004233282,2989.958622524239,2992.0368563640236,-43.1,0.4911,215.9,0.48187409059849684,long_nclose,104.03661616021547,0.03479533642254344,5.0
1710575100000.0,634063,1710575100000.0,0.595896695204785,-0.004272934,2990.5502462854442,2992.973923430024,-43.1,0.4957,172.8,0.48187409059849684,long_nclose,83.26784285542026,0.02784365283908774,5.0
1710576240000.0,634082,1710576240000.0,0.11379737127697744,-0.00239358,2990.6616500767213,2991.3916698500243,-24.6,0.4865,148.2,0.48187409059849684,long_nclose,71.41374022669723,0.02387890994785893,19.0
1710576540000.0,634087,1710576540000.0,0.09760668837171642,-0.00205303,2990.7572037350933,2991.3705768200243,-21.1,0.4865,127.1,0.48187409059849684,long_nclose,61.24619691506894,0.020478491814240173,5.0
1710576660000.0,634089,1710576660000.0,0.08372896016720698,-0.00176113,2990.8391715652606,2991.3433956900244,-18.1,0.4865,109.0,0.48187409059849684,long_nclose,52.52427587523616,0.017561718588748953,2.0
1710576720000.0,634090,1710576720000.0,0.07170159572329879,-0.00150815,2990.909365010984,2991.3231875400247,-15.5,0.4865,93.5,0.48187409059849684,long_nclose,45.05522747095945,0.015064056436492515,1.0
1710576780000.0,634091,1710576780000.0,0.061524595039991865,-0.0012940900000000001,2990.9695955160237,2991.372673450024,-13.3,0.4865,80.2,0.48187409059849684,long_nclose,38.64630206599945,0.012920994624598286,1.0
1710577920000.0,634110,1710577920000.0,0.05273536717713589,-0.00110922,2991.021221663201,2991.3876442300243,-11.4,0.4865,68.8,0.48187409059849684,long_nclose,33.15293743317658,0.011084153195924639,19.0
1710578040000.0,634112,1710578040000.0,0.04533391213473085,-0.0009535400000000001,2991.0656020353354,2991.356230690024,-9.8,0.4865,59.0,0.48187409059849684,long_nclose,28.430571345311314,0.00950516475665566,2.0
1710578520000.0,634120,1710578520000.0,0.038857638972626445,-0.00081732,2991.1036423543082,2991.347833370024,-8.4,0.4865,50.6,0.48187409059849684,long_nclose,24.38282898428394,0.008151783388252013,8.0
1710578640000.0,634122,1710578640000.0,0.03330654769082266,-0.00070056,2991.136248341999,2991.376072810024,-7.2,0.4865,43.4,0.48187409059849684,long_nclose,20.913335531974763,0.006991769613827229,2.0
1710579660000.0,634139,1710579660000.0,0.0,-0.025724856,2991.110523485999,2991.709707954024,266.8,0.4821,310.2,0.4820683930753538,long_ientry_partial,149.53761553197475,0.04999401204262278,17.0
1710588420000.0,634285,1710588420000.0,0.0,-0.02990904,2991.080614445999,2986.556998914024,319.2,0.4685,629.4,0.4751871870542973,long_rentry,299.0828155319747,0.09999155960140182,146.0
1710591360000.0,634334,1710591360000.0,0.0,-0.02991241,2991.0507020359987,2982.439906504024,324.5,0.4609,953.9,0.47032693734351055,long_rentry,448.6448655319747,0.14999574070295216,49.0
1710593340000.0,634367,1710593340000.0,0.0,-0.043016743999999996,2991.0076852919988,2976.388229760024,472.4,0.4553,1426.3,0.46534991623920263,long_rentry,663.7285855319747,0.22190801742028216,33.0
1710596580000.0,634421,1710596580000.0,0.0,-0.06346297599999999,2990.9442223159986,2968.762676784024,706.4,0.4492,2132.7,0.4600006871721174,long_rentry,981.0434655319747,0.3280046007585914,54.0
1710597780000.0,634441,1710597780000.0,0.0,-0.09341032800000001,2990.8508119879984,2951.611726456024,1056.2,0.4422,3188.9,0.4541048968396546,long_rentry,1448.0951055319747,0.48417497112449936,20.0
1710611040000.0,634662,1710611040000.0,0.0,-0.13705165400000002,2990.7137603339984,2925.8055448020236,1579.3,0.4339,4768.2,0.4474127292336678,long_rentry,2133.353375531975,0.7133258300499227,221.0
1710612840000.0,634692,1710612840000.0,0.0,-0.17147328,2990.5422870539983,2903.4880115220235,2024.0,0.4236,6792.2,0.44031680096757675,long_rentry,2990.719775531975,1.000059349930862,30.0
1710617280000.0,634766,1710617280000.0,4.0589580211602865,-0.08625967,2994.5149854051588,3012.4650618520236,-970.3,0.4445,5821.9,0.44031680096757675,long_nclose,2563.4803835531347,0.8560586258700239,74.0
1710617760000.0,634774,1710617760000.0,3.4791666352664232,-0.07393813,2997.920213910425,3022.7873737220234,-831.7,0.4445,4990.2,0.44031680096757675,long_nclose,2197.2689001884014,0.7329310800177465,8.0
1710618060000.0,634779,1710618060000.0,2.9817842703112976,-0.06336792,3000.8386302607364,3010.604785802024,-712.8,0.4445,4277.4,0.44031680096757675,long_nclose,1883.4110844587126,0.6276282454731886,5.0
1710645000000.0,635228,1710645000000.0,2.55593460881061,-0.0543179,3003.340246969547,3019.7774479020236,-611.0,0.4445,3666.4,0.44031680096757675,long_nclose,1614.3775190675235,0.5375273483237455,449.0
1710645180000.0,635231,1710645180000.0,2.19074133328006,-0.04655693000000001,3005.484431372827,3018.630970972024,-523.7,0.4445,3142.7,0.44031680096757675,long_nclose,1383.7836104008034,0.46041949043426816,3.0
1710645240000.0,635232,1710645240000.0,1.8778380456548,-0.03990721,3007.322362208482,3018.321683762024,-448.9,0.4445,2693.8,0.44031680096757675,long_nclose,1186.1253984464583,0.3944124558617007,1.0
1710658620000.0,635455,1710658620000.0,0.0,-0.11265140400000001,3007.209710804482,2956.3927223580235,1334.1,0.4222,4027.9,0.4343162487763992,long_rentry,1749.3824184464584,0.5817294391412655,223.0
1710659940000.0,635477,1710659940000.0,0.0,-0.251562168,3006.958148636482,2922.0025401900234,3042.6,0.4134,7070.5,0.4253155022199927,long_rentry,3007.1932584464585,1.000078188587388,22.0
1710663660000.0,635539,1710663660000.0,4.125342757807374,-0.0867388,3010.996752594289,3033.932701390023,-1010.0,0.4294,6060.5,0.4253155022199927,long_nclose,2577.6246012042657,0.8560702029928702,62.0
1710663720000.0,635540,1710663720000.0,3.5359497281523207,-0.07434631600000001,3014.458356006441,3039.832345074023,-865.7,0.4294,5194.8,0.4253155022199927,long_nclose,2209.428970932418,0.7329439355266041,1.0
1710664440000.0,635552,1710664440000.0,7.086138177930315,-0.07506486,3021.4694293243715,3060.363320214023,-865.8,0.4335,4329.0,0.4253155022199927,long_nclose,1841.1908091103485,0.6093693324317552,12.0
1710664680000.0,635556,1710664680000.0,10.635918177930307,-0.07577481600000001,3032.029572686302,3074.919565398023,-865.8,0.4376,3463.2,0.4253155022199927,long_nclose,1472.9526472882787,0.4857975860648614,4.0
1710664860000.0,635559,1710664860000.0,8.508243162433047,-0.060616352,3040.477199496735,3072.850269046023,-692.6,0.4376,2770.6,0.4253155022199927,long_nclose,1178.3791304507117,0.3875638766986179,3.0
1710664980000.0,635561,1710664980000.0,6.806840219902037,-0.048494832,3047.235544884637,3076.458984214023,-554.1,0.4376,2216.5,0.4253155022199927,long_nclose,942.7118106706138,0.30936624254502887,2.0
1710665400000.0,635568,1710665400000.0,5.4457178658772305,-0.038797616,3052.642465134514,3075.134616598023,-443.3,0.4376,1773.2,0.4253155022199927,long_nclose,754.1694485364911,0.24705462796582658,7.0
1710666540000.0,635587,1710666540000.0,7.263247865877227,-0.039161122,3059.866551878391,3083.1191854760227,-443.3,0.4417,1329.9,0.4253155022199927,long_nclose,565.6270864023684,0.18485351462636213,19.0
1710666780000.0,635591,1710666780000.0,9.036447865877228,-0.039515762,3068.863483982268,3091.7240197140227,-443.3,0.4457,886.6,0.4253155022199927,long_nclose,377.08472426824557,0.12287438859252443,4.0
1710666780000.0,635591,1710666780000.0,10.853977865877225,-0.039879268,3079.6775825801456,3091.107850446023,-443.3,0.4498,443.3,0.4253155022199927,long_nclose,188.54236213412278,0.06122146136355044,0.0
1710666900000.0,635593,1710666900000.0,5.425764708049612,-0.019935136,3085.083412152195,3090.4451153100226,-221.6,0.4498,221.7,0.4253155022199927,long_nclose,94.29244684217238,0.03056398620236745,2.0
1710666960000.0,635594,1710666960000.0,2.712882354024806,-0.009967568,3087.7863269382196,3090.5681977420227,-110.8,0.4498,110.9,0.4253155022199927,long_nclose,47.167489196197195,0.015275502966219632,1.0
1710667080000.0,635596,1710667080000.0,3.1700208038028124,-0.010067502000000002,3090.9462802400226,3090.9462802400226,-110.9,0.4539,0.0,0.4253155022199927,long_nclose,0.0,0.0,2.0
1710678600000.0,635788,1710678600000.0,0.0,-0.03091293,3090.9153673100227,3091.0215973100226,354.1,0.4365,354.1,0.4365,long_ientry_normal,154.56465,0.05000610875169814,192.0
1710681420000.0,635835,1710681420000.0,0.21209999999999907,-0.0044510700000000005,3091.123016240023,3092.3981362400227,-50.5,0.4407,303.6,0.4365,long_nclose,132.5214,0.04287160339584163,47.0
1710681480000.0,635836,1710681480000.0,0.1818599999999992,-0.003816462,3091.301059778023,3092.290199778023,-43.3,0.4407,260.3,0.4365,long_nclose,113.62095000000001,0.0367550580816476,1.0
1710681960000.0,635844,1710681960000.0,0.0,-0.008221074,3091.292838704023,3091.065738704023,94.3,0.4359,354.6,0.4363404399323181,long_ientry_partial,154.72632000000002,0.05005230111582268,8.0
1710685620000.0,635905,1710685620000.0,0.21047373942470526,-0.00445786,3091.4988545834476,3092.945760844023,-50.6,0.4405,304.0,0.4363404399323181,long_nclose,132.6474937394247,0.042907178678964056,61.0
1710689760000.0,635974,1710689760000.0,0.18052490693739542,-0.00382354,3091.675555950385,3092.7595373040226,-43.4,0.4405,260.6,0.4363404399323181,long_nclose,113.7103186463621,0.03677951214108151,69.0
1710689880000.0,635976,1710689880000.0,0.1547356345177675,-0.0032773200000000002,3091.8270142649026,3093.046679984023,-37.2,0.4405,223.4,0.4363404399323181,long_nclose,97.47845428087986,0.031527784003160295,2.0
1710690720000.0,635990,1710690720000.0,0.13268996615905332,-0.0028103900000000003,3091.9568938410616,3092.7342995940226,-31.9,0.4405,191.5,0.4363404399323181,long_nclose,83.55919424703892,0.027024695723760688,14.0
1710690780000.0,635991,1710690780000.0,0.11355598984771648,-0.00240513,3092.068044700909,3092.7017844640222,-27.3,0.4405,164.2,0.4363404399323181,long_nclose,71.64710023688663,0.023171256001197394,1.0
1710690840000.0,635992,1710690840000.0,0.09733370558375698,-0.0020615399999999997,3092.163316866493,3092.7208229240227,-23.4,0.4405,140.8,0.4363404399323181,long_nclose,61.43673394247039,0.019868528161936985,1.0
1710690900000.0,635993,1710690900000.0,0.08360715736040664,-0.0017708100000000003,3092.2451532138534,3092.7351421140224,-20.1,0.4405,120.7,0.4363404399323181,long_nclose,52.666291099830794,0.01703173212029884,1.0
1710690960000.0,635994,1710690960000.0,0.07154443316412906,-0.0015153200000000001,3092.3151823270173,3092.7456967940225,-17.2,0.4405,103.5,0.4363404399323181,long_nclose,45.16123553299492,0.014604344276125942,1.0
1710691080000.0,635996,1710691080000.0,0.06114553299492426,-0.00129507,3092.375032790012,3092.6556017240223,-14.7,0.4405,88.8,0.4363404399323181,long_nclose,38.747031065989844,0.01252986156437545,2.0
1710691320000.0,636000,1710691320000.0,0.05241045685279222,-0.00111006,3092.4263331868647,3092.750911664022,-12.6,0.4405,76.2,0.4363404399323181,long_nclose,33.24914152284264,0.010751797436861856,4.0
1710692160000.0,636014,1710692160000.0,0.0,-0.02427963,3092.4020535568648,3091.9783220340223,278.5,0.4359,354.7,0.4359946194610732,long_ientry_partial,154.64729152284266,0.0500087921442712,14.0
1710698280000.0,636116,1710698280000.0,0.21279225526969472,-0.0044548240000000005,3092.6103909881344,3094.0108872100222,-50.6,0.4402,304.1,0.4359946194610732,long_nclose,132.58596377811236,0.042871861313170195,102.0
1710705540000.0,636237,1710705540000.0,0.18251351538942193,-0.003820936,3092.789083567524,3093.963636274022,-43.4,0.4402,260.7,0.4359946194610732,long_nclose,113.66379729350179,0.03675122817052591,121.0
1710705780000.0,636241,1710705780000.0,0.15644015604807596,-0.0032750880000000002,3092.942248635572,3093.837451186022,-37.2,0.4402,223.5,0.4359946194610732,long_nclose,97.44479744954987,0.031505534088952646,4.0
1710705900000.0,636243,1710705900000.0,0.13415163919176404,-0.002808476,3093.0735917987636,3093.7835427100217,-31.9,0.4402,191.6,0.4359946194610732,long_nclose,83.53656908874163,0.027007624167183587,2.0
1710706260000.0,636249,1710706260000.0,0.11480688871270091,-0.002403492,3093.185995195476,3093.876939218022,-27.3,0.4402,164.3,0.4359946194610732,long_nclose,71.63391597745434,0.023158619006008845,6.0
1710706380000.0,636251,1710706380000.0,0.09840590461088648,-0.0020601359999999997,3093.282340964087,3093.8607890820217,-23.4,0.4402,140.9,0.4359946194610732,long_nclose,61.431641882065215,0.019859694366896604,2.0
1710706440000.0,636252,1710706440000.0,0.08452814883242814,-0.0017696040000000001,3093.3650995089192,3093.8972694780214,-20.1,0.4402,120.8,0.4359946194610732,long_nclose,52.66815003089764,0.017026166759060827,1.0
1710710580000.0,636321,1710710580000.0,0.07233254526954049,-0.001514288,3093.4359177661886,3093.9233951900214,-17.2,0.4402,103.6,0.4359946194610732,long_nclose,45.16904257616718,0.014601576944507824,69.0
1710713280000.0,636366,1710713280000.0,0.06223963197611624,-0.0013029920000000002,3093.4968544061644,3093.896932198021,-14.8,0.4402,88.8,0.4359946194610732,long_nclose,38.716322208143296,0.01251539084418283,45.0
1710713700000.0,636373,1710713700000.0,0.1243996319761168,-0.0013154240000000002,3093.6199386141407,3094.108736774021,-14.8,0.4444,74.0,0.4359946194610732,long_nclose,32.26360184011942,0.010429077417497075,7.0
1710714240000.0,636382,1710714240000.0,0.10338618062879977,-0.001093224,3093.722231570769,3094.240843550021,-12.3,0.4444,61.7,0.4359946194610732,long_nclose,26.900868020748216,0.008695308113388672,9.0
1710714300000.0,636383,1710714300000.0,0.08573488149705345,-0.000906576,3093.807059876266,3094.245086974021,-10.2,0.4444,51.5,0.4359946194610732,long_nclose,22.45372290224527,0.007257635162014042,1.0
1710714420000.0,636385,1710714420000.0,0.07144573458087788,-0.0007554800000000001,3093.877750130847,3094.290781494021,-8.5,0.4444,43.0,0.4359946194610732,long_nclose,18.747768636826148,0.006059634591584384,2.0
1710714840000.0,636392,1710714840000.0,0.059678201826380346,-0.000631048,3093.9367972846735,3094.256500446021,-7.1,0.4444,35.9,0.4359946194610732,long_nclose,15.652206838652528,0.005058993723591687,7.0
1710715020000.0,636395,1710715020000.0,0.04959174517966818,-0.000524392,3093.985864637853,3094.256026054021,-5.9,0.4444,30.0,0.4359946194610732,long_nclose,13.079838583832196,0.0042275043119381454,3.0
1710715680000.0,636406,1710715680000.0,0.04202690269463405,-0.0004444,3094.0274471405473,3094.2350816540206,-5.0,0.4444,25.0,0.4359946194610732,long_nclose,10.89986548652683,0.003522872913296331,11.0
1710715740000.0,636407,1710715740000.0,0.034462060209599917,-0.000364408,3094.0615447927566,3094.23512724602,-4.1,0.4444,20.9,0.4359946194610732,long_nclose,9.112287546736429,0.0029450892992326626,1.0
1710715860000.0,636409,1710715860000.0,0.028578293832351154,-0.000302192,3094.0898208945887,3094.22466505402,-3.4,0.4444,17.5,0.4359946194610732,long_nclose,7.629905840568781,0.0024659613269930086,2.0
1710716400000.0,636418,1710716400000.0,0.010513451347316932,-0.0002201,3094.100114245936,3094.1721949540197,-2.5,0.4402,15.0,0.4359946194610732,long_nclose,6.539919291916098,0.002113674105697108,9.0
1710716940000.0,636427,1710716940000.0,0.0,-0.029634462000000004,3094.0704797839358,3094.0456304920194,339.3,0.4367,354.3,0.43667013630233165,long_ientry_partial,154.71222929191612,0.05000281354376903,9.0
1710722040000.0,636512,1710722040000.0,0.0,-0.030938760000000003,3094.0395410239357,3089.6203517320196,364.5,0.4244,718.8,0.4304480095880859,long_rentry,309.4060292919161,0.10000067070555985,85.0
1710723840000.0,636542,1710723840000.0,0.0,-0.030936750000000002,3094.008604273936,3084.8105049820197,370.5,0.4175,1089.3,0.4260440459854183,long_rentry,464.0897792919161,0.14999627947085914,30.0
1710730140000.0,636647,1710730140000.0,0.6311064446689121,-0.013384712,3094.626326006605,3099.72055027002,-155.6,0.4301,933.7,0.4260440459854183,long_nclose,397.7973257365851,0.12854454264593368,105.0
1710730860000.0,636659,1710730860000.0,0.5406586701437404,-0.011466466000000002,3095.1555182107486,3098.32186380402,-133.3,0.4301,800.4,0.4260440459854183,long_nclose,341.0056544067288,0.11017399688008497,12.0
1710730920000.0,636660,1710730920000.0,0.463595543866688,-0.009832086,3095.609281668615,3098.7351217180194,-114.3,0.4301,686.1,0.4260440459854183,long_nclose,292.3088199505955,0.0944269102956796,1.0
1710733980000.0,636711,1710733980000.0,0.9322255438666871,-0.009925812,3096.5315814004816,3100.9664359060193,-114.3,0.4342,571.8,0.4260440459854183,long_nclose,243.61198549446215,0.07867253379805114,51.0
1710734820000.0,636725,1710734820000.0,0.33096584758986647,-0.007019232,3096.8555280160717,3098.9417966740198,-81.6,0.4301,490.2,0.4260440459854183,long_nclose,208.84679134205203,0.06743833848647271,14.0
1710735540000.0,636737,1710735540000.0,0.2839167810207188,-0.0060214000000000005,3097.1334233970924,3098.8377352740195,-70.0,0.4301,420.2,0.4260440459854183,long_nclose,179.02370812307277,0.057803033854030905,12.0
1710735600000.0,636738,1710735600000.0,0.24335724087490185,-0.0051611999999999995,3097.371619437967,3098.9046140740197,-60.0,0.4301,360.2,0.4260440459854183,long_nclose,153.46106536394765,0.049545577418247895,1.0
1710736020000.0,636745,1710736020000.0,0.4893572408749014,-0.0052104000000000004,3097.855766278842,3100.5443436740197,-60.0,0.4342,300.2,0.4260440459854183,long_nclose,127.89842260482257,0.041286112800033525,7.0
1710736440000.0,636752,1710736440000.0,0.4077977007290845,-0.0043419999999999995,3098.259221979571,3100.3498816740193,-50.0,0.4342,250.2,0.4260440459854183,long_nclose,106.59622030555165,0.03440519745712049,7.0
1710738660000.0,636789,1710738660000.0,0.3401032824080565,-0.003621228,3098.595704033979,3100.212820446019,-41.7,0.4342,208.5,0.4260440459854183,long_nclose,88.83018358795971,0.028667884445948876,37.0
1710738720000.0,636790,1710738720000.0,0.28301160430598465,-0.0030133480000000003,3098.875702290285,3100.3801070980194,-34.7,0.4342,173.8,0.4260440459854183,long_nclose,74.0464551922657,0.02389461930904173,1.0
1710739560000.0,636804,1710739560000.0,0.23570707102141084,-0.0025096759999999997,3099.1088996853064,3100.3776374220192,-28.9,0.4342,144.9,0.4260440459854183,long_nclose,61.73378226328711,0.0199198493055716,14.0
1710742260000.0,636849,1710742260000.0,0.19655849175141873,-0.002092844,3099.303365333058,3100.24028457802,-24.1,0.4342,120.8,0.4260440459854183,long_nclose,51.466120755038524,0.016605706085666725,45.0
1710743160000.0,636864,1710743160000.0,0.0,-0.020573010000000003,3099.282792323058,3100.0614315680195,238.5,0.4313,359.3,0.42953289940172146,long_ientry_partial,154.33117075503853,0.04979576924613584,15.0
1710744180000.0,636881,1710744180000.0,0.21377226069168792,-0.004449762,3099.4921148217495,3100.867981806019,-51.3,0.4337,308.0,0.42953289940172146,long_nclose,132.29613301573022,0.0426831648911417,17.0
1710744360000.0,636884,1710744360000.0,0.18335242632425475,-0.00381656,3099.671650688074,3100.7981652460194,-44.0,0.4337,264.0,0.42953289940172146,long_nclose,113.39668544205446,0.03658345083644016,3.0
1710745140000.0,636897,1710745140000.0,0.0,-0.008227296000000002,3099.663423392074,3099.9957179500198,95.4,0.4312,359.4,0.4299754185922496,long_ientry_partial,154.5331654420545,0.049854821099557724,13.0
1710753000000.0,637028,1710753000000.0,0.0,-0.030999822000000003,3099.632423570074,3095.2925181280198,370.9,0.4179,730.3,0.4238426337697583,long_rentry,309.53227544205447,0.09986096192836422,131.0
1710767340000.0,637267,1710767340000.0,0.0,-0.03099694,3099.601426630074,3090.5169411880197,377.0,0.4111,1107.3,0.4195041772257333,long_rentry,464.51697544205445,0.149863453878676,239.0
1710768300000.0,637283,1710768300000.0,0.0,-0.044541048,3099.556885582074,3083.8865901400195,548.4,0.4061,1655.7,0.41506445336839676,long_rentry,687.2222154420546,0.2217162777811059,16.0
1710772260000.0,637349,1710772260000.0,0.0,-0.0657148,3099.491170782074,3071.9943953400193,820.0,0.4007,2475.7,0.4103066669798661,long_rentry,1015.7962154420545,0.3277299916249626,66.0
1710773040000.0,637362,1710773040000.0,0.0,-0.09673929,3099.3944314920736,3059.891686050019,1226.1,0.3945,3701.8,0.40507122627966247,long_rentry,1499.4926654420547,0.4838018195445317,13.0
1710781620000.0,637505,1710781620000.0,0.0,-0.14190516,3099.2525263320736,3032.3564608900188,1833.4,0.387,5535.2,0.3990855733202151,long_rentry,2209.0184654420545,0.7127584624594628,143.0
1710810360000.0,637984,1710810360000.0,0.0,-0.178043806,3099.0744825260736,2980.2299170840183,2355.7,0.3779,7890.9,0.3927609645847818,long_rentry,3099.2374954420548,1.0000526005157024,479.0
1710849060000.0,638629,1710849060000.0,-3.249156111792977,-0.00619992,3095.81912649428,2808.1672171640184,-87.2,0.3555,7803.7,0.3927609645847818,unstuck_close_long,3064.988739330262,0.9900412828061662,645.0
1710849120000.0,638630,1710849120000.0,0.0,-0.031198194000000002,3095.7879283002803,2812.257018970018,438.3,0.3559,8242.0,0.390800741243662,long_rentry,3220.9797093302623,1.0404393918218802,1.0
1710932820000.0,640025,1710932820000.0,-2.187902857462537,-0.0061903999999999995,3093.593835042818,2888.026348570018,-84.8,0.365,8157.2,0.390800741243662,unstuck_close_long,3187.8398064727994,1.0304648820935722,1395.0
1710966240000.0,640582,1710966240000.0,4.427276228760694,-0.091965476,3097.9291457955783,3123.7939930940183,-1165.3,0.3946,6991.9,0.390800741243662,long_nclose,2732.4397027015602,0.8820213678579286,557.0
1710966300000.0,640583,1710966300000.0,3.794699645830414,-0.078825296,3101.6450201454086,3117.821947798018,-998.8,0.3946,5993.1,0.390800741243662,long_nclose,2342.1079223473907,0.7551179800187419,1.0
1710966420000.0,640585,1710966420000.0,3.252545421300979,-0.067563412,3104.8300021547097,3125.887894386018,-856.1,0.3946,5137.0,0.390800741243662,long_nclose,2007.5434077686916,0.6465872226097673,2.0
1710966720000.0,640590,1710966720000.0,2.787896075400839,-0.057911496,3107.5599867341107,3130.893682890018,-733.8,0.3946,4403.2,0.390800741243662,long_nclose,1720.7738238440925,0.5537379266015519,5.0
1710966900000.0,640593,1710966900000.0,5.502956075400824,-0.058454508,3113.0044883015116,3136.852868382018,-733.8,0.3983,3669.4,0.390800741243662,long_nclose,1434.0042399194933,0.4606495895872933,3.0
1710966960000.0,640594,1710966960000.0,4.585796729500688,-0.04871209,3117.541572941012,3142.002506292018,-611.5,0.3983,3057.9,0.390800741243662,long_nclose,1195.029586648994,0.3833243466651296,1.0
1710967620000.0,640605,1710967620000.0,1.6595162247684472,-0.034472256,3119.1666169097807,3128.600634036018,-436.8,0.3946,2621.1,0.390800741243662,long_nclose,1024.3278228737624,0.3283979179953471,11.0
1710967680000.0,640606,1710967680000.0,1.4224424783729546,-0.029547648,3120.5595117401535,3129.0953063880183,-374.4,0.3946,2246.7,0.390800741243662,long_nclose,878.0120253521353,0.28136365355279486,1.0
1710967740000.0,640607,1710967740000.0,1.2191821349088705,-0.025325428,3121.7533684470623,3130.610620960018,-320.9,0.3946,1925.8,0.390800741243662,long_nclose,752.6040674870443,0.24108376885052657,1.0
1710968040000.0,640612,1710968040000.0,1.0451760838685893,-0.021710892000000002,3122.776833638931,3129.378410068018,-275.1,0.3946,1650.7,0.390800741243662,long_nclose,645.0947835709129,0.20657729256278376,5.0
1710968940000.0,640627,1710968940000.0,0.8958652147445051,-0.018609336000000004,3123.6540895176754,3128.605190732018,-235.8,0.3946,1414.9,0.390800741243662,long_nclose,552.9439687856574,0.177018310267203,15.0
1710969000000.0,640628,1710969000000.0,0.7678301946559137,-0.015949732,3124.405969980331,3129.013711000018,-202.1,0.3946,1212.8,0.390800741243662,long_nclose,473.96313898031326,0.1516970405044057,1.0
1710969060000.0,640629,1710969060000.0,0.658031616597745,-0.013668943999999999,3125.050332652929,3128.272322056018,-173.2,0.3946,1039.6,0.390800741243662,long_nclose,406.276450596911,0.13000637025004758,1.0
1710969240000.0,640632,1710969240000.0,0.5641899253161959,-0.011719620000000002,3125.602802958245,3129.701202436018,-148.5,0.3946,891.1,0.390800741243662,long_nclose,348.2425405222272,0.11141612113753899,3.0
1710969900000.0,640643,1710969900000.0,1.113639925316193,-0.01182951,3126.704613373561,3132.496342926018,-148.5,0.3983,742.6,0.390800741243662,long_nclose,290.2086304475434,0.0928161327444432,11.0
1710970260000.0,640649,1710970260000.0,0.9276583081590107,-0.009853942,3127.6224177397203,3132.944498984018,-123.7,0.3983,618.9,0.390800741243662,long_nclose,241.8665787557024,0.07733240987909765,6.0
1710970560000.0,640654,1710970560000.0,0.7731735777784479,-0.008212946,3128.3873783714985,3132.5649760380174,-103.1,0.3983,515.8,0.390800741243662,long_nclose,201.57502233348083,0.06443416302184801,5.0
1710971040000.0,640662,1710971040000.0,0.6441863271694344,-0.006842794000000001,3129.024721904668,3132.0337032440175,-85.9,0.3983,429.9,0.390800741243662,long_nclose,168.0052386606503,0.05369252517710498,8.0
1710971100000.0,640663,1710971100000.0,0.5369469269538009,-0.005703656,3129.5559651756216,3132.6012495880177,-71.6,0.3983,358.3,0.390800741243662,long_nclose,140.0239055876041,0.04474241941851529,1.0
1710973440000.0,640702,1710973440000.0,0.4477057477533787,-0.0047557020000000005,3129.9989152213752,3132.297913886018,-59.7,0.3983,298.6,0.390800741243662,long_nclose,116.69310133535748,0.03728215392276075,39.0
1710973620000.0,640705,1710973620000.0,0.37271316018999867,-0.003959102,3130.3676692795652,3132.209344784018,-49.7,0.3983,248.9,0.390800741243662,long_nclose,97.27030449554746,0.03107312455662233,3.0
1710973680000.0,640706,1710973680000.0,0.31046931251239324,-0.003297924,3130.6748406680776,3132.334686860018,-41.4,0.3983,207.5,0.390800741243662,long_nclose,81.09115380805986,0.02590213226703391,1.0
1710973980000.0,640711,1710973980000.0,0.25872442709366106,-0.0027482699999999997,3130.930816825171,3132.2627885900174,-34.5,0.3983,173.0,0.390800741243662,long_nclose,67.60852823515353,0.021593747096497643,5.0
1710974100000.0,640713,1710974100000.0,0.21597865218253443,-0.0022942080000000003,3131.1445012693534,3132.2979943820174,-28.8,0.3983,144.2,0.390800741243662,long_nclose,56.353466887336054,0.017997721556603532,2.0
1710974340000.0,640717,1710974340000.0,0.17998221015211202,-0.0019118400000000002,3131.3225716395054,3132.284082542017,-24.0,0.3983,120.2,0.390800741243662,long_nclose,46.97424909748817,0.015001408517581527,4.0
1710975120000.0,640730,1710975120000.0,0.14998517512676002,-0.0015932,3131.470963614632,3132.342629342017,-20.0,0.3983,100.2,0.390800741243662,long_nclose,39.15823427261493,0.012504741294939198,13.0
1710975480000.0,640736,1710975480000.0,0.22598517512676053,-0.0016084,3131.695340389759,3132.6977809420173,-20.0,0.4021,80.2,0.390800741243662,long_nclose,31.34221944774169,0.010008067848592499,6.0
1710976560000.0,640754,1710976560000.0,0.18078814010140842,-0.00128672,3131.8748418098608,3132.555314222018,-16.0,0.4021,64.2,0.390800741243662,long_nclose,25.0894075878431,0.00801098666297416,18.0
1710976680000.0,640756,1710976680000.0,0.14463051208112673,-0.001029376,3132.018442945942,3132.5940848460177,-12.8,0.4021,51.4,0.390800741243662,long_nclose,20.087158099924224,0.0064134865313980926,2.0
1710976740000.0,640757,1710976740000.0,0.11525243931464786,-0.000820284,3132.1328751012566,3132.5778045620177,-10.2,0.4021,41.2,0.390800741243662,long_nclose,16.100990539238875,0.005140583487767376,1.0
1710979320000.0,640800,1710979320000.0,0.050994959543098406,-0.000541688,3132.1833283727997,3132.4447428740177,-6.8,0.3983,34.4,0.390800741243662,long_nclose,13.443545498781972,0.004292068531558792,43.0
1710979500000.0,640803,1710979500000.0,0.042745774911126605,-0.000454062,3132.225620085711,3132.420758812018,-5.7,0.3983,28.7,0.390800741243662,long_nclose,11.2159812736931,0.003580834407894979,3.0
1710980100000.0,640813,1710980100000.0,0.035246516154788604,-0.000374402,3132.260492199866,3132.450074410018,-4.7,0.3983,24.0,0.390800741243662,long_nclose,9.379217789847887,0.0029943926481225147,10.0
1710980940000.0,640827,1710980940000.0,0.029997035025352004,-0.00031864,3132.290170594891,3132.462155770018,-4.0,0.3983,20.0,0.390800741243662,long_nclose,7.81601482487324,0.0024953035635867688,14.0
1710981120000.0,640830,1710981120000.0,0.045197035025352106,-0.00032168,3132.3350459499165,3132.515834090018,-4.0,0.4021,16.0,0.390800741243662,long_nclose,6.252811859898592,0.0019962142517236225,3.0
1710981300000.0,640833,1710981300000.0,0.03615762802028168,-0.000257344,3132.3709462339366,3132.5194167460177,-3.2,0.4021,12.8,0.390800741243662,long_nclose,5.002249487918874,0.0015969530983975895,3.0
1710982080000.0,640846,1710982080000.0,0.028248146890845066,-0.00020105,3132.398993330827,3132.5328856960173,-2.5,0.4021,10.3,0.390800741243662,long_nclose,4.025247634809719,0.0012850366902108737,13.0
1710982560000.0,640854,1710982560000.0,0.022598517512676053,-0.00016084,3132.42143100834,3132.5110648560176,-2.0,0.4021,8.3,0.390800741243662,long_nclose,3.2436461523223947,0.001035507585350114,8.0
1710982620000.0,640855,1710982620000.0,0.01807881401014084,-0.000128672,3132.43938115035,3132.5157561840174,-1.6,0.4021,6.7,0.390800741243662,long_nclose,2.6183649663325355,0.0008358868752859865,1.0
1710983340000.0,640867,1710983340000.0,0.014689036383239434,-0.00010454600000000001,3132.4539656407333,3132.5155216380176,-1.3,0.4021,5.4,0.390800741243662,long_nclose,2.110324002715775,0.0006736967329331894,12.0
1710983520000.0,640870,1710983520000.0,0.011299258756338026,-8.042e-05,3132.46518447949,3132.514461218018,-1.0,0.4021,4.4,0.390800741243662,long_nclose,1.719523261472113,0.000548936112679522,3.0
1710983580000.0,640871,1710983580000.0,0.00903940700507042,-6.4336e-05,3132.474159550495,3132.514836882018,-0.8,0.4021,3.6,0.390800741243662,long_nclose,1.4068826684771831,0.0004491282599052847,1.0
1710983640000.0,640872,1710983640000.0,0.007909481129436619,-5.6294e-05,3132.4820127376247,3132.513910588018,-0.7,0.4021,2.9,0.390800741243662,long_nclose,1.1333221496066197,0.0003617968578903844,1.0
1710983760000.0,640874,1710983760000.0,0.005649629378169013,-4.021e-05,3132.487622157003,3132.515220378018,-0.5,0.4021,2.4,0.390800741243662,long_nclose,0.9379217789847887,0.000299417553113568,2.0
1710985560000.0,640904,1710985560000.0,0.00451970350253521,-3.2168e-05,3132.4921096925054,3132.515908210018,-0.4,0.4021,2.0,0.390800741243662,long_nclose,0.781601482487324,0.00024951427014577483,30.0
1710985800000.0,640908,1710985800000.0,0.00451970350253521,-3.2168e-05,3132.496597228008,3132.514676042018,-0.4,0.4021,1.6,0.390800741243662,long_nclose,0.6252811859898593,0.0001996111301583471,4.0
1710985920000.0,640910,1710985920000.0,0.003389777626901408,-2.4126000000000002e-05,3132.499962879635,3132.515171916018,-0.3,0.4021,1.3,0.390800741243662,long_nclose,0.5080409636167607,0.00016218386899827136,2.0
1710987180000.0,640931,1710987180000.0,0.002259851751267605,-1.6084e-05,3132.502206647386,3132.5160658320183,-0.2,0.4021,1.1,0.390800741243662,long_nclose,0.42988081536802825,0.00013723240623926504,21.0
1710987600000.0,640938,1710987600000.0,0.0029998517512676015,-1.6232000000000003e-05,3132.5051902671376,3132.518689600018,-0.2,0.4058,0.9,0.390800741243662,long_nclose,0.3517206671192958,0.00011228095270587607,7.0
1710987660000.0,640939,1710987660000.0,0.0029998517512676015,-1.6232000000000003e-05,3132.508173886889,3132.519023368018,-0.2,0.4058,0.7,0.390800741243662,long_nclose,0.2735605188705634,8.732954670350409e-05,1.0
1710988380000.0,640951,1710988380000.0,0.0014999258756338008,-8.116000000000002e-06,3132.5096656967644,3132.5188452520183,-0.1,0.4058,0.6,0.390800741243662,long_nclose,0.23448044474619717,7.485386152640703e-05,12.0
1710988620000.0,640955,1710988620000.0,0.0014999258756338008,-8.116000000000002e-06,3132.51115750664,3132.518707136018,-0.1,0.4058,0.5,0.390800741243662,long_nclose,0.195400370621831,6.237818823201329e-05,4.0
1710990600000.0,640988,1710990600000.0,0.0014999258756338008,-8.116000000000002e-06,3132.5126493165153,3132.5186090200177,-0.1,0.4058,0.4,0.390800741243662,long_nclose,0.15632029649746482,4.9902526820305876e-05,33.0
1710990960000.0,640994,1710990960000.0,0.0014999258756338008,-8.116000000000002e-06,3132.5141411263908,3132.5187309040175,-0.1,0.4058,0.3,0.390800741243662,long_nclose,0.11724022237309858,3.7426877291267806e-05,6.0
1710991140000.0,640997,1710991140000.0,0.0014999258756338008,-8.116000000000002e-06,3132.5156329362662,3132.5187927880174,-0.1,0.4058,0.2,0.390800741243662,long_nclose,0.07816014824873241,2.495123964488213e-05,3.0
1710991380000.0,641001,1710991380000.0,0.0014999258756338008,-8.116000000000002e-06,3132.5171247461417,3132.518644672017,-0.1,0.4058,0.1,0.390800741243662,long_nclose,0.039080074124366204,1.2475613881131853e-05,4.0
1710992220000.0,641015,1710992220000.0,0.0014999258756338008,-8.116000000000002e-06,3132.518616556017,3132.518616556017,-0.1,0.4058,0.0,0.390800741243662,long_nclose,0.0,0.0,14.0
1710997380000.0,641101,1710997380000.0,0.0,-0.031323068,3132.4872934880173,3132.368073488017,397.4,0.3941,397.4,0.3941,long_ientry_normal,156.61534,0.0499971190068609,86.0
1711038360000.0,641784,1711038360000.0,0.21545999999999832,-0.004512186,3132.6982413020173,3133.958831302017,-56.7,0.3979,340.7,0.3941,long_nclose,134.26987,0.042860773575240534,683.0
1711038420000.0,641785,1711038420000.0,0.18467999999999854,-0.003867588,3132.879053714017,3134.2519237140173,-48.6,0.3979,292.1,0.3941,long_nclose,115.11661000000001,0.036744670964405625,1.0
1711039740000.0,641807,1711039740000.0,0.15845999999999877,-0.0033184860000000003,3133.0341952280173,3134.0107552280174,-41.7,0.3979,250.4,0.3941,long_nclose,98.68264,0.0314974666252623,22.0
1711039920000.0,641810,1711039920000.0,0.13565999999999895,-0.002841006,3133.1670142220173,3134.068754222017,-35.7,0.3979,214.7,0.3941,long_nclose,84.61327,0.027005668582595475,3.0
1711041180000.0,641831,1711041180000.0,0.11627999999999909,-0.002435148,3133.2808590740174,3134.090899074017,-30.6,0.3979,184.1,0.3941,long_nclose,72.55381,0.02315585907017666,21.0
1711042200000.0,641848,1711042200000.0,0.0,-0.016965896,3133.2638931780175,3132.5057531780176,217.4,0.3902,401.5,0.3919882689912827,long_ientry_partial,157.38329,0.050229822755327745,17.0
1711046100000.0,641913,1711046100000.0,0.0,-0.031333440000000004,3133.2325597380177,3128.170609738018,411.2,0.381,812.7,0.38642855912390794,long_rentry,314.05049,0.10023210343066875,65.0
1711052040000.0,642012,1711052040000.0,0.4262542857142879,-0.009058122,3133.6497559017316,3136.3466016160173,-116.1,0.3901,696.6,0.38642855912390794,long_nclose,269.1861342857143,0.08590179351688712,99.0
1711052160000.0,642014,1711052160000.0,0.3653083671711598,-0.007762990000000001,3134.0073012789026,3136.498068626017,-99.5,0.3901,597.1,0.38642855912390794,long_nclose,230.73649265288543,0.07362347004064994,2.0
1711052760000.0,642024,1711052760000.0,0.31317390673065254,-0.006655105999999999,3134.3138200796334,3136.397583520017,-85.3,0.3901,511.8,0.38642855912390794,long_nclose,197.7741365596161,0.06309966005720233,10.0
1711053480000.0,642036,1711053480000.0,0.2683823280423294,-0.005703262,3134.5764991456754,3136.274900258017,-73.1,0.3901,438.7,0.38642855912390794,long_nclose,169.5262088876584,0.05408265165449386,12.0
1711054500000.0,642053,1711054500000.0,0.22983219884336284,-0.004884052,3134.801447292519,3136.332716206017,-62.6,0.3901,376.1,0.38642855912390794,long_nclose,145.33578108650178,0.04636203712743151,17.0
1711054680000.0,642056,1711054680000.0,0.19715637504614353,-0.004189674,3134.994413993565,3136.274806532017,-53.7,0.3901,322.4,0.38642855912390794,long_nclose,124.5845674615479,0.0397399647366018,3.0
1711054920000.0,642060,1711054920000.0,0.16888628030023467,-0.0035889200000000002,3135.1597113538655,3136.1468576120174,-46.0,0.3901,276.4,0.38642855912390794,long_nclose,106.80885374184815,0.03406807422124105,4.0
1711054980000.0,642061,1711054980000.0,0.14465477051802708,-0.003073988,3135.301292136384,3136.1951236240175,-39.4,0.3901,237.0,0.38642855912390794,long_nclose,91.58356851236618,0.029210452195476706,1.0
1711056540000.0,642087,1711056540000.0,0.0,-0.012997788,3135.2882943483837,3135.4543458360176,167.8,0.3873,404.8,0.3867897937558453,long_ientry_partial,156.5725085123662,0.04993879152823078,26.0
1711058280000.0,642116,1711058280000.0,0.21444992091214107,-0.00451418,3135.4982300892957,3136.8550716560176,-57.8,0.3905,347.0,0.3867897937558453,long_nclose,134.21605843327833,0.042805337010015154,29.0
1711058520000.0,642120,1711058520000.0,0.18365520908565716,-0.0038659500000000004,3135.6780193483814,3136.8710557060176,-49.5,0.3905,297.5,0.3867897937558453,long_nclose,115.06996364236399,0.036696995970994635,4.0
1711058700000.0,642123,1711058700000.0,0.3668052090856562,-0.0039025799999999997,3136.040921977467,3137.7794531260174,-49.5,0.3942,248.0,0.3867897937558453,long_nclose,95.92386885144964,0.030587569243504555,3.0
1711058760000.0,642124,1711058760000.0,0.3060415178835879,-0.003256092,3136.3437074033504,3137.9167370340174,-41.3,0.3942,206.7,0.3867897937558453,long_nclose,79.94945036933322,0.025491291079039666,1.0
1711058940000.0,642127,1711058940000.0,0.25491109479892066,-0.002712096,3136.5959064021495,3137.8899149380172,-34.4,0.3942,172.3,0.3867897937558453,long_nclose,66.64388146413215,0.021247200293829496,3.0
1711059300000.0,642133,1711059300000.0,0.21267291920723905,-0.002262708,3136.8063166133566,3137.856062230017,-28.7,0.3942,143.6,0.3867897937558453,long_nclose,55.54301438333938,0.017706867679132394,6.0
1711060680000.0,642156,1711060680000.0,0.07605922800517115,-0.0016010500000000001,3136.880774791362,3137.3990511800175,-20.5,0.3905,123.1,0.3867897937558453,long_nclose,47.61382361134456,0.015178716384116133,23.0
1711060860000.0,642159,1711060860000.0,0.06492860927270708,-0.0013667500000000001,3136.9443366506343,3137.388934430017,-17.5,0.3905,105.6,0.3867897937558453,long_nclose,40.84500222061726,0.013020633405382042,3.0
1711061100000.0,642163,1711061100000.0,0.05565309366232035,-0.0011715,3136.9988182442967,3137.362142930017,-15.0,0.3905,90.6,0.3867897937558453,long_nclose,35.04315531427958,0.011170917601394699,4.0
1711062540000.0,642187,1711062540000.0,0.0478616605495955,-0.0010074900000000002,3137.045672414846,3137.341725440017,-12.9,0.3905,77.7,0.3867897937558453,long_nclose,30.053566974829184,0.009580213396030808,24.0
1711063980000.0,642211,1711063980000.0,0.04118328931011706,-0.00086691,3137.0859887941565,3137.319768530017,-11.1,0.3905,66.6,0.3867897937558453,long_nclose,25.760200264139296,0.00821150595047638,24.0
1711064040000.0,642212,1711064040000.0,0.035246959319469556,-0.00074195,3137.120493803476,3137.332346580017,-9.5,0.3905,57.1,0.3867897937558453,long_nclose,22.08569722345877,0.007040117606921068,1.0
1711064100000.0,642213,1711064100000.0,0.030052670577652988,-0.00063261,3137.149913864054,3137.3415139700173,-8.1,0.3905,49.0,0.3867897937558453,long_nclose,18.95269989403642,0.006041375265580542,1.0
1711064940000.0,642227,1711064940000.0,0.02597144370908283,-0.0005467000000000001,3137.175338607763,3137.3395672700176,-7.0,0.3905,42.0,0.3867897937558453,long_nclose,16.245171337745504,0.0051782796893191495,14.0
1711065960000.0,642244,1711065960000.0,0.02226123746492814,-0.0004686,3137.197131245228,3137.3594986700173,-6.0,0.3905,36.0,0.3867897937558453,long_nclose,13.924432575210432,0.004438494615632743,17.0
1711066200000.0,642248,1711066200000.0,0.04446123746492803,-0.00047304,3137.2411194426927,3137.4664256300175,-6.0,0.3942,30.0,0.3867897937558453,long_nclose,11.60369381267536,0.0036986936518085254,4.0
1711066740000.0,642257,1711066740000.0,0.037051031220773356,-0.00039420000000000004,3137.277776273914,3137.5030314300175,-5.0,0.3942,25.0,0.3867897937558453,long_nclose,9.669744843896133,0.003082208696030961,9.0
1711067280000.0,642266,1711067280000.0,0.03038184560103415,-0.000323244,3137.307834875515,3137.4647981860176,-4.1,0.3942,20.9,0.3867897937558453,long_nclose,8.083906689497166,0.0025767017822202094,9.0
1711067700000.0,642273,1711067700000.0,0.0,-0.029751546000000004,3137.2780833295146,3137.0268466400175,383.1,0.3883,404.0,0.3882218729938049,long_ientry_partial,156.84163668949716,0.04999290229415847,7.0
1711070100000.0,642313,1711070100000.0,0.21799792825745842,-0.00452368,3137.491557577772,3138.8345529600174,-57.7,0.392,346.3,0.3882218729938049,long_nclose,134.44123461775465,0.04284991119515455,40.0
1711070820000.0,642325,1711070820000.0,0.18663947410603893,-0.00387296,3137.6743240918777,3138.855430000017,-49.4,0.392,296.9,0.3882218729938049,long_nclose,115.26307409186066,0.036735193709188,12.0
1711071240000.0,642332,1711071240000.0,0.0,-0.008323008,3137.6660010838777,3137.740326992017,107.2,0.3882,404.1,0.38821607050695534,long_ientry_partial,156.87811409186065,0.0499983471910868,7.0
1711077480000.0,642436,1711077480000.0,0.21256273174867868,-0.004522526000000001,3137.8740412896263,3139.531194466017,-57.7,0.3919,346.4,0.38821607050695534,long_nclose,134.47804682360933,0.04285641968227016,104.0
1711077720000.0,642440,1711077720000.0,0.43182273174867697,-0.004566378,3138.3012976433747,3140.4619080880166,-57.7,0.3957,288.7,0.38821607050695534,long_nclose,112.077979555358,0.03571294433696345,4.0
1711077780000.0,642441,1711077780000.0,0.3599770086154482,-0.0038066340000000006,3138.65746801799,3140.6024614540165,-48.1,0.3957,240.6,0.38821607050695534,long_nclose,93.40478656397345,0.029759471212052014,1.0
1711078200000.0,642448,1711078200000.0,0.3001055726710909,-0.003173514,3138.954400076661,3140.5952779400163,-40.1,0.3957,200.5,0.38821607050695534,long_nclose,77.83732213664454,0.024797213407988204,7.0
1711078620000.0,642455,1711078620000.0,0.4484755726710902,-0.003203188,3139.399672461332,3141.1935747520165,-40.1,0.3994,160.4,0.38821607050695534,long_nclose,62.26985770931564,0.019834957063780037,7.0
1711078680000.0,642456,1711078680000.0,0.35788574377742854,-0.00255616,3139.7550020451094,3141.1653385920163,-32.0,0.3994,128.4,0.38821607050695534,long_nclose,49.84694345309307,0.0158760614827032,1.0
1711078740000.0,642457,1711078740000.0,0.28630859502194284,-0.002044928,3140.0392657121315,3141.1889736640164,-25.6,0.3994,102.8,0.38821607050695534,long_nclose,39.90861204811501,0.012709590126435603,1.0
1711078800000.0,642458,1711078800000.0,0.22927055460741516,-0.00163754,3140.266898726739,3141.1708761240166,-20.5,0.3994,82.3,0.38821607050695534,long_nclose,31.950182602722425,0.010174352573558965,1.0
1711079220000.0,642465,1711079220000.0,0.1834164436859321,-0.0013100319999999998,3140.4490051384246,3141.1530760920164,-16.4,0.3994,65.9,0.38821607050695534,long_nclose,25.58343904640836,0.008146427152470413,7.0
1711079580000.0,642471,1711079580000.0,0.1465094763588848,-0.0010464279999999999,3140.5944681867836,3141.1955396640165,-13.1,0.3994,52.8,0.38821607050695534,long_nclose,20.49780852276724,0.006526728850350937,6.0
1711081320000.0,642500,1711081320000.0,0.06585857953879302,-0.0006964320000000001,3140.659630334322,3141.002123232016,-8.8,0.3957,44.0,0.38821607050695534,long_nclose,17.081507102306034,0.005438827861931576,29.0
1711081680000.0,642506,1711081680000.0,0.054632685299226026,-0.000577722,3140.7136852976214,3140.9663255100163,-7.3,0.3957,36.7,0.38821607050695534,long_nclose,14.247529787605261,0.004536398798241659,6.0
1711081800000.0,642508,1711081800000.0,0.04565196990757243,-0.000482754,3140.758854513529,3141.003162756016,-6.1,0.3957,30.6,0.38821607050695534,long_nclose,11.879411757512834,0.0037823380615296656,2.0
1711082760000.0,642524,1711082760000.0,0.03816804041452777,-0.000403614,3140.7966189399435,3141.010409142016,-5.1,0.3957,25.5,0.38821607050695534,long_nclose,9.899509797927362,0.003151910486094628,16.0
1711083240000.0,642532,1711083240000.0,0.05703804041452767,-0.0004073879999999999,3140.853249592358,3141.0773217540163,-5.1,0.3994,20.4,0.38821607050695534,long_nclose,7.919607838341888,0.0025214829248611822,8.0
1711083780000.0,642541,1711083780000.0,0.04473571797217857,-0.00031952,3140.8976657903304,3141.072882234016,-4.0,0.3994,16.4,0.38821607050695534,long_nclose,6.366743556314067,0.0020270458428679914,9.0
1711084320000.0,642550,1711084320000.0,0.020206609631220587,-0.000213678,3140.9176587219617,3141.0256685560166,-2.7,0.3957,13.7,0.38821607050695534,long_nclose,5.3185601659452875,0.001693314102385418,9.0
1711084800000.0,642558,1711084800000.0,0.016464644884698256,-0.00017410800000000002,3140.9339492588465,3141.0234644480165,-2.2,0.3957,11.5,0.38821607050695534,long_nclose,4.464484810829986,0.0014213876773446486,8.0
1711086000000.0,642578,1711086000000.0,0.025723037834002673,-0.000183724,3140.95948857268,3141.065140724016,-2.3,0.3994,9.2,0.38821607050695534,long_nclose,3.571587848663989,0.0011371008959708028,20.0
1711086720000.0,642590,1711086720000.0,0.020131073087480356,-0.00014378400000000002,3140.9794758617677,3141.062236940016,-1.8,0.3994,7.4,0.38821607050695534,long_nclose,2.87279892175147,0.0009146188135989908,12.0
1711086960000.0,642594,1711086960000.0,0.0156575012902625,-0.00011183199999999998,3140.995021531058,3141.061525108016,-1.4,0.3994,6.0,0.38821607050695534,long_nclose,2.329296423041732,0.0007415791515347043,4.0
1711087200000.0,642598,1711087200000.0,0.01342071539165357,-9.585599999999998e-05,3141.0083463904493,3141.062989252016,-1.2,0.3994,4.8,0.38821607050695534,long_nclose,1.8634371384333854,0.0005932608044721658,4.0
1711087500000.0,642603,1711087500000.0,0.010065536543740178,-7.189200000000001e-05,3141.018340034993,3141.062737360016,-0.9,0.3994,3.9,0.38821607050695534,long_nclose,1.5140426749771259,0.00048202286999707826,5.0
1711087680000.0,642606,1711087680000.0,0.00782875064513125,-5.591599999999999e-05,3141.0261128696384,3141.063821444016,-0.7,0.3994,3.2,0.38821607050695534,long_nclose,1.2422914256222573,0.00039550496588750136,3.0
1711088280000.0,642616,1711088280000.0,0.006710357695826785,-4.792799999999999e-05,3141.032775299334,3141.060813516016,-0.6,0.3994,2.6,0.38821607050695534,long_nclose,1.009361783318084,0.0003213471031743353,10.0
1711089360000.0,642634,1711089360000.0,0.005591964746522321,-3.994e-05,3141.0383273240805,3141.0626535760157,-0.5,0.3994,2.1,0.38821607050695534,long_nclose,0.8152537480646063,0.00025954912455943794,18.0
1711090020000.0,642645,1711090020000.0,0.004473571797217857,-3.1952e-05,3141.0427689438775,3141.062291624016,-0.4,0.3994,1.7,0.38821607050695534,long_nclose,0.659967319861824,0.00021011089896229808,11.0
1711090260000.0,642649,1711090260000.0,0.0033551788479133926,-2.3963999999999996e-05,3141.0461001587255,3141.0616176600156,-0.3,0.3994,1.4,0.38821607050695534,long_nclose,0.5435024987097374,0.00017303232151934123,4.0
1711090320000.0,642650,1711090320000.0,0.0022367858986089284,-1.5976e-05,3141.048320968624,3141.062341684016,-0.2,0.3994,1.2,0.38821607050695534,long_nclose,0.46585928460834636,0.00014831331358337288,1.0
1711090560000.0,642654,1711090560000.0,0.0022367858986089284,-1.5976e-05,3141.0505417785225,3141.0618257080155,-0.2,0.3994,1.0,0.38821607050695534,long_nclose,0.38821607050695534,0.00012359434060145368,4.0
1711091460000.0,642669,1711091460000.0,0.0022367858986089284,-1.5976e-05,3141.052762588421,3141.0616297320153,-0.2,0.3994,0.8,0.38821607050695534,long_nclose,0.3105728564055643,9.887540257350951e-05,15.0
1711091520000.0,642670,1711091520000.0,0.0011183929493044642,-7.988e-06,3141.05387299337,3141.061841744015,-0.1,0.3994,0.7,0.38821607050695534,long_nclose,0.2717512493548687,8.651594666725486e-05,1.0
1711091640000.0,642672,1711091640000.0,0.0011183929493044642,-7.988e-06,3141.054983398319,3141.061873756015,-0.1,0.3994,0.6,0.38821607050695534,long_nclose,0.23292964230417318,7.415649949946618e-05,2.0
1711091820000.0,642675,1711091820000.0,0.0011183929493044642,-7.988e-06,3141.056093803268,3141.0617857680145,-0.1,0.3994,0.5,0.38821607050695534,long_nclose,0.19410803525347767,6.179706107013417e-05,3.0
1711092000000.0,642678,1711092000000.0,0.0011183929493044642,-7.988e-06,3141.057204208217,3141.0617577800144,-0.1,0.3994,0.4,0.38821607050695534,long_nclose,0.15528642820278216,4.943763137924959e-05,3.0
1711092120000.0,642680,1711092120000.0,0.0011183929493044642,-7.988e-06,3141.058314613166,3141.061489792014,-0.1,0.3994,0.3,0.38821607050695534,long_nclose,0.11646482115208659,3.707821042680314e-05,2.0
1711092240000.0,642682,1711092240000.0,0.0011183929493044642,-7.988e-06,3141.0594250181152,3141.0615818040137,-0.1,0.3994,0.2,0.38821607050695534,long_nclose,0.07764321410139108,2.471879821278558e-05,2.0
1711092360000.0,642684,1711092360000.0,0.0011183929493044642,-7.988e-06,3141.0605354230643,3141.0617538160136,-0.1,0.3994,0.1,0.38821607050695534,long_nclose,0.03882160705069554,1.2359394737187617e-05,2.0
1711093980000.0,642711,1711093980000.0,0.0011183929493044642,-7.988e-06,3141.0616458280133,3141.0616458280133,-0.1,0.3994,0.0,0.38821607050695534,long_nclose,0.0,0.0,27.0
1711096980000.0,642761,1711096980000.0,0.0,-0.031409386,3141.030236442013,3141.110016442013,398.9,0.3937,398.9,0.3937,long_ientry_normal,157.04692999999997,0.049998541299587786,50.0
1711105320000.0,642900,1711105320000.0,0.0,-0.03141146,3140.998824982013,3136.732914982013,410.5,0.3826,809.4,0.3880704595997035,long_rentry,314.10423,0.10000138411443013,139.0
1711114560000.0,643054,1711114560000.0,0.0,-0.031406816,3140.967418166013,3132.257308166013,417.2,0.3764,1226.6,0.3841010190771238,long_rentry,471.13831,0.14999783419437507,154.0
1711115820000.0,643075,1711115820000.0,0.0,-0.045173700000000004,3140.922244466013,3125.650404466013,607.5,0.3718,1834.1,0.3800266125074969,long_rentry,697.0068100000001,0.2219115138007811,21.0
1711116960000.0,643094,1711116960000.0,0.0,-0.06665839200000001,3140.855586074013,3123.910566074013,908.4,0.3669,2742.5,0.37567867639015506,long_rentry,1030.2987700000003,0.3280312455523773,19.0
1711120920000.0,643160,1711120920000.0,1.4184724579762715,-0.029714362,3142.2443441699893,3150.5222717120128,-391.7,0.3793,2350.8,0.37567867639015506,long_nclose,883.1454324579765,0.2810556200368484,66.0
1711121100000.0,643163,1711121100000.0,1.2160404681859383,-0.025473788000000004,3143.434910850175,3151.9408779240125,-335.8,0.3793,2015.0,0.37567867639015506,long_nclose,756.9925329261624,0.24081698982003918,3.0
1711121340000.0,643167,1711121340000.0,2.4249204681859355,-0.025715564000000003,3145.834115754361,3157.4564023600124,-335.8,0.3829,1679.2,0.37567867639015506,long_nclose,630.8396333943484,0.20053175411732577,4.0
1711121400000.0,643168,1711121400000.0,2.020526346034618,-0.021427084000000002,3147.8332150163956,3155.839635276013,-279.8,0.3829,1399.4,0.37567867639015506,long_nclose,525.724739740383,0.16701162476857745,1.0
1711121460000.0,643169,1711121460000.0,1.6840126658158432,-0.017858456,3149.4993692262115,3158.6205968200125,-233.2,0.3829,1166.2,0.37567867639015506,long_nclose,438.11647240619885,0.13910670269917788,1.0
1711121640000.0,643172,1711121640000.0,1.4031031773928746,-0.014879494000000004,3150.8875929096043,3157.1284773260127,-194.3,0.3829,971.9,0.37567867639015506,long_nclose,365.1221055835917,0.11587912764810161,3.0
1711121820000.0,643175,1711121820000.0,1.169132292433898,-0.012398302000000002,3152.0443269000384,3157.812599024013,-161.9,0.3829,810.0,0.37567867639015506,long_nclose,304.2997278760256,0.09654043418078997,3.0
1711123980000.0,643211,1711123980000.0,0.4189871416590621,-0.008777002,3152.4545370396977,3154.274522022013,-115.7,0.3793,694.3,0.37567867639015506,long_nclose,260.8337050176846,0.08273987838778467,36.0
1711124160000.0,643214,1711124160000.0,0.3588731697356357,-0.007517726000000001,3152.805892483433,3154.9613042960127,-99.1,0.3793,595.2,0.37567867639015506,long_nclose,223.60394818742031,0.07092220574711301,3.0
1711124220000.0,643215,1711124220000.0,0.30781250683682176,-0.006448100000000001,3153.10725689027,3154.3936361960127,-85.0,0.3793,510.2,0.37567867639015506,long_nclose,191.6712606942571,0.06078805605975217,1.0
1711130700000.0,643323,1711130700000.0,0.2636323587967132,-0.005522608000000001,3153.365366641067,3155.036813588013,-72.8,0.3793,437.4,0.37567867639015506,long_nclose,164.32185305305381,0.052109994861803094,108.0
1711132740000.0,643357,1711132740000.0,0.2259705932543256,-0.004733664,3153.586603570321,3154.794599924013,-62.4,0.3793,375.0,0.37567867639015506,long_nclose,140.87950364630814,0.04467278732311075,34.0
1711132800000.0,643358,1711132800000.0,0.19374081312670546,-0.00405851,3153.7762858734477,3155.004841414013,-53.5,0.3793,321.5,0.37567867639015506,long_nclose,120.78069445943486,0.03829716616249598,1.0
1711133040000.0,643362,1711133040000.0,0.0,-0.00723492,3153.7690509534477,3154.431916494013,95.7,0.378,417.2,0.376211156422423,long_ientry_partial,156.95529445943487,0.04976752955704988,4.0
1711137000000.0,643428,1711137000000.0,0.2138950772235922,-0.004527216000000001,3153.9784188146714,3155.226029278013,-59.6,0.3798,357.6,0.376211156422423,long_nclose,134.53310953665846,0.04265505075561637,66.0
1711137180000.0,643431,1711137180000.0,0.18303102245642955,-0.0038739600000000005,3154.157575877128,3155.288575318013,-51.0,0.3798,306.6,0.376211156422423,long_nclose,115.34634055911489,0.036569618918623197,3.0
1711137360000.0,643434,1711137360000.0,0.15719134869787477,-0.003327048,3154.3114401778257,3155.228308270013,-43.8,0.3798,262.8,0.376211156422423,long_nclose,98.86829190781276,0.03134385864644964,3.0
1711137420000.0,643435,1711137420000.0,0.13458163415913937,-0.0028485000000000003,3154.443173311985,3155.184149770013,-37.5,0.3798,225.3,0.376211156422423,long_nclose,84.7603735419719,0.026870153901989095,1.0
1711137720000.0,643440,1711137720000.0,0.0,-0.014537448000000001,3154.428635863985,3154.571112322013,192.6,0.3774,417.9,0.3767590656663602,long_ientry_partial,157.44761354197192,0.049913195610731466,5.0
1711143360000.0,643534,1711143360000.0,0.0,-0.031544468,3154.397091395985,3150.069317854013,430.7,0.3662,848.6,0.3713998981168653,long_rentry,315.1699535419719,0.09991448267614676,94.0
1711150860000.0,643659,1711150860000.0,0.4363323482359255,-0.00909,3154.824333744221,3157.443047854013,-121.2,0.375,727.4,0.3713998981168653,long_nclose,270.1562858902078,0.08563275076859188,125.0
1711150920000.0,643660,1711150920000.0,0.3740505856576952,-0.007792500000000002,3155.1905918298785,3157.559955354013,-103.9,0.375,623.5,0.3713998981168653,long_nclose,231.5678364758655,0.07339266194425544,1.0
1711151160000.0,643664,1711151160000.0,0.3204090675989882,-0.006675,3155.5043258974774,3157.428580354013,-89.0,0.375,534.5,0.3713998981168653,long_nclose,198.5132455434645,0.06291014843942705,4.0
1711151460000.0,643669,1711151460000.0,0.2746877736831775,-0.005722499999999999,3155.7732911711605,3157.4686778540126,-76.3,0.375,458.2,0.3713998981168653,long_nclose,170.17543331714768,0.05392511363007091,5.0
1711152480000.0,643686,1711152480000.0,0.23544666315700932,-0.0049050000000000005,3156.0038328343176,3157.496512854013,-65.4,0.375,392.8,0.3713998981168653,long_nclose,145.8858799803047,0.046224874147028125,17.0
1711152960000.0,643694,1711152960000.0,0.2019657156438566,-0.0042075,3156.2015910499613,3157.716775354013,-56.1,0.375,336.7,0.3713998981168653,long_nclose,125.05034569594854,0.039620519186909266,8.0
1711153800000.0,643708,1711153800000.0,0.173164900578779,-0.0036075000000000005,3156.37114845054,3157.3812778540128,-48.1,0.375,288.6,0.3713998981168653,long_nclose,107.18601059652734,0.03395862069298943,14.0
1711153860000.0,643709,1711153860000.0,0.1483241975851496,-0.0030900000000000003,3156.5163826481253,3157.4565278540126,-41.2,0.375,247.4,0.3713998981168653,long_nclose,91.88433479411248,0.029109411660023482,1.0
1711154040000.0,643712,1711154040000.0,0.12708359647465486,-0.0026475,3156.6408187446,3157.404400354013,-35.3,0.375,212.1,0.3713998981168653,long_nclose,78.77391839058713,0.024954983133594406,3.0
1711154100000.0,643713,1711154100000.0,0.10908308705898137,-0.0022725,3156.747629331659,3157.383947854013,-30.3,0.375,181.8,0.3713998981168653,long_nclose,67.52050147764612,0.021389261799157965,1.0
1711154220000.0,643715,1711154220000.0,0.0932426387731887,-0.0019424999999999998,3156.838929470432,3157.4157753540126,-25.9,0.375,155.9,0.3713998981168653,long_nclose,57.9012441164193,0.01834152625776583,2.0
1711154400000.0,643718,1711154400000.0,0.07992226180559031,-0.001665,3156.917186732238,3157.518850354013,-22.2,0.375,133.7,0.3713998981168653,long_nclose,49.65616637822489,0.015729321816523343,3.0
1711155420000.0,643735,1711155420000.0,0.06876194596787275,-0.0014325000000000002,3156.9845161782055,3157.4314678540127,-19.1,0.375,114.6,0.3713998981168653,long_nclose,42.56242832419276,0.01348198830437032,17.0
1711155660000.0,643739,1711155660000.0,0.05868166069509559,-0.0012225000000000003,3157.0419753389006,3157.464675354013,-16.3,0.375,98.3,0.3713998981168653,long_nclose,36.508609984887855,0.011564182633640386,4.0
1711156320000.0,643750,1711156320000.0,0.11573166069509565,-0.0012339100000000002,3157.1564730895957,3157.7468814440126,-16.3,0.3785,82.0,0.3713998981168653,long_nclose,30.454791645582954,0.00964627249398883,11.0
1711157040000.0,643762,1711157040000.0,0.09656138561063195,-0.00102952,3157.2520049552063,3157.7786919240125,-13.6,0.3785,68.4,0.3713998981168653,long_nclose,25.403753031193588,0.008046159442237492,12.0
1711157640000.0,643772,1711157640000.0,0.14552138561063183,-0.001039312,3157.396487028817,3157.9883326120125,-13.6,0.3821,54.8,0.3713998981168653,long_nclose,20.35271441680422,0.006446043282944358,10.0
1711157880000.0,643776,1711157880000.0,0.11663111052616816,-0.000832978,3157.5122851613432,3158.012749634013,-10.9,0.3821,43.9,0.3713998981168653,long_nclose,16.304455527330386,0.005163702958165136,4.0
1711158120000.0,643780,1711158120000.0,0.09309088638327183,-0.000664854,3157.6047111937264,3157.998954780013,-8.7,0.3821,35.2,0.3713998981168653,long_nclose,13.073276413713659,0.0041402511110300855,4.0
1711160220000.0,643815,1711160220000.0,0.07490071318194286,-0.00053494,3157.6790769669087,3157.9723598400133,-7.0,0.3821,28.2,0.3713998981168653,long_nclose,10.4734771268956,0.00331682760394886,35.0
1711160280000.0,643816,1711160280000.0,0.05992057054555428,-0.000427952,3157.7385695854546,3157.978131888013,-5.6,0.3821,22.6,0.3713998981168653,long_nclose,8.393637697441156,0.002658116722608568,1.0
1711160580000.0,643821,1711160580000.0,0.04815045847410612,-0.00034389,3157.786376153929,3157.9800479980136,-4.5,0.3821,18.1,0.3713998981168653,long_nclose,6.722338155915263,0.0021288134646089744,5.0
1711160640000.0,643822,1711160640000.0,0.0385203667792849,-0.00027511200000000005,3157.824621408708,3157.9783228860133,-3.6,0.3821,14.5,0.3713998981168653,long_nclose,5.385298522694547,0.001705382397168137,1.0
1711160760000.0,643824,1711160760000.0,0.031030295461090613,-0.000221618,3157.8554300861692,3157.9760712680136,-2.9,0.3821,11.6,0.3713998981168653,long_nclose,4.308238818155638,0.001364292607289523,2.0
1711164060000.0,643879,1711164060000.0,0.0,-0.030710376000000005,3157.824719710169,3157.9598008920134,408.6,0.3758,420.2,0.3756785312188378,long_ientry_partial,157.86011881815566,0.04999014601185475,55.0
1711166940000.0,643927,1711166940000.0,0.21728812686973242,-0.004551600000000001,3158.037456237039,3159.6300692920136,-60.0,0.3793,360.2,0.3756785312188378,long_nclose,135.31940694502538,0.04284920898508445,48.0
1711167360000.0,643934,1711167360000.0,0.18614349535173744,-0.0038992040000000003,3158.2197005283906,3159.4615300880137,-51.4,0.3793,308.8,0.3756785312188378,long_nclose,116.00953044037712,0.03673257133471999,7.0
1711170900000.0,643993,1711170900000.0,0.15970677324925334,-0.0033454260000000007,3158.3760618756396,3159.4140746620133,-44.1,0.3793,264.7,0.3756785312188378,long_nclose,99.44210721362637,0.03148520165599643,59.0
1711171200000.0,643998,1711171200000.0,0.13689151992793142,-0.0028675080000000004,3158.5100858875676,3159.3544871540134,-37.8,0.3793,226.9,0.3756785312188378,long_nclose,85.24145873355431,0.02698786972833134,5.0
1711171680000.0,644006,1711171680000.0,0.1173355885096555,-0.002457864,3158.6249636120774,3159.3487892900134,-32.4,0.3793,194.5,0.3756785312188378,long_nclose,73.06947432206395,0.023133317555530435,8.0
1711171800000.0,644008,1711171800000.0,0.10031468523819313,-0.002101322,3158.7231769753157,3159.3605979680137,-27.7,0.3793,166.8,0.3756785312188378,long_nclose,62.663179007302155,0.019838135694849414,2.0
1711171920000.0,644010,1711171920000.0,0.08619095699166053,-0.0018054680000000002,3158.8075624643075,3159.3397325000137,-23.8,0.3793,143.0,0.3756785312188378,long_nclose,53.72202996429381,0.017007060069966145,2.0
1711172520000.0,644020,1711172520000.0,0.07387796313570902,-0.001547544,3158.879892883443,3159.3361449560134,-20.4,0.3793,122.6,0.3756785312188378,long_nclose,46.058187927429515,0.014580544208468573,10.0
1711172880000.0,644026,1711172880000.0,0.06337570367033862,-0.0013275500000000003,3158.9419410371133,3159.3330674060135,-17.5,0.3793,105.1,0.3756785312188378,long_nclose,39.48381363109985,0.012499062777373143,6.0
1711173060000.0,644029,1711173060000.0,0.054322031717433106,-0.0011379000000000003,3158.995125168831,3159.3214195060136,-15.0,0.3793,90.1,0.3756785312188378,long_nclose,33.84863566281729,0.010715000916947685,3.0
1711173120000.0,644030,1711173120000.0,0.04635480039887625,-0.0009710080000000002,3159.04050896123,3159.3436384980137,-12.8,0.3793,77.3,0.3756785312188378,long_nclose,29.03995046321616,0.009192648964405085,1.0
1711173600000.0,644038,1711173600000.0,0.03983615659278428,-0.00083446,3159.0795106578225,3159.3262440380136,-11.0,0.3793,66.3,0.3756785312188378,long_nclose,24.907486619808946,0.007884412701794392,8.0
1711173780000.0,644041,1711173780000.0,0.03404180654292475,-0.0007130840000000001,3159.1128393803656,3159.2847609540136,-9.4,0.3793,56.9,0.3756785312188378,long_nclose,21.37610842635187,0.006766490946409062,3.0
1711174980000.0,644061,1711174980000.0,0.029333897127413876,-0.000614466,3159.141558811493,3159.3329264880135,-8.1,0.3793,48.8,0.3756785312188378,long_nclose,18.333112323479284,0.005803194311551022,20.0
1711177740000.0,644107,1711177740000.0,0.05849389712741381,-0.000620298,3159.1994324106204,3159.5096261900135,-8.1,0.3829,40.7,0.3756785312188378,long_nclose,15.2901162206067,0.004839870526609841,46.0
1711178640000.0,644122,1711178640000.0,0.08765389712741374,-0.00062613,3159.286460177748,3159.6294600600136,-8.1,0.3865,32.6,0.3756785312188378,long_nclose,12.247120117734113,0.0038765462619825444,15.0
1711179360000.0,644134,1711179360000.0,0.07033954707755424,-0.00050245,3159.3562972748255,3159.6335176100138,-6.5,0.3865,26.1,0.3756785312188378,long_nclose,9.805209664811668,0.0031035466538767327,12.0
1711179480000.0,644136,1711179480000.0,0.0562716376620434,-0.0004019600000000001,3159.4121669524875,3159.6425156500136,-5.2,0.3865,20.9,0.3756785312188378,long_nclose,7.85168130247371,0.0024851715722951405,2.0
1711179600000.0,644138,1711179600000.0,0.04436802200276498,-0.00031693,3159.4562180444905,3159.656498720014,-4.1,0.3865,16.8,0.3756785312188378,long_nclose,6.311399324476476,0.0019976220238249872,2.0
1711180860000.0,644159,1711180860000.0,0.03571084697783523,-0.00025509,3159.4916738014686,3159.6215636300144,-3.3,0.3865,13.5,0.3756785312188378,long_nclose,5.071660171454311,0.0016052139695472405,21.0
1711181100000.0,644163,1711181100000.0,0.029217965709137917,-0.00020871000000000005,3159.5206830571774,3159.635394920014,-2.7,0.3865,10.8,0.3756785312188378,long_nclose,4.057328137163449,0.0012841593849727692,4.0
1711181160000.0,644164,1711181160000.0,0.022725084440440604,-0.00016233000000000003,3159.543245811618,3159.638262590014,-2.1,0.3865,8.7,0.3756785312188378,long_nclose,3.2684032216038887,0.0010344543395430902,1.0
1711182900000.0,644193,1711182900000.0,0.010110056293627078,-0.000107212,3159.553248655912,3159.6088853780143,-1.4,0.3829,7.3,0.3756785312188378,long_nclose,2.742453277897516,0.0008679876748600987,29.0
1711185660000.0,644239,1711185660000.0,0.008665762537394638,-9.1896e-05,3159.5618225224493,3159.6064834820145,-1.2,0.3829,6.1,0.3756785312188378,long_nclose,2.2916390404349105,0.0007253028011983544,46.0
1711185840000.0,644242,1711185840000.0,0.007221468781162199,-7.658e-05,3159.5689674112305,3159.6073269020144,-1.0,0.3829,5.1,0.3756785312188378,long_nclose,1.9159605092160727,0.0006063993313574987,3.0
1711185960000.0,644244,1711185960000.0,0.0057771750249297595,-6.126400000000002e-05,3159.574683322255,3159.605305638014,-0.8,0.3829,4.3,0.3756785312188378,long_nclose,1.6154176842410026,0.0005112769426745787,2.0
1711186200000.0,644248,1711186200000.0,0.005055028146813539,-5.3606e-05,3159.5796847444017,3159.6049620320136,-0.7,0.3829,3.6,0.3756785312188378,long_nclose,1.3524427123878162,0.00042804513490129743,4.0
1711187880000.0,644276,1711187880000.0,0.004332881268697319,-4.5948e-05,3159.58397167767,3159.6062360840133,-0.6,0.3829,3.0,0.3756785312188378,long_nclose,1.1270355936565135,0.00035670379510694956,28.0
1711189920000.0,644310,1711189920000.0,0.006492881268697314,-4.638e-05,3159.5904181789383,3159.6185497040133,-0.6,0.3865,2.4,0.3756785312188378,long_nclose,0.9016284749252107,0.00028536245386035614,34.0
1711190580000.0,644321,1711190580000.0,0.004328587512464877,-3.092e-05,3159.594715846451,3159.6161587840134,-0.4,0.3865,2.0,0.3756785312188378,long_nclose,0.7513570624376756,0.00023780172142628367,11.0
1711190640000.0,644322,1711190640000.0,0.004328587512464877,-3.092e-05,3159.5990135139637,3159.6163278640133,-0.4,0.3865,1.6,0.3756785312188378,long_nclose,0.6010856499501406,0.00019024111837585373,1.0
1711194060000.0,644379,1711194060000.0,0.003246440634348657,-2.319e-05,3159.6022367645983,3159.6161746740136,-0.3,0.3865,1.3,0.3756785312188378,long_nclose,0.48838209058448917,0.00015457075099572902,57.0
1711194120000.0,644380,1711194120000.0,0.0021642937562324385,-1.546e-05,3159.6043855983544,3159.6161792140138,-0.2,0.3865,1.1,0.3756785312188378,long_nclose,0.41324638434072164,0.00013079054650775925,1.0
1711195800000.0,644408,1711195800000.0,0.0021642937562324385,-1.546e-05,3159.6065344321105,3159.6164537540135,-0.2,0.3865,0.9,0.3756785312188378,long_nclose,0.33811067809695405,0.0001070103743654031,28.0
1711197360000.0,644434,1711197360000.0,0.0010821468781162193,-7.73e-06,3159.6076088489885,3159.6160260240135,-0.1,0.3865,0.8,0.3756785312188378,long_nclose,0.3005428249750703,9.512030042380954e-05,26.0
1711197660000.0,644439,1711197660000.0,0.0010821468781162193,-7.73e-06,3159.6086832658666,3159.6164682940134,-0.1,0.3865,0.7,0.3756785312188378,long_nclose,0.26297497185318647,8.323023456859462e-05,5.0
1711197780000.0,644441,1711197780000.0,0.0010821468781162193,-7.73e-06,3159.6097576827447,3159.6163705640133,-0.1,0.3865,0.6,0.3756785312188378,long_nclose,0.22540711873130267,7.134017679975014e-05,2.0
1711198380000.0,644451,1711198380000.0,0.0014421468781162185,-7.802000000000001e-06,3159.611192027623,3159.6184527620135,-0.1,0.3901,0.5,0.3756785312188378,long_nclose,0.1878392656094189,5.9450120344989814e-05,10.0
1711199760000.0,644474,1711199760000.0,0.0010821468781162193,-7.73e-06,3159.612266444501,3159.6166750320135,-0.1,0.3865,0.4,0.3756785312188378,long_nclose,0.15027141248753514,4.7560080103320704e-05,23.0
1711200360000.0,644484,1711200360000.0,0.0010821468781162193,-7.73e-06,3159.613340861379,3159.6166473020135,-0.1,0.3865,0.3,0.3756785312188378,long_nclose,0.11270355936565134,3.56700479479954e-05,10.0
1711200720000.0,644490,1711200720000.0,0.0010821468781162193,-7.73e-06,3159.614415278257,3159.6165795720135,-0.1,0.3865,0.2,0.3756785312188378,long_nclose,0.07513570624376757,2.3780023879005696e-05,6.0
1711200780000.0,644491,1711200780000.0,0.0010821468781162193,-7.73e-06,3159.6154896951352,3159.6166218420135,-0.1,0.3865,0.1,0.3756785312188378,long_nclose,0.037567853121883786,1.1890007896343308e-05,1.0
1711201140000.0,644497,1711201140000.0,0.0010821468781162193,-7.73e-06,3159.6165641120133,3159.6165641120133,-0.1,0.3865,0.0,0.3756785312188378,long_nclose,0.0,0.0,6.0
1711225560000.0,644904,1711225560000.0,0.0,-0.031596344000000005,3159.5849677680135,3159.5441877680137,407.8,0.3874,407.8,0.3874,long_ientry_normal,157.98172000000002,0.050000782258310686,407.0
1711251780000.0,645341,1711251780000.0,0.0,-0.03159588,3159.5533718880133,3154.6119118880133,419.6,0.3765,827.4,0.3818722745951173,long_rentry,315.96112000000005,0.10000183026222952,437.0
1711260000000.0,645478,1711260000000.0,0.4287971428571362,-0.00911322,3159.9730558108704,3161.765718668013,-118.2,0.3855,709.2,0.3818722745951173,long_nclose,270.8238171428572,0.08570447037351778,137.0
1711270560000.0,645654,1711270560000.0,0.36748858351461844,-0.0078102300000000005,3160.3327341643853,3162.6596084380135,-101.3,0.3855,607.9,0.3818722745951173,long_nclose,232.1401557263718,0.07345434017654198,176.0
1711270860000.0,645659,1711270860000.0,0.31488656514381913,-0.00669228,3160.640928449529,3162.5834461580134,-86.8,0.3855,521.1,0.3818722745951173,long_nclose,198.99364229151564,0.0629599017402882,5.0
1711271220000.0,645665,1711271220000.0,0.26990277012327357,-0.005736240000000001,3160.9050949796524,3162.5702699180133,-74.4,0.3855,446.7,0.3818722745951173,long_nclose,170.5823450616389,0.05396629760652051,6.0
1711271760000.0,645674,1711271760000.0,0.23144888083151682,-0.00491898,3161.1316248804837,3162.5206809380134,-63.8,0.3855,382.9,0.3818722745951173,long_nclose,146.2188939424704,0.046255237457250346,9.0
1711272300000.0,645683,1711272300000.0,0.1984365796470842,-0.004217370000000001,3161.325844090131,3162.4836435680136,-54.7,0.3855,328.2,0.3818722745951173,long_nclose,125.3304805221175,0.03964491061761752,9.0
1711272960000.0,645694,1711272960000.0,0.16977754894851077,-0.00360828,3161.492013359079,3162.540995288013,-46.8,0.3855,281.4,0.3818722745951173,long_nclose,107.458858071066,0.03398991919542798,11.0
1711273080000.0,645696,1711273080000.0,0.1458345612762849,-0.0030994200000000003,3161.6347485003553,3162.485635868013,-40.2,0.3855,241.2,0.3818722745951173,long_nclose,92.10759263234229,0.02913290116008223,2.0
1711273140000.0,645697,1711273140000.0,0.12479375392796518,-0.00265224,3161.7568900142833,3162.569143628013,-34.4,0.3855,206.8,0.3818722745951173,long_nclose,78.97118638627026,0.024976995111699908,1.0
1711273320000.0,645700,1711273320000.0,0.10701789944403992,-0.0022744500000000003,3161.8616334637272,3162.522559178013,-29.5,0.3855,177.3,0.3818722745951173,long_nclose,67.7059542857143,0.021413319788932194,3.0
1711273500000.0,645703,1711273500000.0,0.09178145274353254,-0.00195063,3161.9514642864706,3162.487678548013,-25.3,0.3855,152.0,0.3818722745951173,long_nclose,58.044585738457826,0.01835720326325636,3.0
1711273620000.0,645705,1711273620000.0,0.07872164128595478,-0.00167307,3162.0285128577566,3162.5663554780126,-21.7,0.3855,130.3,0.3818722745951173,long_nclose,49.757957379743786,0.015736087507564528,2.0
1711274640000.0,645722,1711274640000.0,0.06747569253081839,-0.0014340600000000002,3162.0945544902875,3162.533281418013,-18.6,0.3855,111.7,0.3818722745951173,long_nclose,42.6551330722746,0.013489518525530106,17.0
1711275360000.0,645734,1711275360000.0,0.057680833937635075,-0.00122589,3162.1510094342248,3162.5177055280124,-15.9,0.3855,95.8,0.3818722745951173,long_nclose,36.583363906212234,0.011569138790989544,12.0
1711275540000.0,645737,1711275540000.0,0.04933706550640484,-0.00104856,3162.199297939731,3162.5221569680125,-13.6,0.3855,82.2,0.3818722745951173,long_nclose,31.389900971718642,0.009926604244131646,3.0
1711278420000.0,645785,1711278420000.0,0.04244438723712769,-0.00090207,3162.240840256968,3162.5459448980123,-11.7,0.3855,70.5,0.3818722745951173,long_nclose,26.92199535895577,0.008513581576780865,48.0
1711281900000.0,645843,1711281900000.0,0.08573438723712747,-0.000910728,3162.3256639162055,3162.7682941700127,-11.7,0.3892,58.8,0.3818722745951173,long_nclose,22.454089746192896,0.007100498851970193,58.0
1711282740000.0,645857,1711282740000.0,0.07181170896785037,-0.0007628320000000001,3162.3967127931733,3162.7900713380127,-9.8,0.3892,49.0,0.3818722745951173,long_nclose,18.711741455160748,0.005916949438843074,14.0
1711284360000.0,645884,1711284360000.0,0.10807170896785073,-0.0007700840000000002,3162.504014418141,3162.9480612540124,-9.8,0.3929,39.2,0.3818722745951173,long_nclose,14.969393164128599,0.004733398944596365,27.0
1711284660000.0,645889,1711284660000.0,0.08601625815808527,-0.000612924,3162.589417752299,3162.9356883300125,-7.8,0.3929,31.4,0.3818722745951173,long_nclose,11.990789422286683,0.0037914467666842195,5.0
1711284720000.0,645890,1711284720000.0,0.06837189751027291,-0.00048719600000000007,3162.6573024538093,3162.9427611340125,-6.2,0.3929,25.2,0.3818722745951173,long_nclose,9.623181319796956,0.003042751837934076,1.0
1711285260000.0,645899,1711285260000.0,0.05513862702441363,-0.00039290000000000006,3162.712048180834,3162.9105682340123,-5.0,0.3929,20.2,0.3818722745951173,long_nclose,7.713819946821369,0.0024389890161699342,9.0
1711286100000.0,645913,1711286100000.0,0.04411090161953091,-0.00031432000000000004,3162.7558447624533,3162.9361139140124,-4.0,0.3929,16.2,0.3818722745951173,long_nclose,6.1863308484409,0.001955993807958812,14.0
1711288620000.0,645955,1711288620000.0,0.019784858593183265,-0.000210168,3162.775419453046,3162.885143746012,-2.7,0.3892,13.5,0.3818722745951173,long_nclose,5.155275707034083,0.0016299847517866474,42.0
1711288860000.0,645959,1711288860000.0,0.01612099589074192,-0.000171248,3162.791369200937,3162.877562498012,-2.2,0.3892,11.3,0.3818722745951173,long_nclose,4.315156702924826,0.0013643507266857845,4.0
1711291140000.0,645997,1711291140000.0,0.013189905728788842,-0.000140112,3162.804418994666,3162.8806823860123,-1.8,0.3892,9.5,0.3818722745951173,long_nclose,3.627786608653614,0.0011470157898055386,38.0
1711291260000.0,645999,1711291260000.0,0.010991588107324035,-0.00011676,3162.815293822773,3162.8747156260124,-1.5,0.3892,8.0,0.3818722745951173,long_nclose,3.0549781967609384,0.0009659047124021282,2.0
1711293180000.0,646031,1711293180000.0,0.009526043026347497,-0.000101192,3162.8247186737995,3162.875154434012,-1.3,0.3892,6.7,0.3818722745951173,long_nclose,2.558544239787286,0.0008089427860738695,32.0
1711293420000.0,646035,1711293420000.0,0.00806049794537096,-8.5624e-05,3162.832693547745,3162.8754088100122,-1.1,0.3892,5.6,0.3818722745951173,long_nclose,2.138484737732657,0.0006761295790622177,4.0
1711297020000.0,646095,1711297020000.0,0.006594952864394421,-7.0056e-05,3162.8392184446093,3162.8741287540124,-0.9,0.3892,4.7,0.3818722745951173,long_nclose,1.7947996905970514,0.000567464726038044,60.0
1711297440000.0,646102,1711297440000.0,0.0051294077834178825,-5.4488e-05,3162.844293364393,3162.8744042660123,-0.7,0.3892,4.0,0.3818722745951173,long_nclose,1.5274890983804692,0.0004829479280991233,7.0
1711299780000.0,646141,1711299780000.0,0.0,-0.03132196,3162.812971404393,3162.9542423060125,405.2,0.3865,409.2,0.38645476319252314,long_ientry_partial,158.13728909838048,0.04999893782153117,39.0
1711303920000.0,646210,1711303920000.0,0.21872182955664793,-0.004557536,3163.0271356979497,3164.5514447700125,-58.4,0.3902,350.8,0.38645476319252314,long_nclose,135.56833092793713,0.04286031232483334,69.0
1711304100000.0,646213,1711304100000.0,0.1876363640545901,-0.003909804,3163.210862258004,3164.4573349660122,-50.1,0.3902,300.7,0.38645476319252314,long_nclose,116.20694729199171,0.03673702208048166,3.0
1711304700000.0,646223,1711304700000.0,0.16067065904075678,-0.0033479160000000003,3163.3681850010444,3164.359487050012,-42.9,0.3902,257.8,0.38645476319252314,long_nclose,99.62803795103247,0.03149429093439516,10.0
1711304940000.0,646227,1711304940000.0,0.137824714515148,-0.0028718719999999997,3163.5031378435597,3164.397135178012,-36.8,0.3902,221.0,0.38645476319252314,long_nclose,85.40650266554762,0.026997445219468313,4.0
1711305360000.0,646234,1711305360000.0,0.11797495943552072,-0.00245826,3163.6186545429955,3164.1578269180122,-31.5,0.3902,189.5,0.38645476319252314,long_nclose,73.23317762498314,0.023148547793464105,7.0
1711305660000.0,646239,1711305660000.0,0.1011213938018749,-0.00210708,3163.7176688567974,3164.3100198380125,-27.0,0.3902,162.5,0.38645476319252314,long_nclose,62.79889901878501,0.01984971656509326,5.0
1711305720000.0,646240,1711305720000.0,0.08688949393346287,-0.001810528,3163.802747822731,3164.3941093100125,-23.2,0.3902,139.3,0.38645476319252314,long_nclose,53.83314851271848,0.01701533022239311,1.0
1711306080000.0,646246,1711306080000.0,0.07453021246878927,-0.001552996,3163.8757250391996,3164.3348463140123,-19.9,0.3902,119.4,0.38645476319252314,long_nclose,46.142698725187266,0.014584232357803994,6.0
1711306260000.0,646249,1711306260000.0,0.06366902572710642,-0.00132668,3163.9380673849264,3164.352299634012,-17.0,0.3902,102.4,0.38645476319252314,long_nclose,39.57296775091437,0.012507503910663591,3.0
1711307580000.0,646271,1711307580000.0,0.1265690257271061,-0.00133926,3164.0632971506534,3164.784520374012,-17.0,0.3939,85.4,0.38645476319252314,long_nclose,33.00323677664148,0.010430649983001925,22.0
1711307880000.0,646276,1711307880000.0,0.10572236266617097,-0.0011186759999999999,3164.16790083732,3164.762081698012,-14.2,0.3939,71.2,0.38645476319252314,long_nclose,27.51557913930765,0.008695992122297404,5.0
1711309380000.0,646301,1711309380000.0,0.0878537943282266,-0.000929604,3164.254825027648,3164.726772094012,-11.8,0.3939,59.4,0.38645476319252314,long_nclose,22.955412933635873,0.007254603122375043,25.0
1711310520000.0,646320,1711310520000.0,0.07370784439402062,-0.0007799220000000001,3164.327752950042,3164.706192172012,-9.9,0.3939,49.5,0.38645476319252314,long_nclose,19.129510778029896,0.0060453632719290286,19.0
1711310940000.0,646327,1711310940000.0,0.06105094182131,-0.0006459959999999999,3164.388157895863,3164.695646176012,-8.2,0.3939,41.3,0.38645476319252314,long_nclose,15.960581719851204,0.005043812871068282,7.0
1711311000000.0,646328,1711311000000.0,0.05062761029084244,-0.000535704,3164.438249802154,3164.736510472012,-6.8,0.3939,34.5,0.38645476319252314,long_nclose,13.332689330142049,0.004213287881656604,1.0
1711311780000.0,646341,1711311780000.0,0.07690213397159038,-0.0005486880000000001,3164.5146032481257,3164.847051784012,-6.9,0.3976,27.6,0.38645476319252314,long_nclose,10.66615146411364,0.003370548978717201,13.0
1711312860000.0,646359,1711312860000.0,0.10243213397159025,-0.000553794,3164.616481588097,3164.9092879900118,-6.9,0.4013,20.7,0.38645476319252314,long_nclose,7.9996135980852285,0.002527830353101994,18.0
1711318200000.0,646448,1711318200000.0,0.07571070771813192,-0.000409326,3164.691782969815,3164.9171286640117,-5.1,0.4013,15.6,0.38645476319252314,long_nclose,6.028694305803361,0.0019049862417078432,89.0
1711319340000.0,646467,1711319340000.0,0.0578964235491597,-0.000313014,3164.7493663793643,3164.923055650012,-3.9,0.4013,11.7,0.38645476319252314,long_nclose,4.52152072935252,0.0014287136850035529,19.0
1711319400000.0,646468,1711319400000.0,0.04305118674168285,-0.000232754,3164.792184812106,3164.9237028960115,-2.9,0.4013,8.8,0.38645476319252314,long_nclose,3.400801916094204,0.001074573532004633,1.0
1711319760000.0,646474,1711319760000.0,0.032659520976449065,-0.00017657200000000003,3164.8246677610823,3164.9226463240116,-2.2,0.4013,6.6,0.38645476319252314,long_nclose,2.5506014370706525,0.0008059218771430536,6.0
1711319820000.0,646475,1711319820000.0,0.023752378891962956,-0.000128416,3164.8482917239744,3164.926017908012,-1.6,0.4013,5.0,0.38645476319252314,long_nclose,1.9322738159626156,0.000610542319205467,1.0
1711320840000.0,646492,1711320840000.0,0.017814284168972214,-9.631200000000001e-05,3164.8660096961435,3164.9216615960117,-1.2,0.4013,3.8,0.38645476319252314,long_nclose,1.468528100131588,0.0004640095649017951,17.0
1711320900000.0,646493,1711320900000.0,0.013360713126729163,-7.2234e-05,3164.87929817527,3164.9229293620115,-0.9,0.4013,2.9,0.38645476319252314,long_nclose,1.120718813258317,0.00035411107586455953,1.0
1711321140000.0,646497,1711321140000.0,0.010391665765233793,-5.6182e-05,3164.889633659035,3164.9222931800114,-0.7,0.4013,2.2,0.38645476319252314,long_nclose,0.850200479023551,0.0002686351113105343,4.0
1711321200000.0,646498,1711321200000.0,0.0074226184037384235,-4.0130000000000004e-05,3164.897016147439,3164.9232730500116,-0.5,0.4013,1.7,0.38645476319252314,long_nclose,0.6569730974272894,0.00020758119271350212,1.0
1711321380000.0,646501,1711321380000.0,0.005938094722990739,-3.2104e-05,3164.902922138162,3164.921960946012,-0.4,0.4013,1.3,0.38645476319252314,long_nclose,0.50239119215028,0.00015873826291356574,3.0
1711321440000.0,646502,1711321440000.0,0.004453571042243054,-2.4078000000000002e-05,3164.907351631204,3164.9224968680114,-0.3,0.4013,1.0,0.38645476319252314,long_nclose,0.38645476319252314,0.0001221061851915959,1.0
1711321560000.0,646504,1711321560000.0,0.0029690473614953695,-1.6052e-05,3164.910304626566,3164.922020816012,-0.2,0.4013,0.8,0.38645476319252314,long_nclose,0.30916381055401854,9.768485700908273e-05,2.0
1711325160000.0,646564,1711325160000.0,0.0011145236807476866,-7.952000000000001e-06,3164.9114111982467,3164.919142864012,-0.1,0.3976,0.7,0.38645476319252314,long_nclose,0.2705183342347662,8.547421999794521e-05,60.0
1711325280000.0,646566,1711325280000.0,0.0011145236807476866,-7.952000000000001e-06,3164.9125177699275,3164.919264912012,-0.1,0.3976,0.6,0.38645476319252314,long_nclose,0.23187285791551387,7.326359152539767e-05,2.0
1711325520000.0,646570,1711325520000.0,0.0011145236807476866,-7.952000000000001e-06,3164.9136243416083,3164.919146960012,-0.1,0.3976,0.5,0.38645476319252314,long_nclose,0.19322738159626157,6.105297159143114e-05,4.0
1711325580000.0,646571,1711325580000.0,0.0011145236807476866,-7.952000000000001e-06,3164.914730913289,3164.919389008012,-0.1,0.3976,0.4,0.38645476319252314,long_nclose,0.15458190527700927,4.884236019603665e-05,1.0
1711326120000.0,646580,1711326120000.0,0.0011145236807476866,-7.952000000000001e-06,3164.91583748497,3164.919241056012,-0.1,0.3976,0.3,0.38645476319252314,long_nclose,0.11593642895775694,3.663175733920524e-05,9.0
1711327080000.0,646596,1711327080000.0,0.0011145236807476866,-7.952000000000001e-06,3164.9169440566507,3164.919253104012,-0.1,0.3976,0.2,0.38645476319252314,long_nclose,0.07729095263850463,2.442116302092797e-05,16.0
1711327320000.0,646600,1711327320000.0,0.0011145236807476866,-7.952000000000001e-06,3164.9180506283315,3164.9192151520124,-0.1,0.3976,0.1,0.38645476319252314,long_nclose,0.03864547631925232,1.2210577241195874e-05,4.0
1711327560000.0,646604,1711327560000.0,0.0014845236807476847,-8.026e-06,3164.919527126012,3164.919527126012,-0.1,0.4013,0.0,0.38645476319252314,long_nclose,0.0,0.0,4.0
1711352520000.0,647020,1711352520000.0,0.0,-0.031648805999999995,3164.887878320012,3164.848188320012,396.9,0.3987,396.9,0.3987,long_ientry_normal,158.24402999999998,0.04999988501456778,416.0
1711356000000.0,647078,1711356000000.0,0.21546000000000146,-0.004564350000000001,3165.098773970012,3166.391533970012,-56.7,0.4025,340.2,0.3987,long_nclose,135.63774,0.0428541886640297,58.0
1711360440000.0,647152,1711360440000.0,0.18468000000000126,-0.0039123000000000005,3165.279541670012,3166.416781670012,-48.6,0.4025,291.6,0.3987,long_nclose,116.26092000000001,0.03673006395468641,74.0
1711360560000.0,647154,1711360560000.0,0.15808000000000108,-0.0033488000000000007,3165.434272870012,3166.434272870012,-41.6,0.4025,250.0,0.3987,long_nclose,99.675,0.03148857041647793,2.0
1711364100000.0,647213,1711364100000.0,0.13566000000000092,-0.0028738500000000007,3165.567059020012,3166.402829020012,-35.7,0.4025,214.3,0.3987,long_nclose,85.44141,0.026990870326547664,59.0
1711364280000.0,647216,1711364280000.0,0.11628000000000079,-0.0024633000000000003,3165.6808757200124,3166.4156757200126,-30.6,0.4025,183.7,0.3987,long_nclose,73.24118999999999,0.023135999134259476,3.0
1711365660000.0,647239,1711365660000.0,0.0,-0.016989952,3165.6638857680123,3165.7953857680122,212.8,0.3992,396.5,0.3989683480453972,long_ientry_partial,158.19095,0.04997086099733603,23.0
1711370760000.0,647324,1711370760000.0,0.2168715006305172,-0.004559696,3165.876197572643,3167.2125660720126,-56.6,0.4028,339.9,0.3989683480453972,long_nclose,135.6093415006305,0.04283469505364916,85.0
1711375080000.0,647396,1711375080000.0,0.1858351197982347,-0.00390716,3166.0581255324414,3167.2620889120126,-48.5,0.4028,291.4,0.3989683480453972,long_nclose,116.25937662042874,0.036720543973233974,72.0
1711375560000.0,647404,1711375560000.0,0.15939672131147553,-0.003351296,3166.214170957753,3167.121357616013,-41.6,0.4028,249.8,0.3989683480453972,long_nclose,99.66229334174022,0.031476800987089645,8.0
1711375620000.0,647405,1711375620000.0,0.13640680958385887,-0.002867936,3166.3477098313374,3167.511169680013,-35.6,0.4028,214.2,0.3989683480453972,long_nclose,85.45902015132408,0.026989777492212392,1.0
1711375800000.0,647408,1711375800000.0,0.2724499747793201,-0.0029031240000000004,3166.6172566821165,3168.0152065560133,-35.7,0.4066,178.5,0.3989683480453972,long_nclose,71.2158501261034,0.022489566737446877,3.0
1711376340000.0,647417,1711376340000.0,0.4116799747793186,-0.00293097,3167.026005686896,3168.6727255860133,-35.7,0.4105,142.8,0.3989683480453972,long_nclose,56.97268010088273,0.01798933131542945,9.0
1711376400000.0,647418,1711376400000.0,0.3286520807061787,-0.00233985,3167.352317917602,3168.7618257360127,-28.5,0.4105,114.3,0.3989683480453972,long_nclose,45.6020821815889,0.014397540154790962,1.0
1711376700000.0,647423,1711376700000.0,0.262921664564943,-0.0018718799999999998,3167.6133677021667,3168.7142638560126,-22.8,0.4105,91.5,0.3989683480453972,long_nclose,36.505603846153846,0.011524640039208936,5.0
1711376940000.0,647427,1711376940000.0,0.21102923076923055,-0.0015024300000000001,3167.822894502936,3168.630411426013,-18.3,0.4105,73.2,0.3989683480453972,long_nclose,29.204483076923076,0.009219102219256346,4.0
1711377180000.0,647431,1711377180000.0,0.16836211853720032,-0.00119866,3167.990057961473,3168.618932766013,-14.6,0.4105,58.6,0.3989683480453972,long_nclose,23.379545195460278,0.007379930103222756,4.0
1711377900000.0,647443,1711377900000.0,0.1349203278688523,-0.0009605699999999999,3168.1240177193417,3168.6976821960125,-11.7,0.4105,46.9,0.3989683480453972,long_nclose,18.71161552332913,0.005906213083413062,12.0
1711378140000.0,647447,1711378140000.0,0.1072443631778057,-0.00076353,3168.2304985525197,3168.7016886660126,-9.3,0.4105,37.6,0.3989683480453972,long_nclose,15.001209886506937,0.004734885890834203,4.0
1711379100000.0,647463,1711379100000.0,0.08648738965952071,-0.00061575,3168.316370192179,3168.6544429160126,-7.5,0.4105,30.1,0.3989683480453972,long_nclose,12.008947276166456,0.0037903245361314833,16.0
1711379220000.0,647465,1711379220000.0,0.06918991172761657,-0.0004926,3168.3850675039066,3168.6726203160124,-6.0,0.4105,24.1,0.3989683480453972,long_nclose,9.615137187894073,0.0030347123165395417,2.0
1711379400000.0,647468,1711379400000.0,0.055351929382093254,-0.00039407999999999994,3168.4400253532885,3168.6722362360124,-4.8,0.4105,19.3,0.3989683480453972,long_nclose,7.700089117276167,0.0024302461323747445,3.0
1711379700000.0,647473,1711379700000.0,0.04382027742749049,-0.00031198,3168.4835336507163,3168.6498742560125,-3.8,0.4105,15.5,0.3989683480453972,long_nclose,6.184009394703657,0.0019517252745758983,5.0
1711379940000.0,647477,1711379940000.0,0.03574812105926856,-0.00025451,3168.5190272617756,3168.6644997460126,-3.1,0.4105,12.4,0.3989683480453972,long_nclose,4.947207515762925,0.0015613627291480357,4.0
1711380840000.0,647492,1711380840000.0,0.047528121059268645,-0.000256866,3168.5662985168346,3168.7023728800123,-3.1,0.4143,9.3,0.3989683480453972,long_nclose,3.7104056368221943,0.0011710045765995136,15.0
1711380960000.0,647494,1711380960000.0,0.03526279949558641,-0.00019057799999999998,3168.6013707383304,3168.707292302013,-2.3,0.4143,7.0,0.3989683480453972,long_nclose,2.7927784363177803,0.0008813915382694612,2.0
1711381080000.0,647496,1711381080000.0,0.026063808322824737,-0.000140862,3168.627293684653,3168.7085514400123,-1.7,0.4143,5.3,0.3989683480453972,long_nclose,2.114532244640605,0.0006673338479584045,2.0
1711381140000.0,647497,1711381140000.0,0.019931147540983626,-0.000107718,3168.647117114194,3168.706043722012,-1.3,0.4143,4.0,0.3989683480453972,long_nclose,1.5958733921815889,0.0005036450362560444,1.0
1711381440000.0,647502,1711381440000.0,0.015331651954602787,-8.286e-05,3168.6623659061484,3168.708960862012,-1.0,0.4143,3.0,0.3989683480453972,long_nclose,1.1969050441361917,0.00037773195939539946,5.0
1711381740000.0,647507,1711381740000.0,0.01073215636822195,-5.8002e-05,3168.6730400605165,3168.708762860012,-0.7,0.4143,2.3,0.3989683480453972,long_nclose,0.9176272005044135,0.00028959352666026037,5.0
1711384740000.0,647557,1711384740000.0,0.013392156368221969,-5.8534e-05,3168.686373682885,3168.717144326012,-0.7,0.4181,1.6,0.3989683480453972,long_nclose,0.6383493568726356,0.00020145551865730974,50.0
1711385160000.0,647564,1711385160000.0,0.009565825977301406,-4.181000000000001e-05,3168.6958976988626,3168.7170525160127,-0.5,0.4181,1.1,0.3989683480453972,long_nclose,0.438865182849937,0.00013850025279126503,7.0
1711385340000.0,647567,1711385340000.0,0.005739495586380844,-2.5086000000000003e-05,3168.7016121084494,3168.718197430013,-0.3,0.4181,0.8,0.3989683480453972,long_nclose,0.3191746784363178,0.00010072727492442542,3.0
1711387080000.0,647596,1711387080000.0,0.009212660781841108,-3.376e-05,3168.7107910092313,3168.7200036700133,-0.4,0.422,0.4,0.3989683480453972,long_nclose,0.1595873392181589,5.0363491572334527e-05,29.0
1711387140000.0,647597,1711387140000.0,0.004606330390920554,-1.688e-05,3168.715380459622,3168.7199667900127,-0.2,0.422,0.2,0.3989683480453972,long_nclose,0.07979366960907945,2.5181709313856198e-05,1.0
1711387380000.0,647601,1711387380000.0,0.002303165195460277,-8.44e-06,3168.7176751848174,3168.719988350013,-0.1,0.422,0.1,0.3989683480453972,long_nclose,0.039896834804539726,1.2590845538870141e-05,4.0
1711388400000.0,647618,1711388400000.0,0.002303165195460277,-8.44e-06,3168.719969910013,3168.719969910013,-0.1,0.422,0.0,0.3989683480453972,long_nclose,0.0,0.0,17.0
1711409760000.0,647974,1711409760000.0,0.0,-0.031688756000000005,3168.6882811540127,3168.878581154013,380.6,0.4163,380.6,0.4163,long_ientry_normal,158.44378,0.05000295577900644,356.0
1711417680000.0,648106,1711417680000.0,0.21720000000000017,-0.004564458,3168.9009166960127,3170.173486696013,-54.3,0.4203,326.3,0.4163,long_nclose,135.83869,0.04286618407167787,132.0
1711417800000.0,648108,1711417800000.0,0.18640000000000018,-0.003917196,3169.0833995000125,3170.2581395000125,-46.6,0.4203,279.7,0.4163,long_nclose,116.43911,0.036742204392087204,2.0
1711418760000.0,648124,1711418760000.0,0.15960000000000013,-0.0033539940000000003,3169.2396455060125,3170.2947655060125,-39.9,0.4203,239.8,0.4163,long_nclose,99.82874000000001,0.03149927148663476,16.0
1711419480000.0,648136,1711419480000.0,0.13680000000000014,-0.0028748520000000002,3169.373570654013,3170.195970654013,-34.2,0.4203,205.6,0.4163,long_nclose,85.59128,0.027005740437955977,12.0
1711419540000.0,648137,1711419540000.0,0.11720000000000011,-0.0024629580000000003,3169.488307696013,3170.246397696013,-29.3,0.4203,176.3,0.4163,long_nclose,73.39369,0.02315632142317378,1.0
1711421520000.0,648170,1711421520000.0,0.23440000000000022,-0.0024863980000000003,3169.720221298013,3170.8962212980127,-29.3,0.4243,147.0,0.4163,long_nclose,61.1961,0.019306467362264535,33.0
1711421580000.0,648171,1711421580000.0,0.19600000000000017,-0.00207907,3169.9141422280127,3170.9676422280127,-24.5,0.4243,122.5,0.4163,long_nclose,50.99675,0.0160877385669999,1.0
1711422360000.0,648184,1711422360000.0,0.16320000000000012,-0.0017311439999999998,3170.0756110840125,3170.8924110840126,-20.4,0.4243,102.1,0.4163,long_nclose,42.50423,0.013407954640383359,13.0
1711422420000.0,648185,1711422420000.0,0.13600000000000012,-0.0014426200000000001,3170.2101684640124,3170.9164984640124,-17.0,0.4243,85.1,0.4163,long_nclose,35.42713,0.011175009894427495,1.0
1711422960000.0,648194,1711422960000.0,0.1128000000000001,-0.001196526,3170.3217719380123,3170.9465719380123,-14.1,0.4243,71.0,0.4163,long_nclose,29.5573,0.00932312305382544,9.0
1711423680000.0,648206,1711423680000.0,0.0944000000000001,-0.0010013480000000002,3170.415170590012,3170.894690590012,-11.8,0.4243,59.2,0.4163,long_nclose,24.64496,0.007773417257340966,12.0
1711423920000.0,648210,1711423920000.0,0.07840000000000008,-0.0008316280000000002,3170.492738962012,3170.878058962012,-9.8,0.4243,49.4,0.4163,long_nclose,20.56522,0.006486442863367935,4.0
1711423980000.0,648211,1711423980000.0,0.06560000000000005,-0.000695852,3170.557643110012,3170.887243110012,-8.2,0.4243,41.2,0.4163,long_nclose,17.15156,0.005409635127521595,1.0
1711424400000.0,648218,1711424400000.0,0.054400000000000046,-0.000577048,3170.611466062012,3170.896986062012,-6.8,0.4243,34.4,0.4163,long_nclose,14.32072,0.004516706052850662,7.0
1711424760000.0,648224,1711424760000.0,0.04560000000000004,-0.000483702,3170.6565823600117,3170.8833123600116,-5.7,0.4243,28.7,0.4163,long_nclose,11.94781,0.003768244743524667,6.0
1711430400000.0,648318,1711430400000.0,0.037600000000000036,-0.000398842,3170.693783518012,3170.888183518012,-4.7,0.4243,24.0,0.4163,long_nclose,9.9912,0.003151108458324336,94.0
1711430700000.0,648323,1711430700000.0,0.03200000000000003,-0.00033944000000000004,3170.725444078012,3170.8914440780122,-4.0,0.4243,20.0,0.4163,long_nclose,8.326,0.0026258974947044166,5.0
1711431060000.0,648329,1711431060000.0,0.02640000000000002,-0.00028003800000000003,3170.7515640400125,3170.8935140400126,-3.3,0.4243,16.7,0.4163,long_nclose,6.95221,0.002192606345715034,6.0
1711436100000.0,648413,1711436100000.0,0.021600000000000022,-0.000229122,3170.7729349180127,3170.8947349180125,-2.7,0.4243,14.0,0.4163,long_nclose,5.8282,0.0018381007153862,84.0
1711437900000.0,648443,1711437900000.0,0.033600000000000026,-0.00023984799999999997,3170.8062950700128,3170.9418150700126,-2.8,0.4283,11.2,0.4163,long_nclose,4.66256,0.001470465101336961,30.0
1711438080000.0,648446,1711438080000.0,0.026400000000000024,-0.00018845200000000003,3170.8325066180128,3170.946806618013,-2.2,0.4283,9.0,0.4163,long_nclose,3.7467,0.0011816139743048755,3.0
1711438260000.0,648449,1711438260000.0,0.02160000000000002,-0.000154188,3170.8539524300127,3170.946832430013,-1.8,0.4283,7.2,0.4163,long_nclose,2.99736,0.0009452847860441337,3.0
1711439580000.0,648471,1711439580000.0,0.009600000000000008,-0.000101832,3170.8634505980126,3170.909650598013,-1.2,0.4243,6.0,0.4163,long_nclose,2.4978,0.0007877349620744231,22.0
1711439880000.0,648476,1711439880000.0,0.0,-0.031205526,3170.8322450720125,3170.9351850720122,370.7,0.4209,376.7,0.4208267321475976,long_ientry_partial,158.52543,0.04999489652799331,5.0
1711446420000.0,648585,1711446420000.0,0.21914181045925007,-0.004571924,3171.0468149584717,3172.2974931480126,-53.8,0.4249,322.9,0.4208267321475976,long_nclose,135.88495181045926,0.04285176465054453,109.0
1711446480000.0,648586,1711446480000.0,0.18777764799575147,-0.0039175780000000006,3171.230675028468,3172.358155570013,-46.1,0.4249,276.8,0.4208267321475976,long_nclose,116.48483945845501,0.036731745935640374,1.0
1711446540000.0,648587,1711446540000.0,0.1608940801698955,-0.0033567100000000006,3171.3882123986377,3172.4259888600127,-39.5,0.4249,237.3,0.4208267321475976,long_nclose,99.8621835386249,0.03148847660725063,1.0
1711447320000.0,648600,1711447320000.0,0.13808378019644196,-0.002880822,3171.5234153568344,3172.331578038013,-33.9,0.4249,203.4,0.4208267321475976,long_nclose,85.59615731882135,0.02698897220949282,13.0
1711447740000.0,648607,1711447740000.0,0.11812476771967012,-0.00246442,3171.639075704554,3172.332013618013,-29.0,0.4249,174.4,0.4208267321475976,long_nclose,73.39218208654103,0.02314014310415744,7.0
1711447800000.0,648608,1711447800000.0,0.1014243695248202,-0.002116002,3171.738384072079,3172.437037616013,-24.9,0.4249,149.5,0.4208267321475976,long_nclose,62.91359645606584,0.019835682782668024,1.0
1711449900000.0,648643,1711449900000.0,0.0867606052561715,-0.0018100740000000003,3171.8233346033353,3172.383987542013,-21.3,0.4249,128.2,0.4208267321475976,long_nclose,53.949987061322005,0.017009139970927456,35.0
1711450800000.0,648658,1711450800000.0,0.07454080169896425,-0.0015551340000000001,3171.8963202710347,3172.3549624080138,-18.3,0.4249,109.9,0.4208267321475976,long_nclose,46.24885786302098,0.014580822698223967,15.0
1711451100000.0,648663,1711451100000.0,0.06395030528271796,-0.001334186,3171.9589363903174,3172.3708982220137,-15.7,0.4249,94.2,0.4208267321475976,long_nclose,39.64187816830369,0.012497601313028366,5.0
1711452960000.0,648694,1711452960000.0,0.0,-0.02378103,3171.9351553603174,3171.885687192014,282.1,0.4215,376.3,0.42133145938959266,long_ientry_partial,158.5470281683037,0.049984321999890786,31.0
1711463340000.0,648867,1711463340000.0,0.0,-0.03171987,3171.9034354903174,3167.2985373220135,387.3,0.4095,763.6,0.4153305109590148,long_rentry,317.1463781683037,0.09998613911752921,173.0
1711471440000.0,649002,1711471440000.0,0.0,-0.031716288,3171.8717192023173,3162.9583810340137,393.6,0.4029,1157.2,0.4111025044662147,long_rentry,475.72781816830366,0.1499833096301709,135.0
1711493880000.0,649376,1711493880000.0,0.660786011734712,-0.013723206000000002,3172.518782008052,3176.8806578280137,-165.3,0.4151,991.9,0.4111025044662147,long_nclose,407.77257418003836,0.12853275337331113,374.0
1711494060000.0,649379,1711494060000.0,0.5664451171373786,-0.011763934,3173.073463191189,3176.4721338940135,-141.7,0.4151,850.2,0.4111025044662147,long_nclose,349.5193492971758,0.11015167261386409,3.0
1711494120000.0,649380,1711494120000.0,0.48529595780153684,-0.010078628000000001,3173.5486805209907,3176.8993352660136,-121.4,0.4151,728.8,0.4111025044662147,long_nclose,299.61150525497726,0.09440898357538069,1.0
1711499580000.0,649471,1711499580000.0,0.9587559578015319,-0.01017332,3174.4972631587925,3179.4764219460135,-121.4,0.419,607.4,0.4111025044662147,long_nclose,249.7036612127788,0.07865927752109966,91.0
1711500480000.0,649486,1711500480000.0,0.7992265480190693,-0.00848056,3175.2880091468114,3179.4375813860133,-101.2,0.419,506.2,0.4111025044662147,long_nclose,208.1000877607979,0.06553738973010945,15.0
1711501260000.0,649499,1711501260000.0,1.193906548019071,-0.008559496,3176.4733561988305,3181.1298418900137,-101.2,0.4229,405.0,0.4111025044662147,long_nclose,166.49651430881696,0.0524155236447685,13.0
1711501320000.0,649500,1711501320000.0,0.9555971382366081,-0.0068509800000000004,3177.422102357067,3181.1472909100135,-81.0,0.4229,324.0,0.4111025044662147,long_nclose,133.19721144705358,0.041919898318906246,1.0
1711501440000.0,649502,1711501440000.0,0.7644777105892864,-0.005480784,3178.1810992836563,3181.3945301260133,-64.8,0.4229,259.2,0.4111025044662147,long_nclose,106.55776915764285,0.03352790977885444,2.0
1711502520000.0,649520,1711502520000.0,1.0236777105892867,-0.005532624,3179.1992443702457,3182.1536375020137,-64.8,0.4269,194.4,0.4111025044662147,long_nclose,79.91832686823214,0.025137879297672906,18.0
1711502580000.0,649521,1711502580000.0,0.767758282941965,-0.004149468000000001,3179.9628531851877,3182.2223880340134,-48.6,0.4269,145.8,0.4111025044662147,long_nclose,59.93874515117411,0.01884888217833642,1.0
1711502640000.0,649522,1711502640000.0,0.5750288374297845,-0.003107832,3180.5347741906176,3182.2520802020135,-36.4,0.4269,109.4,0.4111025044662147,long_nclose,44.97461398860389,0.014140582380536629,1.0
1711504500000.0,649553,1711504500000.0,0.25718540263651923,-0.001843844,3180.790115749254,3181.8848963580135,-21.8,0.4229,87.6,0.4111025044662147,long_nclose,36.01257939124041,0.011321897415654359,31.0
1711509300000.0,649633,1711509300000.0,0.11530343479326495,-0.00122348,3180.9041957040467,3181.575612878013,-14.6,0.419,73.0,0.4111025044662147,long_nclose,30.010482826033673,0.009434576139251277,80.0
1711509660000.0,649639,1711509660000.0,0.09555969595880177,-0.00101398,3180.9987414200054,3181.4857888980127,-12.1,0.419,60.9,0.4111025044662147,long_nclose,25.036142521992474,0.007870528898988587,6.0
1711510920000.0,649660,1711510920000.0,0.07976470489123123,-0.00084638,3181.0776597448967,3181.443292518013,-10.1,0.419,50.8,0.4111025044662147,long_nclose,20.884007226883707,0.006565073054066363,21.0
1711511100000.0,649663,1711511100000.0,0.06633896248379627,-0.00070392,3181.1432947873805,3181.490868598013,-8.4,0.419,42.4,0.4111025044662147,long_nclose,17.430746189367504,0.005479396736993745,3.0
1711511280000.0,649666,1711511280000.0,0.05528246873649689,-0.0005866,3181.197990656117,3181.5058819980127,-7.0,0.419,35.4,0.4111025044662147,long_nclose,14.553028658104001,0.004574700694785257,3.0
1711511520000.0,649670,1711511520000.0,0.0465952236493331,-0.0004944200000000001,3181.2440914597664,3181.471167578013,-5.9,0.419,29.5,0.4111025044662147,long_nclose,12.127523881753334,0.003812195333992249,4.0
1711511580000.0,649671,1711511580000.0,0.03869772811554783,-0.00041062000000000005,3181.282378567882,3181.479116958013,-4.9,0.419,24.6,0.4111025044662147,long_nclose,10.113121609868882,0.0031789449682305495,1.0
1711511820000.0,649675,1711511820000.0,0.032379731688519604,-0.00034357999999999996,3181.314414719571,3181.4742633780133,-4.1,0.419,20.5,0.4111025044662147,long_nclose,8.427601341557402,0.002649094129949518,4.0
1711511880000.0,649676,1711511880000.0,0.02685148481486992,-0.00028492,3181.3409812843856,3181.4743184580134,-3.4,0.419,17.1,0.4111025044662147,long_nclose,7.029852826372272,0.002209713723781393,1.0
1711512120000.0,649680,1711512120000.0,0.022112987494598755,-0.00023463999999999996,3181.36285963188,3181.467213818013,-2.8,0.419,14.3,0.4111025044662147,long_nclose,5.87876581386687,0.0018478765463890248,4.0
1711512360000.0,649684,1711512360000.0,0.01816423972770612,-0.00019273999999999997,3181.380831131608,3181.4804010780135,-2.3,0.419,12.0,0.4111025044662147,long_nclose,4.933230053594577,0.0015506568736820612,4.0
1711513560000.0,649704,1711513560000.0,0.0,-0.030813599999999997,3181.350017531608,3181.4135874780136,370.0,0.4164,382.0,0.41623358652773446,long_ientry_partial,159.00123005359455,0.049979168962037926,20.0
1711525920000.0,649910,1711525920000.0,0.0,-0.031809880000000006,3181.318207651608,3176.9910175980135,393.2,0.4045,775.2,0.4102820305128929,long_rentry,318.0506300535946,0.0999744789089721,206.0
1711530300000.0,649983,1711530300000.0,0.0,-0.03181612,3181.2863915316084,3172.470301478014,399.7,0.398,1174.9,0.4061036939770147,long_rentry,477.1312300535946,0.14998059631590827,73.0
1711545180000.0,650231,1711545180000.0,0.6538001506569328,-0.0137596,3181.9264320822654,3186.152531878014,-167.8,0.41,1007.1,0.4061036939770147,long_nclose,408.9870302042515,0.12853440798648783,248.0
1711545300000.0,650233,1711545300000.0,0.5602888061052856,-0.011791600000000001,3182.4749292883707,3186.615580278014,-143.8,0.41,863.3,0.4061036939770147,long_nclose,350.58931901035675,0.11016247631171491,2.0
1711548120000.0,650280,1711548120000.0,0.0,-0.033677776,3182.441251512371,3171.561292502014,427.6,0.3938,1290.9,0.40202819661504124,long_rentry,518.9781990103568,0.16307550021975303,47.0
1711548660000.0,650289,1711548660000.0,0.0,-0.04973754,3182.391513972371,3164.608314962014,639.3,0.389,1930.2,0.39771313802215147,long_rentry,767.6658990103568,0.24122295941272473,9.0
1711616820000.0,651425,1711616820000.0,1.0440378472928464,-0.022138710000000002,3183.4134131096635,3191.333276252014,-275.7,0.4015,1654.5,0.39771313802215147,long_nclose,658.0163868576496,0.20670151861139438,1136.0
1711617000000.0,651428,1711617000000.0,0.8948354853656135,-0.018974890000000005,3184.289273705029,3189.8016213620135,-236.3,0.4015,1418.2,0.39771313802215147,long_nclose,564.0367723430153,0.17713113472468514,3.0
1711617180000.0,651431,1711617180000.0,0.7672182367121172,-0.01626878,3185.0402231617413,3190.008212582014,-202.6,0.4015,1215.6,0.39771313802215147,long_nclose,483.4600905797273,0.15179089013193175,3.0
1711617360000.0,651434,1711617360000.0,0.6573992393545091,-0.01394008,3185.683682321096,3189.1085925020143,-173.6,0.4015,1042.0,0.39771313802215147,long_nclose,414.4170898190818,0.13008733168295497,3.0
1711697460000.0,652769,1711697460000.0,0.0,-0.039770666,3185.643911655096,3172.241991836014,516.1,0.3853,1558.1,0.39360145036844996,long_rentry,613.2704198190819,0.19251066246775153,1335.0
1711698120000.0,652780,1711698120000.0,0.0,-0.058710936000000005,3185.585200719096,3165.481980900014,771.7,0.3804,2329.8,0.3892287320023529,long_rentry,906.8250998190819,0.2846651533961108,11.0
1711721220000.0,653165,1711721220000.0,1.2550779896169544,-0.026158080000000004,3186.8141206287128,3194.744742820014,-332.8,0.393,1997.0,0.3892287320023529,long_nclose,777.2897778086988,0.24390810018607256,385.0
1711721340000.0,653167,1711721340000.0,1.0755656329289525,-0.02241672,3187.8672695416417,3194.322926100014,-285.2,0.393,1711.8,0.3892287320023529,long_nclose,666.2817434416277,0.20900548457822934,2.0
1711721400000.0,653168,1711721400000.0,0.9220750254247156,-0.019217700000000004,3188.7701268670667,3193.863518400014,-244.5,0.393,1467.3,0.3892287320023529,long_nclose,571.1153184670524,0.17910206623397065,1.0
1711721520000.0,653170,1711721520000.0,0.7904577723068319,-0.01647456,3189.5441100793737,3194.2872338400143,-209.6,0.393,1257.7,0.3892287320023529,long_nclose,489.5329762393593,0.15348054748400297,2.0
1711721580000.0,653171,1711721580000.0,0.6773197323774189,-0.014116560000000002,3190.207313251751,3194.4887372800144,-179.6,0.393,1078.1,0.3892287320023529,long_nclose,419.62749597173666,0.13153612125100858,1.0
1711722540000.0,653187,1711722540000.0,0.5807752716376532,-0.012104400000000001,3190.7759841233888,3194.445832880014,-154.0,0.393,924.1,0.3892287320023529,long_nclose,359.68627124337434,0.11272689559940761,16.0
1711722660000.0,653189,1711722660000.0,0.497807375689417,-0.010375200000000001,3191.263416299078,3194.4090576800145,-132.0,0.393,792.1,0.3892287320023529,long_nclose,308.30807861906374,0.09661003759338987,2.0
1711723380000.0,653201,1711723380000.0,0.42653041053388685,-0.008889659999999999,3191.681057049612,3194.5812480200143,-113.1,0.393,679.0,0.3892287320023529,long_nclose,264.28630902959765,0.08280473653401439,12.0
1711723680000.0,653206,1711723680000.0,0.36581299577176857,-0.007624200000000001,3192.0392458453834,3194.466923820014,-97.0,0.393,582.0,0.3892287320023529,long_nclose,226.5311220253694,0.07096752407421439,5.0
1711724760000.0,653224,1711724760000.0,0.3133923706044739,-0.00653166,3192.346106555988,3194.3273721600144,-83.1,0.393,498.9,0.3892287320023529,long_nclose,194.18621439597385,0.060828684583160236,18.0
1711725000000.0,653228,1711725000000.0,0.2685142814324734,-0.005596320000000001,3192.6090245174205,3194.264765840014,-71.2,0.393,427.7,0.3892287320023529,long_nclose,166.47312867740635,0.05214328701040041,4.0
